      11.0000      11.0067
      11.0067      11.0134
      11.0134      11.0201
      11.0201      11.0268
      11.0268      11.0335
      11.0335      11.0402
      11.0402      11.0469
      11.0469      11.0536
      11.0536      11.0603
      11.0603      11.0670
      11.0670      11.0737
      11.0737      11.0804
      11.0804      11.0871
      11.0871      11.0938
      11.0938      11.1005
      11.1005      11.1072
      11.1072      11.1139
      11.1139      11.1206
      11.1206      11.1273
      11.1273      11.1340
      11.1340      11.1407
      11.1407      11.1474
      11.1474      11.1541
      11.1541      11.1608
      11.1608      11.1675
      11.1675      11.1742
      11.1742      11.1809
      11.1809      11.1876
      11.1876      11.1943
      11.1943      11.2010
      11.2010      11.2077
      11.2077      11.2144
      11.2144      11.2211
      11.2211      11.2278
      11.2278      11.2345
      11.2345      11.2412
      11.2412      11.2479
      11.2479      11.2546
      11.2546      11.2613
      11.2613      11.2680
      11.2680      11.2747
      11.2747      11.2814
      11.2814      11.2881
      11.2881      11.2948
      11.2948      11.3015
      11.3015      11.3082
      11.3082      11.3149
      11.3149      11.3216
      11.3216      11.3283
      11.3283      11.3350
      11.3350      11.3417
      11.3417      11.3484
      11.3484      11.3551
      12.0251      12.0318
      12.0318      12.0385
      12.0385      12.0452
      12.0452      12.0519
      12.0519      12.0586
      12.0586      12.0653
      12.0653      12.0720
      12.0720      12.0787
      12.0787      12.0854
      12.0854      12.0921
      12.0921      12.0988
      12.0988      12.1055
      12.1055      12.1122
      12.1122      12.1189
      12.1189      12.1256
      12.1256      12.1323
      12.1323      12.1390
      12.1390      12.1457
      12.1457      12.1524
      12.1524      12.1591
      12.1591      12.1658
      12.1658      12.1725
      12.1725      12.1792
      12.1792      12.1859
      12.1859      12.1926
      12.1926      12.1993
      12.1993      12.2060
      12.2060      12.2127
      12.2127      12.2194
      12.2194      12.2261
      12.2261      12.2328
      12.2328      12.2395
      12.2395      12.2462
      12.2462      12.2529
      12.2529      12.2596
      12.2596      12.2663
      12.2663      12.2730
      12.2730      12.2797
      12.2797      12.2864
      12.2864      12.2931
      12.2931      12.2998
      12.2998      12.3065
      12.3065      12.3132
      12.3132      12.3199
      12.3199      12.3266
      12.3266      12.3333
      12.3333      12.3400
      12.3400      12.3467
      12.3467      12.3534
      12.3534      12.3601
      12.3601      12.3668
      12.5812      12.5879
      12.5879      12.5946
      12.5946      12.6013
      12.6013      12.6080
      12.6080      12.6147
      12.6147      12.6214
      12.6214      12.6281
      12.6281      12.6348
      12.6348      12.6415
      12.6415      12.6482
      12.6482      12.6549
      12.6549      12.6616
      12.6616      12.6683
      12.6683      12.6750
      12.6750      12.6817
      12.6817      12.6884
      12.6884      12.6951
      12.6951      12.7018
      12.7018      12.7085
      12.7085      12.7152
      12.7152      12.7219
      12.7219      12.7286
      12.7286      12.7353
      12.7353      12.7420
      12.7420      12.7487
      12.7487      12.7554
      12.7554      12.7621
      12.7621      12.7688
      12.7688      12.7755
      12.7755      12.7822
      13.7269      13.7336
      13.7336      13.7403
      13.7403      13.7470
      13.7470      13.7537
      13.7537      13.7604
      13.7604      13.7671
      13.7671      13.7738
      13.7738      13.7805
      13.7805      13.7872
      13.7872      13.7939
      13.7939      13.8006
      13.8006      13.8073
      13.8073      13.8140
      13.8140      13.8207
      13.8207      13.8274
      13.8274      13.8341
      13.8341      13.8408
      13.8408      13.8475
      13.8475      13.8542
      13.8542      13.8609
      13.8609      13.8676
      13.8676      13.8743
      13.8743      13.8810
      13.8810      13.8877
      13.8877      13.8944
      13.8944      13.9011
      13.9011      13.9078
      13.9078      13.9145
      13.9145      13.9212
      13.9212      13.9279
      13.9279      13.9346
      13.9346      13.9413
      13.9413      13.9480
      13.9480      13.9547
      13.9547      13.9614
      13.9614      13.9681
      13.9681      13.9748
      13.9748      13.9815
      13.9815      13.9882
      13.9882      13.9949
      14.9195      14.9262
      14.9262      14.9329
      14.9329      14.9396
      14.9396      14.9463
      14.9463      14.9530
      14.9530      14.9597
      14.9597      14.9664
      14.9664      14.9731
      14.9731      14.9798
      14.9798      14.9865
      14.9865      14.9932
      14.9932      14.9999
      14.9999      15.0066
      15.0066      15.0133
      15.0133      15.0200
      15.0200      15.0267
      15.0267      15.0334
      15.0334      15.0401
      15.0401      15.0468
      15.0468      15.0535
      15.0535      15.0602
      15.0602      15.0669
      15.0669      15.0736
      15.0736      15.0803
      15.0803      15.0870
      15.0870      15.0937
      15.0937      15.1004
      15.1004      15.1071
      15.1071      15.1138
      15.1674      15.1741
      15.1741      15.1808
      15.1808      15.1875
      15.1875      15.1942
      15.1942      15.2009
      15.2009      15.2076
      15.2076      15.2143
      15.2143      15.2210
      15.2210      15.2277
      15.2277      15.2344
      15.2344      15.2411
      15.2411      15.2478
      15.2478      15.2545
      15.2545      15.2612
      15.2612      15.2679
      15.2679      15.2746
      15.2746      15.2813
      15.2813      15.2880
      15.2880      15.2947
      15.2947      15.3014
      15.3014      15.3081
      15.3081      15.3148
      15.3148      15.3215
      15.3215      15.3282
      15.3282      15.3349
      15.3349      15.3416
      15.3416      15.3483
      15.3483      15.3550
      15.3550      15.3617
      15.3617      15.3684
      15.3684      15.3751
      15.3751      15.3818
      15.3818      15.3885
      15.3885      15.3952
      15.3952      15.4019
      15.4019      15.4086
      15.4086      15.4153
      15.4153      15.4220
      15.4220      15.4287
      15.4287      15.4354
      15.4354      15.4421
      15.4421      15.4488
      15.4488      15.4555
      15.4555      15.4622
      15.4622      15.4689
      15.4689      15.4756
      15.4756      15.4823
      15.4823      15.4890
      15.4890      15.4957
      15.4957      15.5024
      15.5024      15.5091
      15.5091      15.5158
      15.5158      15.5225
      15.5225      15.5292
      15.5292      15.5359
      15.5359      15.5426
      15.5426      15.5493
      15.5493      15.5560
      15.9044      15.9111
      15.9111      15.9178
      15.9178      15.9245
      15.9245      15.9312
      15.9312      15.9379
      15.9379      15.9446
      15.9446      15.9513
      15.9513      15.9580
      15.9580      15.9647
      15.9647      15.9714
      15.9714      15.9781
      15.9781      15.9848
      15.9848      15.9915
      15.9915      15.9982
      15.9982      16.0049
      16.0049      16.0116
      16.0116      16.0183
      16.0183      16.0250
      16.0250      16.0317
      16.0317      16.0384
      16.0384      16.0451
      16.0451      16.0518
      16.0518      16.0585
      16.0585      16.0652
      16.0652      16.0719
      16.0719      16.0786
      16.0786      16.0853
      16.0853      16.0920
      16.0920      16.0987
      16.0987      16.1054
      16.2394      16.2461
      16.2461      16.2528
      16.2528      16.2595
      16.2595      16.2662
      16.2662      16.2729
      16.2729      16.2796
      16.2796      16.2863
      16.2863      16.2930
      16.2930      16.2997
      16.2997      16.3064
      16.3064      16.3131
      16.3131      16.3198
      16.3198      16.3265
      16.3265      16.3332
      16.3332      16.3399
      16.3399      16.3466
      16.3466      16.3533
      16.3533      16.3600
      16.3600      16.3667
      16.3667      16.3734
      16.3734      16.3801
      16.3801      16.3868
      16.3868      16.3935
      16.3935      16.4002
      16.4002      16.4069
      16.4069      16.4136
      16.4136      16.4203
      16.4203      16.4270
      16.4270      16.4337
      16.4337      16.4404
      16.6816      16.6883
      16.6883      16.6950
      16.6950      16.7017
      16.7017      16.7084
      16.7084      16.7151
      16.7151      16.7218
      16.7218      16.7285
      16.7285      16.7352
      16.7352      16.7419
      16.7419      16.7486
      16.7486      16.7553
      16.7553      16.7620
      16.7620      16.7687
      16.7687      16.7754
      16.7754      16.7821
      16.7821      16.7888
      16.7888      16.7955
      16.7955      16.8022
      16.8022      16.8089
      16.8089      16.8156
      16.8156      16.8223
      16.8223      16.8290
      16.8290      16.8357
      16.8357      16.8424
      16.8424      16.8491
      16.8491      16.8558
      16.8558      16.8625
      16.8625      16.8692
      16.8692      16.8759
      16.8759      16.8826
      16.9563      16.9630
      16.9630      16.9697
      16.9697      16.9764
      16.9764      16.9831
      16.9831      16.9898
      16.9898      16.9965
      16.9965      17.0032
      17.0032      17.0099
      17.0099      17.0166
      17.0166      17.0233
      17.0233      17.0300
      17.0300      17.0367
      17.0367      17.0434
      17.0434      17.0501
      17.0501      17.0568
      17.0568      17.0635
      17.0635      17.0702
      17.0702      17.0769
      17.0769      17.0836
      17.0836      17.0903
      17.0903      17.0970
      17.0970      17.1037
      17.1037      17.1104
      17.1104      17.1171
      17.1171      17.1238
      17.1238      17.1305
      17.1305      17.1372
      17.1372      17.1439
      17.1439      17.1506
      17.1506      17.1573
      17.1573      17.1640
      17.1640      17.1707
      17.1707      17.1774
      17.1774      17.1841
      17.1841      17.1908
      17.1908      17.1975
