# DO NOT EDIT: written Thu Mar 14 18:48:37 2019 by wrt_emiss_fe17.pro
# faked emissivities [1e-23 ergs cm^3/s] for Fe17 lines from Del Zanna 2011, A&A 536, A59
# emissivities include ion balance, but not abundance, and are spline and ion balance jittered off of emiss_Fe17_00000.txt
# line 6 -- SEED, LOGT
# lines 7+ -- WVL, EMISSIVITY
      538816	4.00	4.05	4.10	4.15	4.20	4.25	4.30	4.35	4.40	4.45	4.50	4.55	4.60	4.65	4.70	4.75	4.80	4.85	4.90	4.95	5.00	5.05	5.10	5.15	5.20	5.25	5.30	5.35	5.40	5.45	5.50	5.55	5.60	5.65	5.70	5.75	5.80	5.85	5.90	5.95	6.00	6.05	6.10	6.15	6.20	6.25	6.30	6.35	6.40	6.45	6.50	6.55	6.60	6.65	6.70	6.75	6.80	6.85	6.90	6.95	7.00	7.05	7.10	7.15	7.20	7.25	7.30	7.35	7.40	7.45	7.50	7.55	7.60	7.65	7.70	7.75	7.80	7.85	7.90	7.95	8.00
15.0130	0.0000000	0.0000000	0.0000000	0.0000000	0.0000000	0.0000000	0.0000000	0.0000000	0.0000000	0.0000000	0.0000000	0.0000000	0.0000000	0.0000000	0.0000000	0.0000000	0.0000000	0.0000000	0.0000000	0.0000000	0.0000000	0.0000000	0.0000000	0.0000000	0.0000000	0.0000000	0.0000000	0.0000000	0.0000000	0.0000000	0.0000000	0.0000000	0.0000000	0.0000000	0.0000000	0.0000000	0.0000000	0.0000000	0.0000000	0.0000000	2.0354044e-08	4.4561538e-06	0.00040211626	0.019918800	0.54120276	7.9071784	60.363282	247.17801	631.42446	1209.2533	1953.0856	2818.9070	3732.4774	4581.3801	5219.3475	5491.9074	5278.0147	4551.6641	3434.8269	2195.8408	1142.7012	467.36719	146.82746	35.524166	7.0844696	1.2742055	0.22195438	0.039045402	0.0070889365	0.0013366241	0.00026218032	5.2905227e-05	0.0000000	0.0000000	0.0000000	0.0000000	0.0000000	0.0000000	0.0000000	0.0000000	0.0000000
17.0510	0.0000000	0.0000000	0.0000000	0.0000000	0.0000000	0.0000000	0.0000000	0.0000000	0.0000000	0.0000000	0.0000000	0.0000000	0.0000000	0.0000000	0.0000000	0.0000000	0.0000000	0.0000000	0.0000000	0.0000000	0.0000000	0.0000000	0.0000000	0.0000000	0.0000000	0.0000000	0.0000000	0.0000000	0.0000000	0.0000000	0.0000000	0.0000000	0.0000000	0.0000000	0.0000000	0.0000000	0.0000000	0.0000000	0.0000000	0.0000000	4.6704723e-08	9.0104472e-06	0.00072781425	0.032666331	0.81109174	10.901193	76.974104	293.02448	699.31843	1257.2110	1914.6074	2615.6930	3289.2165	3845.3056	4182.9285	4212.4110	3883.2947	3218.7565	2338.3195	1440.9279	723.65112	284.36786	85.073415	19.653169	3.7534903	0.64850452	0.10883825	0.018499111	0.0032534866	0.00059562009	0.00011362940	2.2321912e-05	0.0000000	0.0000000	0.0000000	0.0000000	0.0000000	0.0000000	0.0000000	0.0000000	0.0000000
17.0960	0.0000000	0.0000000	0.0000000	0.0000000	0.0000000	0.0000000	0.0000000	0.0000000	0.0000000	0.0000000	0.0000000	0.0000000	0.0000000	0.0000000	0.0000000	0.0000000	0.0000000	0.0000000	0.0000000	0.0000000	0.0000000	0.0000000	0.0000000	0.0000000	0.0000000	0.0000000	0.0000000	0.0000000	0.0000000	0.0000000	0.0000000	0.0000000	0.0000000	0.0000000	0.0000000	0.0000000	0.0000000	0.0000000	0.0000000	0.0000000	4.5841277e-08	8.6668600e-06	0.00068482311	0.030072664	0.73182441	9.6504614	66.825527	248.89157	578.93166	1009.4939	1483.6690	1946.8916	2369.1686	2735.6598	2935.1508	2911.3095	2639.3817	2147.9819	1529.2376	921.46891	451.32762	172.44783	50.004194	11.162470	2.0548214	0.34153407	0.055077000	0.0089900129	0.0015182012	0.00026695865	4.8949328e-05	9.2513487e-06	0.0000000	0.0000000	0.0000000	0.0000000	0.0000000	0.0000000	0.0000000	0.0000000	0.0000000
16.7760	0.0000000	0.0000000	0.0000000	0.0000000	0.0000000	0.0000000	0.0000000	0.0000000	0.0000000	0.0000000	0.0000000	0.0000000	0.0000000	0.0000000	0.0000000	0.0000000	0.0000000	0.0000000	0.0000000	0.0000000	0.0000000	0.0000000	0.0000000	0.0000000	0.0000000	0.0000000	0.0000000	0.0000000	0.0000000	0.0000000	0.0000000	0.0000000	0.0000000	0.0000000	0.0000000	0.0000000	0.0000000	0.0000000	0.0000000	0.0000000	2.9800488e-08	5.6618700e-06	0.00044914094	0.019797751	0.48435138	6.4520703	45.928727	176.81195	427.83731	781.18617	1209.3333	1679.4659	2144.1226	2540.8053	2798.1640	2880.4569	2751.7695	2374.5209	1804.4562	1166.0618	611.72410	248.73576	76.210876	17.867020	3.4356128	0.59358321	0.099048777	0.016658023	0.0028873006	0.00051926604	9.7082551e-05	1.8661433e-05	0.0000000	0.0000000	0.0000000	0.0000000	0.0000000	0.0000000	0.0000000	0.0000000	0.0000000
15.2620	0.0000000	0.0000000	0.0000000	0.0000000	0.0000000	0.0000000	0.0000000	0.0000000	0.0000000	0.0000000	0.0000000	0.0000000	0.0000000	0.0000000	0.0000000	0.0000000	0.0000000	0.0000000	0.0000000	0.0000000	0.0000000	0.0000000	0.0000000	0.0000000	0.0000000	0.0000000	0.0000000	0.0000000	0.0000000	0.0000000	0.0000000	0.0000000	0.0000000	0.0000000	0.0000000	0.0000000	0.0000000	0.0000000	0.0000000	0.0000000	6.2723343e-09	1.3368287e-06	0.00011793116	0.0057315165	0.15319246	2.2049658	16.591938	67.005525	168.93708	319.66556	510.90636	731.17757	962.07849	1176.0877	1337.4382	1411.9714	1372.3783	1197.9316	915.53279	592.93677	312.59986	128.76783	40.305203	9.7167165	1.9310637	0.35118531	0.062108257	0.011136924	0.0020694413	0.00040092366	8.0985686e-05	1.6829185e-05	0.0000000	0.0000000	0.0000000	0.0000000	0.0000000	0.0000000	0.0000000	0.0000000	0.0000000
12.1240	0.0000000	0.0000000	0.0000000	0.0000000	0.0000000	0.0000000	0.0000000	0.0000000	0.0000000	0.0000000	0.0000000	0.0000000	0.0000000	0.0000000	0.0000000	0.0000000	0.0000000	0.0000000	0.0000000	0.0000000	0.0000000	0.0000000	0.0000000	0.0000000	0.0000000	0.0000000	0.0000000	0.0000000	0.0000000	0.0000000	0.0000000	0.0000000	0.0000000	0.0000000	0.0000000	0.0000000	0.0000000	0.0000000	0.0000000	0.0000000	3.8578654e-10	1.0801461e-07	1.2153100e-05	0.00073382388	0.023814500	0.40803364	3.5941474	16.753050	48.169096	102.80436	183.40125	290.03317	417.62730	553.50927	676.56037	759.54754	775.03262	706.51872	561.29365	376.27478	204.53109	86.551318	27.740795	6.8302889	1.3833270	0.25216973	0.044432635	0.0078915478	0.0014438529	0.00027385565	5.3927129e-05	1.0899165e-05	0.0000000	0.0000000	0.0000000	0.0000000	0.0000000	0.0000000	0.0000000	0.0000000	0.0000000
12.2640	0.0000000	0.0000000	0.0000000	0.0000000	0.0000000	0.0000000	0.0000000	0.0000000	0.0000000	0.0000000	0.0000000	0.0000000	0.0000000	0.0000000	0.0000000	0.0000000	0.0000000	0.0000000	0.0000000	0.0000000	0.0000000	0.0000000	0.0000000	0.0000000	0.0000000	0.0000000	0.0000000	0.0000000	0.0000000	0.0000000	0.0000000	0.0000000	0.0000000	0.0000000	0.0000000	0.0000000	0.0000000	0.0000000	0.0000000	0.0000000	3.9543523e-10	1.0747084e-07	1.1840957e-05	0.00070559518	0.022745616	0.38906399	3.4323871	16.043040	46.234069	98.794020	176.19168	278.03769	398.69316	525.02944	635.65066	703.81507	704.43854	626.69283	484.30127	315.53603	166.99068	69.023448	21.683255	5.2512387	1.0497112	0.18948054	0.033160050	0.0058661869	0.0010719469	0.00020358684	4.0242898e-05	8.1842682e-06	0.0000000	0.0000000	0.0000000	0.0000000	0.0000000	0.0000000	0.0000000	0.0000000	0.0000000
13.8250	0.0000000	0.0000000	0.0000000	0.0000000	0.0000000	0.0000000	0.0000000	0.0000000	0.0000000	0.0000000	0.0000000	0.0000000	0.0000000	0.0000000	0.0000000	0.0000000	0.0000000	0.0000000	0.0000000	0.0000000	0.0000000	0.0000000	0.0000000	0.0000000	0.0000000	0.0000000	0.0000000	0.0000000	0.0000000	0.0000000	0.0000000	0.0000000	0.0000000	0.0000000	0.0000000	0.0000000	0.0000000	0.0000000	0.0000000	0.0000000	7.0931224e-10	1.6684562e-07	1.6244620e-05	0.00087353086	0.025935464	0.41637773	3.5004928	15.749231	43.892865	90.912932	157.60149	242.64472	341.12499	443.17546	533.20968	591.07790	596.63878	538.28330	422.90053	279.96814	150.13061	62.644221	19.799987	4.8102863	0.96239484	0.17363215	0.030346915	0.0053592680	0.00097740884	0.00018524491	3.6537638e-05	7.4138969e-06	0.0000000	0.0000000	0.0000000	0.0000000	0.0000000	0.0000000	0.0000000	0.0000000	0.0000000
15.4530	0.0000000	0.0000000	0.0000000	0.0000000	0.0000000	0.0000000	0.0000000	0.0000000	0.0000000	0.0000000	0.0000000	0.0000000	0.0000000	0.0000000	0.0000000	0.0000000	0.0000000	0.0000000	0.0000000	0.0000000	0.0000000	0.0000000	0.0000000	0.0000000	0.0000000	0.0000000	0.0000000	0.0000000	0.0000000	0.0000000	0.0000000	0.0000000	0.0000000	0.0000000	0.0000000	0.0000000	0.0000000	0.0000000	0.0000000	0.0000000	1.9684619e-09	4.1685633e-07	3.6508534e-05	0.0017589809	0.046526513	0.66145088	4.9053895	19.474667	48.128765	88.976219	138.42991	192.07516	244.00368	286.69021	311.88109	312.61303	285.54344	233.52199	166.74693	100.64663	49.354268	18.882778	5.4851982	1.2274275	0.22665713	0.037818065	0.0061256699	0.0010048214	0.00017062018	3.0180357e-05	5.5688298e-06	1.0593858e-06	0.0000000	0.0000000	0.0000000	0.0000000	0.0000000	0.0000000	0.0000000	0.0000000	0.0000000
11.2500	0.0000000	0.0000000	0.0000000	0.0000000	0.0000000	0.0000000	0.0000000	0.0000000	0.0000000	0.0000000	0.0000000	0.0000000	0.0000000	0.0000000	0.0000000	0.0000000	0.0000000	0.0000000	0.0000000	0.0000000	0.0000000	0.0000000	0.0000000	0.0000000	0.0000000	0.0000000	0.0000000	0.0000000	0.0000000	0.0000000	0.0000000	0.0000000	0.0000000	0.0000000	0.0000000	0.0000000	0.0000000	0.0000000	0.0000000	0.0000000	6.7123029e-11	2.0543745e-08	2.5103136e-06	0.00016373639	0.0056901968	0.10358039	0.96226008	4.6978784	14.060786	31.076641	57.154177	92.817152	137.11043	186.43923	233.26986	267.48583	278.20359	257.99269	208.11564	141.42800	77.819907	33.294771	10.777931	2.6777827	0.54687003	0.10047730	0.017837352	0.0031911120	0.00058805410	0.00011234642	2.2288807e-05	4.5402143e-06	0.0000000	0.0000000	0.0000000	0.0000000	0.0000000	0.0000000	0.0000000	0.0000000	0.0000000
11.1290	0.0000000	0.0000000	0.0000000	0.0000000	0.0000000	0.0000000	0.0000000	0.0000000	0.0000000	0.0000000	0.0000000	0.0000000	0.0000000	0.0000000	0.0000000	0.0000000	0.0000000	0.0000000	0.0000000	0.0000000	0.0000000	0.0000000	0.0000000	0.0000000	0.0000000	0.0000000	0.0000000	0.0000000	0.0000000	0.0000000	0.0000000	0.0000000	0.0000000	0.0000000	0.0000000	0.0000000	0.0000000	0.0000000	0.0000000	0.0000000	5.3691670e-11	1.6861053e-08	2.1011296e-06	0.00013889981	0.0048824421	0.089695132	0.83899250	4.1151734	12.348184	27.311196	50.191479	81.358837	119.59491	161.29216	200.04999	227.34362	234.31984	215.33312	172.14069	115.94165	63.244757	26.835011	8.6192171	2.1260784	0.43138984	0.078808310	0.013919742	0.0024788326	0.00045485217	8.6545650e-05	1.7101608e-05	3.4695372e-06	0.0000000	0.0000000	0.0000000	0.0000000	0.0000000	0.0000000	0.0000000	0.0000000	0.0000000
16.3360	0.0000000	0.0000000	0.0000000	0.0000000	0.0000000	0.0000000	0.0000000	0.0000000	0.0000000	0.0000000	0.0000000	0.0000000	0.0000000	0.0000000	0.0000000	0.0000000	0.0000000	0.0000000	0.0000000	0.0000000	0.0000000	0.0000000	0.0000000	0.0000000	0.0000000	0.0000000	0.0000000	0.0000000	0.0000000	0.0000000	0.0000000	0.0000000	0.0000000	0.0000000	0.0000000	0.0000000	0.0000000	0.0000000	0.0000000	0.0000000	9.6545279e-10	1.8957074e-07	1.5501018e-05	0.00070210739	0.017599031	0.23910813	1.7077627	6.5742808	15.849089	28.718860	43.981540	60.305573	75.982244	88.885457	96.657053	97.218242	89.430599	73.896055	53.453265	32.760876	16.346684	6.3751620	1.8905278	0.43241307	0.081698368	0.013956408	0.0023156591	0.00038921404	6.7723860e-05	1.2273821e-05	2.3195335e-06	4.5167507e-07	0.0000000	0.0000000	0.0000000	0.0000000	0.0000000	0.0000000	0.0000000	0.0000000	0.0000000
13.8900	0.0000000	0.0000000	0.0000000	0.0000000	0.0000000	0.0000000	0.0000000	0.0000000	0.0000000	0.0000000	0.0000000	0.0000000	0.0000000	0.0000000	0.0000000	0.0000000	0.0000000	0.0000000	0.0000000	0.0000000	0.0000000	0.0000000	0.0000000	0.0000000	0.0000000	0.0000000	0.0000000	0.0000000	0.0000000	0.0000000	0.0000000	0.0000000	0.0000000	0.0000000	0.0000000	0.0000000	0.0000000	0.0000000	0.0000000	0.0000000	3.2795073e-10	7.4559823e-08	6.9122091e-06	0.00035268569	0.0099072920	0.15013618	1.1900463	5.0471777	13.258778	25.898303	42.361500	61.577526	81.819020	100.64644	114.96712	121.34849	116.97889	101.09476	76.296054	48.636185	25.168087	10.155161	3.1099553	0.73349262	0.14273332	0.025090179	0.0042797694	0.00073884076	0.00013192740	2.4473089e-05	4.6971699e-06	9.2772307e-07	0.0000000	0.0000000	0.0000000	0.0000000	0.0000000	0.0000000	0.0000000	0.0000000	0.0000000
16.0040	0.0000000	0.0000000	0.0000000	0.0000000	0.0000000	0.0000000	0.0000000	0.0000000	0.0000000	0.0000000	0.0000000	0.0000000	0.0000000	0.0000000	0.0000000	0.0000000	0.0000000	0.0000000	0.0000000	0.0000000	0.0000000	0.0000000	0.0000000	0.0000000	0.0000000	0.0000000	0.0000000	0.0000000	0.0000000	0.0000000	0.0000000	0.0000000	0.0000000	0.0000000	0.0000000	0.0000000	0.0000000	0.0000000	0.0000000	0.0000000	5.1576860e-10	1.0605955e-07	9.0700567e-06	0.00042837299	0.011146642	0.15648356	1.1507419	4.5499451	11.248888	20.885811	32.740717	45.894335	59.030503	70.395290	77.953417	79.793888	74.675411	62.759139	46.166291	28.765794	14.583343	5.7741287	1.7370558	0.40279751	0.077108641	0.013338415	0.0022396632	0.00038074361	6.6968544e-05	1.2260413e-05	2.3385977e-06	4.5914994e-07	0.0000000	0.0000000	0.0000000	0.0000000	0.0000000	0.0000000	0.0000000	0.0000000	0.0000000
10.7700	0.0000000	0.0000000	0.0000000	0.0000000	0.0000000	0.0000000	0.0000000	0.0000000	0.0000000	0.0000000	0.0000000	0.0000000	0.0000000	0.0000000	0.0000000	0.0000000	0.0000000	0.0000000	0.0000000	0.0000000	0.0000000	0.0000000	0.0000000	0.0000000	0.0000000	0.0000000	0.0000000	0.0000000	0.0000000	0.0000000	0.0000000	0.0000000	0.0000000	0.0000000	0.0000000	0.0000000	0.0000000	0.0000000	0.0000000	0.0000000	2.3252708e-11	7.5448514e-09	9.7001194e-07	6.6132321e-05	0.0023982001	0.045482379	0.43933614	2.2234775	6.8671768	15.578309	29.268649	48.369944	72.336234	99.108198	124.77760	143.81783	150.18347	139.67009	112.84986	76.716130	42.183149	18.021673	5.8226270	1.4435229	0.29416856	0.053945322	0.0095601388	0.0017073768	0.00031405468	5.9874977e-05	1.1850208e-05	2.4070549e-06	0.0000000	0.0000000	0.0000000	0.0000000	0.0000000	0.0000000	0.0000000	0.0000000	0.0000000
10.6570	0.0000000	0.0000000	0.0000000	0.0000000	0.0000000	0.0000000	0.0000000	0.0000000	0.0000000	0.0000000	0.0000000	0.0000000	0.0000000	0.0000000	0.0000000	0.0000000	0.0000000	0.0000000	0.0000000	0.0000000	0.0000000	0.0000000	0.0000000	0.0000000	0.0000000	0.0000000	0.0000000	0.0000000	0.0000000	0.0000000	0.0000000	0.0000000	0.0000000	0.0000000	0.0000000	0.0000000	0.0000000	0.0000000	0.0000000	0.0000000	1.3976869e-11	4.6099741e-09	6.0043394e-07	4.1341879e-05	0.0015099788	0.028771695	0.27859974	1.4110724	4.3582760	9.8874807	18.582281	30.729896	46.000218	63.089602	79.491378	91.661822	95.716529	88.968908	71.815900	48.759910	26.769528	11.414652	3.6794490	0.90974255	0.18483125	0.033788959	0.0059722477	0.0010648187	0.00019578845	3.7369273e-05	7.4162182e-06	1.5130278e-06	0.0000000	0.0000000	0.0000000	0.0000000	0.0000000	0.0000000	0.0000000	0.0000000	0.0000000
12.6800	0.0000000	0.0000000	0.0000000	0.0000000	0.0000000	0.0000000	0.0000000	0.0000000	0.0000000	0.0000000	0.0000000	0.0000000	0.0000000	0.0000000	0.0000000	0.0000000	0.0000000	0.0000000	0.0000000	0.0000000	0.0000000	0.0000000	0.0000000	0.0000000	0.0000000	0.0000000	0.0000000	0.0000000	0.0000000	0.0000000	0.0000000	0.0000000	0.0000000	0.0000000	0.0000000	0.0000000	0.0000000	0.0000000	0.0000000	0.0000000	8.7857551e-11	2.1528136e-08	2.1573726e-06	0.00011823654	0.0035470211	0.057015915	0.47482171	2.0877628	5.6259041	11.190318	18.536806	27.199550	36.464604	45.316463	52.305508	55.778439	54.298774	47.337723	35.999451	23.126580	12.065154	4.9095676	1.5167377	0.36093178	0.070842921	0.012549788	0.0021545877	0.00037378127	6.6951050e-05	1.2456917e-05	2.4105500e-06	4.7953735e-07	0.0000000	0.0000000	0.0000000	0.0000000	0.0000000	0.0000000	0.0000000	0.0000000	0.0000000
11.0230	0.0000000	0.0000000	0.0000000	0.0000000	0.0000000	0.0000000	0.0000000	0.0000000	0.0000000	0.0000000	0.0000000	0.0000000	0.0000000	0.0000000	0.0000000	0.0000000	0.0000000	0.0000000	0.0000000	0.0000000	0.0000000	0.0000000	0.0000000	0.0000000	0.0000000	0.0000000	0.0000000	0.0000000	0.0000000	0.0000000	0.0000000	0.0000000	0.0000000	0.0000000	0.0000000	0.0000000	0.0000000	0.0000000	0.0000000	0.0000000	1.0825920e-11	3.4723453e-09	4.4508285e-07	3.0404912e-05	0.0011050530	0.020921802	0.20096037	1.0087821	3.0890249	6.9611416	13.040516	21.571000	32.382449	44.613823	56.504292	65.486490	68.749463	64.303210	52.303688	35.849620	19.912228	8.6059628	2.8148298	0.70650051	0.14570138	0.027026243	0.0048439669	0.00087520980	0.00016313144	3.1593881e-05	6.3674053e-06	1.3197019e-06	0.0000000	0.0000000	0.0000000	0.0000000	0.0000000	0.0000000	0.0000000	0.0000000	0.0000000
10.1150	0.0000000	0.0000000	0.0000000	0.0000000	0.0000000	0.0000000	0.0000000	0.0000000	0.0000000	0.0000000	0.0000000	0.0000000	0.0000000	0.0000000	0.0000000	0.0000000	0.0000000	0.0000000	0.0000000	0.0000000	0.0000000	0.0000000	0.0000000	0.0000000	0.0000000	0.0000000	0.0000000	0.0000000	0.0000000	0.0000000	0.0000000	0.0000000	0.0000000	0.0000000	0.0000000	0.0000000	0.0000000	0.0000000	0.0000000	0.0000000	1.1689854e-12	4.1850783e-10	5.8786941e-08	4.3415798e-06	0.00016927937	0.0034293728	0.035183699	0.18817493	0.61141146	1.4524499	2.8450266	4.8841506	7.5661396	10.716268	13.929459	16.565761	17.835545	17.082671	14.194557	9.9065172	5.5821891	2.4413963	0.80722832	0.20483826	0.042746770	0.0080333824	0.0014599199	0.00026742657	5.0446239e-05	9.8592568e-06	1.9991691e-06	4.1574892e-07	0.0000000	0.0000000	0.0000000	0.0000000	0.0000000	0.0000000	0.0000000	0.0000000	0.0000000
