# DO NOT EDIT: written Thu Mar 14 18:48:37 2019 by wrt_emiss_fe17.pro
# faked emissivities [1e-23 ergs cm^3/s] for Fe17 lines from Del Zanna 2011, A&A 536, A59
# emissivities include ion balance, but not abundance, and are spline and ion balance jittered off of emiss_Fe17_00000.txt
# line 6 -- SEED, LOGT
# lines 7+ -- WVL, EMISSIVITY
      577857	4.00	4.05	4.10	4.15	4.20	4.25	4.30	4.35	4.40	4.45	4.50	4.55	4.60	4.65	4.70	4.75	4.80	4.85	4.90	4.95	5.00	5.05	5.10	5.15	5.20	5.25	5.30	5.35	5.40	5.45	5.50	5.55	5.60	5.65	5.70	5.75	5.80	5.85	5.90	5.95	6.00	6.05	6.10	6.15	6.20	6.25	6.30	6.35	6.40	6.45	6.50	6.55	6.60	6.65	6.70	6.75	6.80	6.85	6.90	6.95	7.00	7.05	7.10	7.15	7.20	7.25	7.30	7.35	7.40	7.45	7.50	7.55	7.60	7.65	7.70	7.75	7.80	7.85	7.90	7.95	8.00
15.0130	0.0000000	0.0000000	0.0000000	0.0000000	0.0000000	0.0000000	0.0000000	0.0000000	0.0000000	0.0000000	0.0000000	0.0000000	0.0000000	0.0000000	0.0000000	0.0000000	0.0000000	0.0000000	0.0000000	0.0000000	0.0000000	0.0000000	0.0000000	0.0000000	0.0000000	0.0000000	0.0000000	0.0000000	0.0000000	0.0000000	0.0000000	0.0000000	0.0000000	0.0000000	0.0000000	0.0000000	0.0000000	0.0000000	0.0000000	0.0000000	0.0000000	1.2987051e-06	0.00016290045	0.010390176	0.33937038	5.6352701	46.736248	202.15904	538.56059	1066.8387	1772.9748	2627.5696	3571.9769	4505.5037	5282.6632	5731.7822	5693.8544	5090.5921	3998.0080	2673.9201	1466.6575	635.19822	211.66282	54.691894	11.537361	2.1448367	0.37765422	0.066208013	0.011888578	0.0022112933	0.00042740242	8.5632981e-05	4.8503375e-06	0.0000000	0.0000000	0.0000000	0.0000000	0.0000000	0.0000000	0.0000000	0.0000000
17.0510	0.0000000	0.0000000	0.0000000	0.0000000	0.0000000	0.0000000	0.0000000	0.0000000	0.0000000	0.0000000	0.0000000	0.0000000	0.0000000	0.0000000	0.0000000	0.0000000	0.0000000	0.0000000	0.0000000	0.0000000	0.0000000	0.0000000	0.0000000	0.0000000	0.0000000	0.0000000	0.0000000	0.0000000	0.0000000	0.0000000	0.0000000	0.0000000	0.0000000	0.0000000	0.0000000	0.0000000	0.0000000	0.0000000	0.0000000	0.0000000	0.0000000	2.4840500e-06	0.00027927199	0.016115866	0.47934090	7.2839629	55.499620	221.35333	545.67741	1003.7860	1554.1991	2151.8996	2739.2414	3241.4495	3571.0883	3645.8905	3412.7163	2878.6718	2135.1342	1349.6957	700.28859	287.16306	90.709982	22.259655	4.4702115	0.79330617	0.13374155	0.022519474	0.0038961792	0.00070051196	0.00013126017	2.5558857e-05	1.4101011e-06	0.0000000	0.0000000	0.0000000	0.0000000	0.0000000	0.0000000	0.0000000	0.0000000
17.0960	0.0000000	0.0000000	0.0000000	0.0000000	0.0000000	0.0000000	0.0000000	0.0000000	0.0000000	0.0000000	0.0000000	0.0000000	0.0000000	0.0000000	0.0000000	0.0000000	0.0000000	0.0000000	0.0000000	0.0000000	0.0000000	0.0000000	0.0000000	0.0000000	0.0000000	0.0000000	0.0000000	0.0000000	0.0000000	0.0000000	0.0000000	0.0000000	0.0000000	0.0000000	0.0000000	0.0000000	0.0000000	0.0000000	0.0000000	0.0000000	0.0000000	2.9897561e-06	0.00032893524	0.018590793	0.54276732	8.1104007	60.811229	238.53277	577.46716	1041.0655	1576.3184	2130.2551	2642.1988	3041.8419	3256.3674	3227.2844	2929.8537	2395.0827	1720.2627	1052.0974	527.56939	208.82739	63.604348	15.037086	2.9079364	0.49694309	0.080719803	0.013108620	0.0021902372	0.00038089101	6.9156791e-05	1.3074836e-05	7.0192472e-07	0.0000000	0.0000000	0.0000000	0.0000000	0.0000000	0.0000000	0.0000000	0.0000000
16.7760	0.0000000	0.0000000	0.0000000	0.0000000	0.0000000	0.0000000	0.0000000	0.0000000	0.0000000	0.0000000	0.0000000	0.0000000	0.0000000	0.0000000	0.0000000	0.0000000	0.0000000	0.0000000	0.0000000	0.0000000	0.0000000	0.0000000	0.0000000	0.0000000	0.0000000	0.0000000	0.0000000	0.0000000	0.0000000	0.0000000	0.0000000	0.0000000	0.0000000	0.0000000	0.0000000	0.0000000	0.0000000	0.0000000	0.0000000	0.0000000	0.0000000	1.8072606e-06	0.00020383816	0.011779340	0.35110287	5.3557481	41.043614	164.95704	410.41592	762.59905	1192.8656	1667.5879	2139.7137	2547.5649	2820.1880	2890.4589	2714.3508	2374.0740	1846.1784	1223.9419	663.89697	282.84608	91.995823	22.997932	4.6610252	0.82834998	0.13896856	0.023168935	0.0039538976	0.00069936453	0.00012874769	2.4631334e-05	1.3372629e-06	0.0000000	0.0000000	0.0000000	0.0000000	0.0000000	0.0000000	0.0000000	0.0000000
15.2620	0.0000000	0.0000000	0.0000000	0.0000000	0.0000000	0.0000000	0.0000000	0.0000000	0.0000000	0.0000000	0.0000000	0.0000000	0.0000000	0.0000000	0.0000000	0.0000000	0.0000000	0.0000000	0.0000000	0.0000000	0.0000000	0.0000000	0.0000000	0.0000000	0.0000000	0.0000000	0.0000000	0.0000000	0.0000000	0.0000000	0.0000000	0.0000000	0.0000000	0.0000000	0.0000000	0.0000000	0.0000000	0.0000000	0.0000000	0.0000000	0.0000000	4.6209213e-07	5.7196932e-05	0.0036053308	0.11644794	1.9111941	15.646422	66.723695	175.06966	341.33435	558.20690	814.26602	1089.9211	1354.0605	1564.1415	1672.5022	1637.9319	1444.3397	1119.3999	739.24123	400.63345	171.56250	56.568595	14.475245	3.0268111	0.55834032	0.097661071	0.017029840	0.0030458170	0.00056513052	0.00010914018	2.1886912e-05	1.2430968e-06	0.0000000	0.0000000	0.0000000	0.0000000	0.0000000	0.0000000	0.0000000	0.0000000
12.1240	0.0000000	0.0000000	0.0000000	0.0000000	0.0000000	0.0000000	0.0000000	0.0000000	0.0000000	0.0000000	0.0000000	0.0000000	0.0000000	0.0000000	0.0000000	0.0000000	0.0000000	0.0000000	0.0000000	0.0000000	0.0000000	0.0000000	0.0000000	0.0000000	0.0000000	0.0000000	0.0000000	0.0000000	0.0000000	0.0000000	0.0000000	0.0000000	0.0000000	0.0000000	0.0000000	0.0000000	0.0000000	0.0000000	0.0000000	0.0000000	0.0000000	3.2807580e-08	6.0189927e-06	0.00054049807	0.020971502	0.40469303	3.8252394	18.549413	54.634602	118.19597	212.19198	336.38034	484.74457	642.73698	786.32365	884.55613	906.10462	831.52969	667.69653	454.99719	253.50481	111.22482	37.462820	9.7697866	2.0780324	0.38920851	0.068999826	0.012173813	0.0021993263	0.00030418702	5.9140854e-05	1.1916150e-05	6.7880192e-07	0.0000000	0.0000000	0.0000000	0.0000000	0.0000000	0.0000000	0.0000000	0.0000000
12.2640	0.0000000	0.0000000	0.0000000	0.0000000	0.0000000	0.0000000	0.0000000	0.0000000	0.0000000	0.0000000	0.0000000	0.0000000	0.0000000	0.0000000	0.0000000	0.0000000	0.0000000	0.0000000	0.0000000	0.0000000	0.0000000	0.0000000	0.0000000	0.0000000	0.0000000	0.0000000	0.0000000	0.0000000	0.0000000	0.0000000	0.0000000	0.0000000	0.0000000	0.0000000	0.0000000	0.0000000	0.0000000	0.0000000	0.0000000	0.0000000	0.0000000	4.2489474e-08	6.5768680e-06	0.00050561627	0.019484912	0.37431274	3.5268793	17.050053	50.025772	107.73671	192.46571	303.61212	435.59123	575.56180	702.29901	788.36765	806.00898	738.13880	591.26480	401.85315	223.32491	97.764587	32.247955	8.2116520	1.6997050	0.30851074	0.052790670	0.0089826494	0.0015705345	0.00028681040	5.5168382e-05	1.1206107e-05	6.5855884e-07	0.0000000	0.0000000	0.0000000	0.0000000	0.0000000	0.0000000	0.0000000	0.0000000
13.8250	0.0000000	0.0000000	0.0000000	0.0000000	0.0000000	0.0000000	0.0000000	0.0000000	0.0000000	0.0000000	0.0000000	0.0000000	0.0000000	0.0000000	0.0000000	0.0000000	0.0000000	0.0000000	0.0000000	0.0000000	0.0000000	0.0000000	0.0000000	0.0000000	0.0000000	0.0000000	0.0000000	0.0000000	0.0000000	0.0000000	0.0000000	0.0000000	0.0000000	0.0000000	0.0000000	0.0000000	0.0000000	0.0000000	0.0000000	0.0000000	0.0000000	5.8609827e-08	7.7967947e-06	0.00052750930	0.018295686	0.32276501	2.8407459	12.994878	36.383896	75.267495	129.96582	199.37455	279.91495	364.37151	441.00542	493.98119	506.41706	466.76609	377.28452	259.19939	145.80658	64.636541	21.996271	5.7928067	1.2441285	0.23539280	0.042181598	0.0075271909	0.0013760010	0.00026057607	5.1260739e-05	1.0444702e-05	6.0095662e-07	0.0000000	0.0000000	0.0000000	0.0000000	0.0000000	0.0000000	0.0000000	0.0000000
15.4530	0.0000000	0.0000000	0.0000000	0.0000000	0.0000000	0.0000000	0.0000000	0.0000000	0.0000000	0.0000000	0.0000000	0.0000000	0.0000000	0.0000000	0.0000000	0.0000000	0.0000000	0.0000000	0.0000000	0.0000000	0.0000000	0.0000000	0.0000000	0.0000000	0.0000000	0.0000000	0.0000000	0.0000000	0.0000000	0.0000000	0.0000000	0.0000000	0.0000000	0.0000000	0.0000000	0.0000000	0.0000000	0.0000000	0.0000000	0.0000000	0.0000000	1.5526220e-07	1.8730106e-05	0.0011477493	0.035952806	0.57103953	4.5149254	18.552436	46.779236	87.381529	136.44292	189.34320	240.24723	281.92170	306.53184	307.51032	281.70990	231.75915	167.17701	102.54105	51.535107	20.445451	6.2434839	1.4806440	0.28739186	0.049323891	0.0080499211	0.0013140514	0.00022078638	3.8621312e-05	7.0536835e-06	1.3410927e-06	7.2363134e-08	0.0000000	0.0000000	0.0000000	0.0000000	0.0000000	0.0000000	0.0000000	0.0000000
11.2500	0.0000000	0.0000000	0.0000000	0.0000000	0.0000000	0.0000000	0.0000000	0.0000000	0.0000000	0.0000000	0.0000000	0.0000000	0.0000000	0.0000000	0.0000000	0.0000000	0.0000000	0.0000000	0.0000000	0.0000000	0.0000000	0.0000000	0.0000000	0.0000000	0.0000000	0.0000000	0.0000000	0.0000000	0.0000000	0.0000000	0.0000000	0.0000000	0.0000000	0.0000000	0.0000000	0.0000000	0.0000000	0.0000000	0.0000000	0.0000000	0.0000000	6.9696388e-09	1.1944079e-06	0.00010038184	0.0041815402	0.085980230	0.85991129	4.3828946	13.731121	31.904882	61.540181	104.89674	162.78601	233.19581	308.67018	360.06860	375.18971	349.45843	284.21205	195.80956	110.13101	48.715027	16.524571	4.3360411	0.92739181	0.17458787	0.031096708	0.0055098230	0.00099920714	0.00018760803	3.6583027e-05	7.3895882e-06	4.2174786e-07	0.0000000	0.0000000	0.0000000	0.0000000	0.0000000	0.0000000	0.0000000	0.0000000
11.1290	0.0000000	0.0000000	0.0000000	0.0000000	0.0000000	0.0000000	0.0000000	0.0000000	0.0000000	0.0000000	0.0000000	0.0000000	0.0000000	0.0000000	0.0000000	0.0000000	0.0000000	0.0000000	0.0000000	0.0000000	0.0000000	0.0000000	0.0000000	0.0000000	0.0000000	0.0000000	0.0000000	0.0000000	0.0000000	0.0000000	0.0000000	0.0000000	0.0000000	0.0000000	0.0000000	0.0000000	0.0000000	0.0000000	0.0000000	0.0000000	0.0000000	6.3700566e-09	1.1033885e-06	9.3630588e-05	0.0039344601	0.081538718	0.82122862	4.2112427	13.025174	29.413951	54.835093	89.868249	133.38442	181.58034	227.39635	261.11497	271.85915	251.94610	203.71007	139.41027	77.823362	34.140366	11.477290	2.9831453	0.63175896	0.11773451	0.020755297	0.0036394163	0.00065316432	0.00012137517	2.3429313e-05	4.6865060e-06	2.6499282e-07	0.0000000	0.0000000	0.0000000	0.0000000	0.0000000	0.0000000	0.0000000	0.0000000
16.3360	0.0000000	0.0000000	0.0000000	0.0000000	0.0000000	0.0000000	0.0000000	0.0000000	0.0000000	0.0000000	0.0000000	0.0000000	0.0000000	0.0000000	0.0000000	0.0000000	0.0000000	0.0000000	0.0000000	0.0000000	0.0000000	0.0000000	0.0000000	0.0000000	0.0000000	0.0000000	0.0000000	0.0000000	0.0000000	0.0000000	0.0000000	0.0000000	0.0000000	0.0000000	0.0000000	0.0000000	0.0000000	0.0000000	0.0000000	0.0000000	0.0000000	6.7288926e-08	7.4288777e-06	0.00041450711	0.011896639	0.17437295	1.2802856	4.9923667	12.395388	22.898492	35.502581	49.102699	62.309974	73.390153	80.388198	81.527198	75.748007	63.377780	46.595055	29.182483	14.999235	6.0930510	1.9068958	0.46375325	0.092338873	0.016256151	0.0027207097	0.00045520072	7.8327121e-05	1.4017903e-05	2.6163468e-06	5.0771557e-07	2.7924692e-08	0.0000000	0.0000000	0.0000000	0.0000000	0.0000000	0.0000000	0.0000000	0.0000000
13.8900	0.0000000	0.0000000	0.0000000	0.0000000	0.0000000	0.0000000	0.0000000	0.0000000	0.0000000	0.0000000	0.0000000	0.0000000	0.0000000	0.0000000	0.0000000	0.0000000	0.0000000	0.0000000	0.0000000	0.0000000	0.0000000	0.0000000	0.0000000	0.0000000	0.0000000	0.0000000	0.0000000	0.0000000	0.0000000	0.0000000	0.0000000	0.0000000	0.0000000	0.0000000	0.0000000	0.0000000	0.0000000	0.0000000	0.0000000	0.0000000	0.0000000	2.3026392e-08	2.9705413e-06	0.00019418058	0.0064849698	0.10979476	0.92380084	4.0223086	10.715693	21.238563	35.662701	54.295214	76.448940	99.348099	115.87201	123.07392	119.60519	104.48343	80.016480	52.047987	27.706686	11.630231	3.7545623	0.94055406	0.19269267	0.034874709	0.0059952251	0.0010293749	0.00018132715	3.2577473e-05	6.0988401e-06	1.1868823e-06	6.5496276e-08	0.0000000	0.0000000	0.0000000	0.0000000	0.0000000	0.0000000	0.0000000	0.0000000
16.0040	0.0000000	0.0000000	0.0000000	0.0000000	0.0000000	0.0000000	0.0000000	0.0000000	0.0000000	0.0000000	0.0000000	0.0000000	0.0000000	0.0000000	0.0000000	0.0000000	0.0000000	0.0000000	0.0000000	0.0000000	0.0000000	0.0000000	0.0000000	0.0000000	0.0000000	0.0000000	0.0000000	0.0000000	0.0000000	0.0000000	0.0000000	0.0000000	0.0000000	0.0000000	0.0000000	0.0000000	0.0000000	0.0000000	0.0000000	0.0000000	0.0000000	4.1129290e-08	4.8893983e-06	0.00029614346	0.0091917863	0.14502574	1.1421866	4.6896528	11.855927	22.270995	35.051429	49.105747	62.972104	74.788307	82.459872	84.081480	78.483794	65.934869	48.653682	30.570192	15.751624	6.4089355	2.0073080	0.48829268	0.097223720	0.017115115	0.0028648069	0.00047958674	8.2627095e-05	1.4818499e-05	2.7741227e-06	5.4048571e-07	2.9877430e-08	0.0000000	0.0000000	0.0000000	0.0000000	0.0000000	0.0000000	0.0000000	0.0000000
10.7700	0.0000000	0.0000000	0.0000000	0.0000000	0.0000000	0.0000000	0.0000000	0.0000000	0.0000000	0.0000000	0.0000000	0.0000000	0.0000000	0.0000000	0.0000000	0.0000000	0.0000000	0.0000000	0.0000000	0.0000000	0.0000000	0.0000000	0.0000000	0.0000000	0.0000000	0.0000000	0.0000000	0.0000000	0.0000000	0.0000000	0.0000000	0.0000000	0.0000000	0.0000000	0.0000000	0.0000000	0.0000000	0.0000000	0.0000000	0.0000000	0.0000000	2.9596015e-09	5.3255613e-07	4.6895771e-05	0.0020435143	0.043885288	0.45746072	2.4225329	7.7089629	17.828398	33.894629	56.446764	84.900486	116.91498	147.97183	171.59326	180.56809	169.64263	138.98156	96.320454	54.428288	24.164605	8.2208984	2.1622781	0.46338895	0.087397178	0.015593492	0.0027672370	0.00050254701	9.4476631e-05	1.8444081e-05	3.7296918e-06	2.1307988e-07	0.0000000	0.0000000	0.0000000	0.0000000	0.0000000	0.0000000	0.0000000	0.0000000
10.6570	0.0000000	0.0000000	0.0000000	0.0000000	0.0000000	0.0000000	0.0000000	0.0000000	0.0000000	0.0000000	0.0000000	0.0000000	0.0000000	0.0000000	0.0000000	0.0000000	0.0000000	0.0000000	0.0000000	0.0000000	0.0000000	0.0000000	0.0000000	0.0000000	0.0000000	0.0000000	0.0000000	0.0000000	0.0000000	0.0000000	0.0000000	0.0000000	0.0000000	0.0000000	0.0000000	0.0000000	0.0000000	0.0000000	0.0000000	0.0000000	0.0000000	1.3648315e-09	2.4883574e-07	2.2126849e-05	0.00097083071	0.020938432	0.21869812	1.1585380	3.6856574	8.5229597	16.209600	27.022646	40.709324	57.812121	76.719748	92.837509	101.38047	98.235700	82.459297	58.186685	33.294519	14.895610	5.0845674	1.3367369	0.28538419	0.053475395	0.0094622436	0.0016636368	0.00029922186	5.5719946e-05	1.0781067e-05	2.1627340e-06	1.2272577e-07	0.0000000	0.0000000	0.0000000	0.0000000	0.0000000	0.0000000	0.0000000	0.0000000
12.6800	0.0000000	0.0000000	0.0000000	0.0000000	0.0000000	0.0000000	0.0000000	0.0000000	0.0000000	0.0000000	0.0000000	0.0000000	0.0000000	0.0000000	0.0000000	0.0000000	0.0000000	0.0000000	0.0000000	0.0000000	0.0000000	0.0000000	0.0000000	0.0000000	0.0000000	0.0000000	0.0000000	0.0000000	0.0000000	0.0000000	0.0000000	0.0000000	0.0000000	0.0000000	0.0000000	0.0000000	0.0000000	0.0000000	0.0000000	0.0000000	0.0000000	6.8418105e-09	9.7202110e-07	6.9872826e-05	0.0025616250	0.047445077	0.43373841	2.0276731	5.7099274	11.713796	19.800621	29.410227	39.646433	49.231253	56.406691	59.280770	56.414108	47.813562	35.547867	22.761921	12.164712	5.2159498	1.7442580	0.45734495	0.098711344	0.018876754	0.0033735303	0.00058212145	0.00010305716	1.8929379e-05	3.6175420e-06	7.1731971e-07	4.0252461e-08	0.0000000	0.0000000	0.0000000	0.0000000	0.0000000	0.0000000	0.0000000	0.0000000
11.0230	0.0000000	0.0000000	0.0000000	0.0000000	0.0000000	0.0000000	0.0000000	0.0000000	0.0000000	0.0000000	0.0000000	0.0000000	0.0000000	0.0000000	0.0000000	0.0000000	0.0000000	0.0000000	0.0000000	0.0000000	0.0000000	0.0000000	0.0000000	0.0000000	0.0000000	0.0000000	0.0000000	0.0000000	0.0000000	0.0000000	0.0000000	0.0000000	0.0000000	0.0000000	0.0000000	0.0000000	0.0000000	0.0000000	0.0000000	0.0000000	0.0000000	1.0089338e-09	1.7896953e-07	1.5624717e-05	0.00067581406	0.014365964	0.14785701	0.77238714	2.4282081	5.5701801	10.565126	17.657482	26.782217	37.324528	47.909033	56.411202	60.354185	57.755748	48.306761	34.273514	19.886646	9.0886527	3.1880534	0.86532544	0.19142093	0.037064370	0.0066230655	0.0011375802	0.00020205749	3.8137545e-05	7.6203434e-06	1.5947469e-06	9.4555154e-08	0.0000000	0.0000000	0.0000000	0.0000000	0.0000000	0.0000000	0.0000000	0.0000000
10.1150	0.0000000	0.0000000	0.0000000	0.0000000	0.0000000	0.0000000	0.0000000	0.0000000	0.0000000	0.0000000	0.0000000	0.0000000	0.0000000	0.0000000	0.0000000	0.0000000	0.0000000	0.0000000	0.0000000	0.0000000	0.0000000	0.0000000	0.0000000	0.0000000	0.0000000	0.0000000	0.0000000	0.0000000	0.0000000	0.0000000	0.0000000	0.0000000	0.0000000	0.0000000	0.0000000	0.0000000	0.0000000	0.0000000	0.0000000	0.0000000	0.0000000	1.4770636e-10	2.8985185e-08	2.7613466e-06	0.00012929463	0.0029663548	0.032872326	0.18429593	0.61869191	1.5041126	2.9961397	5.2154274	8.1863058	11.754708	15.511554	18.765874	20.610364	20.211456	17.278705	12.482198	7.3390243	3.3847210	1.1943731	0.32534371	0.072105774	0.014049130	0.0025867769	0.00047303979	8.8369913e-05	1.7055793e-05	3.4111220e-06	7.0506150e-07	4.1075220e-08	0.0000000	0.0000000	0.0000000	0.0000000	0.0000000	0.0000000	0.0000000	0.0000000
