# DO NOT EDIT: written Thu Mar 14 18:48:37 2019 by wrt_emiss_fe17.pro
# faked emissivities [1e-23 ergs cm^3/s] for Fe17 lines from Del Zanna 2011, A&A 536, A59
# emissivities include ion balance, but not abundance, and are spline and ion balance jittered off of emiss_Fe17_00000.txt
# line 6 -- SEED, LOGT
# lines 7+ -- WVL, EMISSIVITY
      126314	4.00	4.05	4.10	4.15	4.20	4.25	4.30	4.35	4.40	4.45	4.50	4.55	4.60	4.65	4.70	4.75	4.80	4.85	4.90	4.95	5.00	5.05	5.10	5.15	5.20	5.25	5.30	5.35	5.40	5.45	5.50	5.55	5.60	5.65	5.70	5.75	5.80	5.85	5.90	5.95	6.00	6.05	6.10	6.15	6.20	6.25	6.30	6.35	6.40	6.45	6.50	6.55	6.60	6.65	6.70	6.75	6.80	6.85	6.90	6.95	7.00	7.05	7.10	7.15	7.20	7.25	7.30	7.35	7.40	7.45	7.50	7.55	7.60	7.65	7.70	7.75	7.80	7.85	7.90	7.95	8.00
15.0130	0.0000000	0.0000000	0.0000000	0.0000000	0.0000000	0.0000000	0.0000000	0.0000000	0.0000000	0.0000000	0.0000000	0.0000000	0.0000000	0.0000000	0.0000000	0.0000000	0.0000000	0.0000000	0.0000000	0.0000000	0.0000000	0.0000000	0.0000000	0.0000000	0.0000000	0.0000000	0.0000000	0.0000000	0.0000000	0.0000000	0.0000000	0.0000000	0.0000000	0.0000000	0.0000000	0.0000000	0.0000000	0.0000000	0.0000000	0.0000000	2.2933833e-07	3.3048288e-05	0.0023733593	0.087414920	1.6602376	16.314798	87.353536	286.23829	658.73202	1209.3044	1924.7328	2771.8910	3683.3244	4546.1185	5203.5017	5481.9846	5244.4541	4467.0686	3300.4013	2048.0848	1029.3557	404.78652	122.05150	28.711871	5.6289763	1.0020801	0.17338790	0.030356295	0.0054892690	0.0010315069	0.00020170988	3.5608052e-05	0.0000000	0.0000000	0.0000000	0.0000000	0.0000000	0.0000000	0.0000000	0.0000000	0.0000000
17.0510	0.0000000	0.0000000	0.0000000	0.0000000	0.0000000	0.0000000	0.0000000	0.0000000	0.0000000	0.0000000	0.0000000	0.0000000	0.0000000	0.0000000	0.0000000	0.0000000	0.0000000	0.0000000	0.0000000	0.0000000	0.0000000	0.0000000	0.0000000	0.0000000	0.0000000	0.0000000	0.0000000	0.0000000	0.0000000	0.0000000	0.0000000	0.0000000	0.0000000	0.0000000	0.0000000	0.0000000	0.0000000	0.0000000	0.0000000	0.0000000	5.5552010e-07	7.0766066e-05	0.0045513406	0.15161851	2.6222441	23.583110	116.00010	350.33311	745.30637	1268.2777	1875.3140	2512.8357	3109.3657	3575.7426	3816.8135	3755.2085	3361.8403	2686.4501	1867.4548	1093.8956	520.64674	194.46783	55.856364	12.557601	2.3611346	0.40458037	0.067619835	0.011474155	0.0020172889	0.00036961038	7.0627059e-05	1.2200200e-05	0.0000000	0.0000000	0.0000000	0.0000000	0.0000000	0.0000000	0.0000000	0.0000000	0.0000000
17.0960	0.0000000	0.0000000	0.0000000	0.0000000	0.0000000	0.0000000	0.0000000	0.0000000	0.0000000	0.0000000	0.0000000	0.0000000	0.0000000	0.0000000	0.0000000	0.0000000	0.0000000	0.0000000	0.0000000	0.0000000	0.0000000	0.0000000	0.0000000	0.0000000	0.0000000	0.0000000	0.0000000	0.0000000	0.0000000	0.0000000	0.0000000	0.0000000	0.0000000	0.0000000	0.0000000	0.0000000	0.0000000	0.0000000	0.0000000	0.0000000	6.3251961e-07	7.9048450e-05	0.0049348072	0.15966645	2.6875981	23.564832	113.08420	333.03384	689.99970	1141.5386	1638.2237	2127.8545	2550.0827	2838.9871	2934.0775	2796.7383	2428.2498	1884.7151	1282.1814	735.09715	341.79319	124.44858	34.769129	7.6195216	1.4005448	0.23458396	0.038323632	0.0063558713	0.0010918587	0.00019537665	3.6434951e-05	6.1364284e-06	0.0000000	0.0000000	0.0000000	0.0000000	0.0000000	0.0000000	0.0000000	0.0000000	0.0000000
16.7760	0.0000000	0.0000000	0.0000000	0.0000000	0.0000000	0.0000000	0.0000000	0.0000000	0.0000000	0.0000000	0.0000000	0.0000000	0.0000000	0.0000000	0.0000000	0.0000000	0.0000000	0.0000000	0.0000000	0.0000000	0.0000000	0.0000000	0.0000000	0.0000000	0.0000000	0.0000000	0.0000000	0.0000000	0.0000000	0.0000000	0.0000000	0.0000000	0.0000000	0.0000000	0.0000000	0.0000000	0.0000000	0.0000000	0.0000000	0.0000000	3.8482486e-07	4.4376832e-05	0.0028058995	0.093704520	1.6272040	14.730100	73.120728	223.42710	481.91948	849.64355	1345.7579	1926.3697	2529.4827	3058.5148	3400.4864	3457.1697	3176.9028	2591.3705	1830.3756	1085.1940	520.96026	195.63389	56.323088	12.655800	2.3719143	0.40412365	0.067014581	0.011260894	0.0019572528	0.00035401322	6.6700066e-05	1.1350560e-05	0.0000000	0.0000000	0.0000000	0.0000000	0.0000000	0.0000000	0.0000000	0.0000000	0.0000000
15.2620	0.0000000	0.0000000	0.0000000	0.0000000	0.0000000	0.0000000	0.0000000	0.0000000	0.0000000	0.0000000	0.0000000	0.0000000	0.0000000	0.0000000	0.0000000	0.0000000	0.0000000	0.0000000	0.0000000	0.0000000	0.0000000	0.0000000	0.0000000	0.0000000	0.0000000	0.0000000	0.0000000	0.0000000	0.0000000	0.0000000	0.0000000	0.0000000	0.0000000	0.0000000	0.0000000	0.0000000	0.0000000	0.0000000	0.0000000	0.0000000	7.5568742e-08	1.0710339e-05	0.00075890104	0.027645235	0.52005028	5.0630710	26.840282	87.016316	198.02064	359.37193	565.48576	805.52212	1059.3063	1294.8995	1470.1663	1539.8710	1469.0093	1251.2162	926.14572	576.34735	290.33589	114.16651	34.294171	8.0157937	1.5600220	0.27593696	0.047545694	0.0083072556	0.0015017381	0.00028248389	5.5344624e-05	9.7922404e-06	0.0000000	0.0000000	0.0000000	0.0000000	0.0000000	0.0000000	0.0000000	0.0000000	0.0000000
12.1240	0.0000000	0.0000000	0.0000000	0.0000000	0.0000000	0.0000000	0.0000000	0.0000000	0.0000000	0.0000000	0.0000000	0.0000000	0.0000000	0.0000000	0.0000000	0.0000000	0.0000000	0.0000000	0.0000000	0.0000000	0.0000000	0.0000000	0.0000000	0.0000000	0.0000000	0.0000000	0.0000000	0.0000000	0.0000000	0.0000000	0.0000000	0.0000000	0.0000000	0.0000000	0.0000000	0.0000000	0.0000000	0.0000000	0.0000000	0.0000000	5.0279177e-09	9.2906867e-07	8.3159378e-05	0.0037204227	0.083842445	0.95700936	5.8394867	21.453553	54.588427	109.42164	187.99727	289.19623	406.42402	525.69622	625.85817	681.84507	671.73502	587.54344	445.01814	282.89850	145.57845	58.576972	18.060373	4.3427820	0.87006185	0.15820722	0.027939174	0.0049872972	0.00091831192	0.00017543933	3.4804649e-05	6.2159425e-06	0.0000000	0.0000000	0.0000000	0.0000000	0.0000000	0.0000000	0.0000000	0.0000000	0.0000000
12.2640	0.0000000	0.0000000	0.0000000	0.0000000	0.0000000	0.0000000	0.0000000	0.0000000	0.0000000	0.0000000	0.0000000	0.0000000	0.0000000	0.0000000	0.0000000	0.0000000	0.0000000	0.0000000	0.0000000	0.0000000	0.0000000	0.0000000	0.0000000	0.0000000	0.0000000	0.0000000	0.0000000	0.0000000	0.0000000	0.0000000	0.0000000	0.0000000	0.0000000	0.0000000	0.0000000	0.0000000	0.0000000	0.0000000	0.0000000	0.0000000	5.5024764e-09	9.8857174e-07	8.6299768e-05	0.0037765784	0.083462229	0.93605666	5.6177137	20.295294	50.730010	99.804995	168.20951	253.80993	350.04654	444.80011	520.76405	558.38942	541.75355	466.90768	349.38177	221.41553	113.55215	45.533741	13.993461	3.3551629	0.67050467	0.12164047	0.021434232	0.0038177561	0.00070139731	0.00013368975	2.6458475e-05	4.7136775e-06	0.0000000	0.0000000	0.0000000	0.0000000	0.0000000	0.0000000	0.0000000	0.0000000	0.0000000
13.8250	0.0000000	0.0000000	0.0000000	0.0000000	0.0000000	0.0000000	0.0000000	0.0000000	0.0000000	0.0000000	0.0000000	0.0000000	0.0000000	0.0000000	0.0000000	0.0000000	0.0000000	0.0000000	0.0000000	0.0000000	0.0000000	0.0000000	0.0000000	0.0000000	0.0000000	0.0000000	0.0000000	0.0000000	0.0000000	0.0000000	0.0000000	0.0000000	0.0000000	0.0000000	0.0000000	0.0000000	0.0000000	0.0000000	0.0000000	0.0000000	8.2282321e-09	1.2499311e-06	9.4688158e-05	0.0036878339	0.074752702	0.78680635	4.5089605	15.758695	38.424489	74.202343	123.44654	184.82721	254.23513	323.89927	382.14041	414.51538	407.84665	360.92697	277.84991	179.87302	94.471720	38.900881	12.312251	3.0495997	0.63151089	0.11900085	0.021810718	0.0040420029	0.00076369291	0.00014695374	2.9383816e-05	5.2908912e-06	0.0000000	0.0000000	0.0000000	0.0000000	0.0000000	0.0000000	0.0000000	0.0000000	0.0000000
15.4530	0.0000000	0.0000000	0.0000000	0.0000000	0.0000000	0.0000000	0.0000000	0.0000000	0.0000000	0.0000000	0.0000000	0.0000000	0.0000000	0.0000000	0.0000000	0.0000000	0.0000000	0.0000000	0.0000000	0.0000000	0.0000000	0.0000000	0.0000000	0.0000000	0.0000000	0.0000000	0.0000000	0.0000000	0.0000000	0.0000000	0.0000000	0.0000000	0.0000000	0.0000000	0.0000000	0.0000000	0.0000000	0.0000000	0.0000000	0.0000000	2.5752457e-08	3.5522898e-06	0.00024472682	0.0086560237	0.15788598	1.4884528	7.6301700	23.878312	52.330427	91.198207	137.33974	186.51282	232.87640	269.07537	287.40068	281.84686	250.58117	198.19437	135.96757	78.400591	36.651516	13.420899	3.7727733	0.82892315	0.15212754	0.025417117	0.0041386179	0.00068369035	0.00011695272	2.0837428e-05	3.8694752e-06	6.4907207e-07	0.0000000	0.0000000	0.0000000	0.0000000	0.0000000	0.0000000	0.0000000	0.0000000	0.0000000
11.2500	0.0000000	0.0000000	0.0000000	0.0000000	0.0000000	0.0000000	0.0000000	0.0000000	0.0000000	0.0000000	0.0000000	0.0000000	0.0000000	0.0000000	0.0000000	0.0000000	0.0000000	0.0000000	0.0000000	0.0000000	0.0000000	0.0000000	0.0000000	0.0000000	0.0000000	0.0000000	0.0000000	0.0000000	0.0000000	0.0000000	0.0000000	0.0000000	0.0000000	0.0000000	0.0000000	0.0000000	0.0000000	0.0000000	0.0000000	0.0000000	1.0531276e-09	2.1938144e-07	2.1835838e-05	0.0010731845	0.026219405	0.31993598	2.0726572	8.0316531	21.428133	44.809448	79.956117	127.23331	184.31971	243.90371	295.23589	325.75198	323.81533	284.80413	216.24136	137.42980	70.544365	28.262331	8.6634084	2.0688590	0.41136264	0.074216097	0.013003095	0.0023030671	0.00042089829	7.9853047e-05	1.5743925e-05	2.7972034e-06	0.0000000	0.0000000	0.0000000	0.0000000	0.0000000	0.0000000	0.0000000	0.0000000	0.0000000
11.1290	0.0000000	0.0000000	0.0000000	0.0000000	0.0000000	0.0000000	0.0000000	0.0000000	0.0000000	0.0000000	0.0000000	0.0000000	0.0000000	0.0000000	0.0000000	0.0000000	0.0000000	0.0000000	0.0000000	0.0000000	0.0000000	0.0000000	0.0000000	0.0000000	0.0000000	0.0000000	0.0000000	0.0000000	0.0000000	0.0000000	0.0000000	0.0000000	0.0000000	0.0000000	0.0000000	0.0000000	0.0000000	0.0000000	0.0000000	0.0000000	6.6966779e-10	1.3938530e-07	1.3855008e-05	0.00067910488	0.016550884	0.20195193	1.3041714	5.0272149	13.328195	27.702850	49.183751	77.957418	112.61346	149.41710	182.08723	202.62055	203.43575	180.94544	139.07129	89.536132	46.584225	18.923699	5.8828338	1.4246827	0.28720727	0.052509513	0.0093156514	0.0016690848	0.00030822397	5.9012408e-05	1.1724760e-05	2.0958525e-06	0.0000000	0.0000000	0.0000000	0.0000000	0.0000000	0.0000000	0.0000000	0.0000000	0.0000000
16.3360	0.0000000	0.0000000	0.0000000	0.0000000	0.0000000	0.0000000	0.0000000	0.0000000	0.0000000	0.0000000	0.0000000	0.0000000	0.0000000	0.0000000	0.0000000	0.0000000	0.0000000	0.0000000	0.0000000	0.0000000	0.0000000	0.0000000	0.0000000	0.0000000	0.0000000	0.0000000	0.0000000	0.0000000	0.0000000	0.0000000	0.0000000	0.0000000	0.0000000	0.0000000	0.0000000	0.0000000	0.0000000	0.0000000	0.0000000	0.0000000	1.2143562e-08	1.5763880e-06	0.00010284955	0.0034658622	0.060640985	0.55223105	2.7510649	8.4102385	18.086699	31.038100	46.169166	62.108561	77.024112	88.661579	94.645681	93.056718	83.198001	66.352216	45.999519	26.857725	12.737761	4.7398523	1.3560591	0.30364758	0.056865928	0.0097202165	0.0016266346	0.00027712362	4.8976867e-05	9.0175744e-06	1.7282308e-06	2.9837024e-07	0.0000000	0.0000000	0.0000000	0.0000000	0.0000000	0.0000000	0.0000000	0.0000000	0.0000000
13.8900	0.0000000	0.0000000	0.0000000	0.0000000	0.0000000	0.0000000	0.0000000	0.0000000	0.0000000	0.0000000	0.0000000	0.0000000	0.0000000	0.0000000	0.0000000	0.0000000	0.0000000	0.0000000	0.0000000	0.0000000	0.0000000	0.0000000	0.0000000	0.0000000	0.0000000	0.0000000	0.0000000	0.0000000	0.0000000	0.0000000	0.0000000	0.0000000	0.0000000	0.0000000	0.0000000	0.0000000	0.0000000	0.0000000	0.0000000	0.0000000	3.7362077e-09	5.5438680e-07	4.0887844e-05	0.0015460242	0.030168425	0.30471290	1.6740873	5.5996028	13.025734	23.909308	37.680343	53.294692	69.118753	82.963269	92.261257	94.426452	87.782118	72.681378	52.207747	31.502973	15.405478	5.9005636	1.7356965	0.39933201	0.076814687	0.013466319	0.0023031476	0.00039998584	7.1972619e-05	1.3492941e-05	2.6367529e-06	4.6543763e-07	0.0000000	0.0000000	0.0000000	0.0000000	0.0000000	0.0000000	0.0000000	0.0000000	0.0000000
16.0040	0.0000000	0.0000000	0.0000000	0.0000000	0.0000000	0.0000000	0.0000000	0.0000000	0.0000000	0.0000000	0.0000000	0.0000000	0.0000000	0.0000000	0.0000000	0.0000000	0.0000000	0.0000000	0.0000000	0.0000000	0.0000000	0.0000000	0.0000000	0.0000000	0.0000000	0.0000000	0.0000000	0.0000000	0.0000000	0.0000000	0.0000000	0.0000000	0.0000000	0.0000000	0.0000000	0.0000000	0.0000000	0.0000000	0.0000000	0.0000000	6.9783078e-09	9.4713551e-07	6.4481280e-05	0.0022594289	0.040907857	0.38359708	1.9604352	6.1330149	13.478332	23.620375	35.848202	49.144824	62.024608	72.556444	78.627966	78.427801	71.104385	57.483578	40.382439	23.878717	11.458060	4.3084168	1.2439411	0.28078052	0.052951209	0.0090918470	0.0015215719	0.00025839507	4.5441529e-05	8.3225185e-06	1.5880662e-06	2.7355448e-07	0.0000000	0.0000000	0.0000000	0.0000000	0.0000000	0.0000000	0.0000000	0.0000000	0.0000000
10.7700	0.0000000	0.0000000	0.0000000	0.0000000	0.0000000	0.0000000	0.0000000	0.0000000	0.0000000	0.0000000	0.0000000	0.0000000	0.0000000	0.0000000	0.0000000	0.0000000	0.0000000	0.0000000	0.0000000	0.0000000	0.0000000	0.0000000	0.0000000	0.0000000	0.0000000	0.0000000	0.0000000	0.0000000	0.0000000	0.0000000	0.0000000	0.0000000	0.0000000	0.0000000	0.0000000	0.0000000	0.0000000	0.0000000	0.0000000	0.0000000	3.4542391e-10	7.4989195e-08	7.7721807e-06	0.00039757069	0.010131340	0.12944011	0.87515363	3.5242827	9.7151153	20.854080	37.971661	61.346524	89.856864	120.38393	147.65104	164.85979	165.57360	146.84499	112.16657	71.524949	36.739782	14.696588	4.4902332	1.0673691	0.21107699	0.037862329	0.0065957266	0.0011619615	0.00021293680	4.0799251e-05	8.1119896e-06	1.4510369e-06	0.0000000	0.0000000	0.0000000	0.0000000	0.0000000	0.0000000	0.0000000	0.0000000	0.0000000
10.6570	0.0000000	0.0000000	0.0000000	0.0000000	0.0000000	0.0000000	0.0000000	0.0000000	0.0000000	0.0000000	0.0000000	0.0000000	0.0000000	0.0000000	0.0000000	0.0000000	0.0000000	0.0000000	0.0000000	0.0000000	0.0000000	0.0000000	0.0000000	0.0000000	0.0000000	0.0000000	0.0000000	0.0000000	0.0000000	0.0000000	0.0000000	0.0000000	0.0000000	0.0000000	0.0000000	0.0000000	0.0000000	0.0000000	0.0000000	0.0000000	1.9127676e-10	4.1861078e-08	4.3524513e-06	0.00022243802	0.0056437193	0.071576697	0.47916317	1.9072311	5.1936288	11.017787	19.844802	31.757859	46.152018	61.452923	75.047559	83.614789	84.005715	74.749086	57.487016	37.050720	19.306094	7.8581427	2.4489526	0.59489142	0.12037131	0.022111077	0.0039471596	0.00071286500	0.00013292674	2.5737187e-05	5.1773204e-06	9.3775871e-07	0.0000000	0.0000000	0.0000000	0.0000000	0.0000000	0.0000000	0.0000000	0.0000000	0.0000000
12.6800	0.0000000	0.0000000	0.0000000	0.0000000	0.0000000	0.0000000	0.0000000	0.0000000	0.0000000	0.0000000	0.0000000	0.0000000	0.0000000	0.0000000	0.0000000	0.0000000	0.0000000	0.0000000	0.0000000	0.0000000	0.0000000	0.0000000	0.0000000	0.0000000	0.0000000	0.0000000	0.0000000	0.0000000	0.0000000	0.0000000	0.0000000	0.0000000	0.0000000	0.0000000	0.0000000	0.0000000	0.0000000	0.0000000	0.0000000	0.0000000	9.2195005e-10	1.4950131e-07	1.1958755e-05	0.00048754568	0.010202936	0.10981186	0.63695835	2.2201805	5.3261674	10.010579	16.184714	23.739746	31.920268	39.769082	45.895869	48.708279	46.889421	40.115113	29.700693	18.445373	9.2705419	3.6431661	1.0973828	0.25793037	0.050532025	0.0089872986	0.0015523454	0.00027091609	4.8728608e-05	9.0811596e-06	1.7539366e-06	3.0419312e-07	0.0000000	0.0000000	0.0000000	0.0000000	0.0000000	0.0000000	0.0000000	0.0000000	0.0000000
11.0230	0.0000000	0.0000000	0.0000000	0.0000000	0.0000000	0.0000000	0.0000000	0.0000000	0.0000000	0.0000000	0.0000000	0.0000000	0.0000000	0.0000000	0.0000000	0.0000000	0.0000000	0.0000000	0.0000000	0.0000000	0.0000000	0.0000000	0.0000000	0.0000000	0.0000000	0.0000000	0.0000000	0.0000000	0.0000000	0.0000000	0.0000000	0.0000000	0.0000000	0.0000000	0.0000000	0.0000000	0.0000000	0.0000000	0.0000000	0.0000000	1.2122667e-10	2.5404220e-08	2.5735174e-06	0.00012984034	0.0032769614	0.041457550	0.27747315	1.1071978	3.0334047	6.5052606	11.913247	19.484087	29.043040	39.747973	49.913583	57.127600	58.884443	53.685390	42.240747	27.813882	14.790110	6.1347487	1.9443816	0.47913854	0.098060665	0.018161900	0.0032583568	0.00058952865	0.00010990392	2.1260718e-05	4.2745644e-06	7.7466438e-07	0.0000000	0.0000000	0.0000000	0.0000000	0.0000000	0.0000000	0.0000000	0.0000000	0.0000000
10.1150	0.0000000	0.0000000	0.0000000	0.0000000	0.0000000	0.0000000	0.0000000	0.0000000	0.0000000	0.0000000	0.0000000	0.0000000	0.0000000	0.0000000	0.0000000	0.0000000	0.0000000	0.0000000	0.0000000	0.0000000	0.0000000	0.0000000	0.0000000	0.0000000	0.0000000	0.0000000	0.0000000	0.0000000	0.0000000	0.0000000	0.0000000	0.0000000	0.0000000	0.0000000	0.0000000	0.0000000	0.0000000	0.0000000	0.0000000	0.0000000	1.6857788e-11	4.0302860e-09	4.5633367e-07	2.5335195e-05	0.00069692212	0.0095683395	0.069261960	0.29769102	0.87323859	1.9877051	3.8238171	6.5058347	10.007961	14.049196	18.022882	20.986215	21.929388	20.245212	16.067049	10.578525	5.5850724	2.2852821	0.71039151	0.17072520	0.033884901	0.0060795944	0.0010633864	0.00019035989	3.5903550e-05	7.1703229e-06	1.5055445e-06	2.8587684e-07	0.0000000	0.0000000	0.0000000	0.0000000	0.0000000	0.0000000	0.0000000	0.0000000	0.0000000
