# DO NOT EDIT: written Thu Mar 14 18:48:37 2019 by wrt_emiss_fe17.pro
# faked emissivities [1e-23 ergs cm^3/s] for Fe17 lines from Del Zanna 2011, A&A 536, A59
# emissivities include ion balance, but not abundance, and are spline and ion balance jittered off of emiss_Fe17_00000.txt
# line 6 -- SEED, LOGT
# lines 7+ -- WVL, EMISSIVITY
      484321	4.00	4.05	4.10	4.15	4.20	4.25	4.30	4.35	4.40	4.45	4.50	4.55	4.60	4.65	4.70	4.75	4.80	4.85	4.90	4.95	5.00	5.05	5.10	5.15	5.20	5.25	5.30	5.35	5.40	5.45	5.50	5.55	5.60	5.65	5.70	5.75	5.80	5.85	5.90	5.95	6.00	6.05	6.10	6.15	6.20	6.25	6.30	6.35	6.40	6.45	6.50	6.55	6.60	6.65	6.70	6.75	6.80	6.85	6.90	6.95	7.00	7.05	7.10	7.15	7.20	7.25	7.30	7.35	7.40	7.45	7.50	7.55	7.60	7.65	7.70	7.75	7.80	7.85	7.90	7.95	8.00
15.0130	0.0000000	0.0000000	0.0000000	0.0000000	0.0000000	0.0000000	0.0000000	0.0000000	0.0000000	0.0000000	0.0000000	0.0000000	0.0000000	0.0000000	0.0000000	0.0000000	0.0000000	0.0000000	0.0000000	0.0000000	0.0000000	0.0000000	0.0000000	0.0000000	0.0000000	0.0000000	0.0000000	0.0000000	0.0000000	0.0000000	0.0000000	0.0000000	0.0000000	0.0000000	0.0000000	0.0000000	0.0000000	0.0000000	0.0000000	0.0000000	4.5105454e-08	7.7354379e-06	0.00062177758	0.027061158	0.64747415	8.4988781	60.531963	240.40713	609.50876	1170.6285	1905.2897	2778.3805	3722.9744	4629.7103	5347.8609	5708.3671	5566.4417	4870.4843	3728.3223	2417.1868	1275.6048	526.23011	165.13690	39.963458	7.9799507	1.4379563	0.25101350	0.044254583	0.0080516330	0.0015210882	0.00029886481	5.9755221e-05	0.0000000	0.0000000	0.0000000	0.0000000	0.0000000	0.0000000	0.0000000	0.0000000	0.0000000
17.0510	0.0000000	0.0000000	0.0000000	0.0000000	0.0000000	0.0000000	0.0000000	0.0000000	0.0000000	0.0000000	0.0000000	0.0000000	0.0000000	0.0000000	0.0000000	0.0000000	0.0000000	0.0000000	0.0000000	0.0000000	0.0000000	0.0000000	0.0000000	0.0000000	0.0000000	0.0000000	0.0000000	0.0000000	0.0000000	0.0000000	0.0000000	0.0000000	0.0000000	0.0000000	0.0000000	0.0000000	0.0000000	0.0000000	0.0000000	0.0000000	1.0476226e-07	1.5901085e-05	0.0011457952	0.045135333	0.98387183	11.824876	77.422333	283.70726	666.05782	1188.7829	1803.9437	2459.4545	3088.2907	3605.7317	3916.7561	3937.3951	3621.4585	2992.9543	2166.5886	1329.7413	665.06038	260.37467	77.679385	17.916815	3.4209093	0.59163924	0.099532296	0.016985187	0.0030047899	0.00055453584	0.00010691078	2.1059652e-05	0.0000000	0.0000000	0.0000000	0.0000000	0.0000000	0.0000000	0.0000000	0.0000000	0.0000000
17.0960	0.0000000	0.0000000	0.0000000	0.0000000	0.0000000	0.0000000	0.0000000	0.0000000	0.0000000	0.0000000	0.0000000	0.0000000	0.0000000	0.0000000	0.0000000	0.0000000	0.0000000	0.0000000	0.0000000	0.0000000	0.0000000	0.0000000	0.0000000	0.0000000	0.0000000	0.0000000	0.0000000	0.0000000	0.0000000	0.0000000	0.0000000	0.0000000	0.0000000	0.0000000	0.0000000	0.0000000	0.0000000	0.0000000	0.0000000	0.0000000	9.6923090e-08	1.4546926e-05	0.0010421979	0.041156116	0.90875144	11.179383	75.626807	287.52521	697.99681	1270.0121	1911.6750	2580.9110	3178.4873	3446.6906	3335.1023	3013.7138	2610.5336	2116.0579	1499.6342	904.71102	466.57010	190.40873	59.495015	14.371619	2.6710562	0.44386438	0.071589193	0.011689086	0.0019747907	0.00034739119	6.3722266e-05	1.1920853e-05	0.0000000	0.0000000	0.0000000	0.0000000	0.0000000	0.0000000	0.0000000	0.0000000	0.0000000
16.7760	0.0000000	0.0000000	0.0000000	0.0000000	0.0000000	0.0000000	0.0000000	0.0000000	0.0000000	0.0000000	0.0000000	0.0000000	0.0000000	0.0000000	0.0000000	0.0000000	0.0000000	0.0000000	0.0000000	0.0000000	0.0000000	0.0000000	0.0000000	0.0000000	0.0000000	0.0000000	0.0000000	0.0000000	0.0000000	0.0000000	0.0000000	0.0000000	0.0000000	0.0000000	0.0000000	0.0000000	0.0000000	0.0000000	0.0000000	0.0000000	7.8222617e-08	1.1901789e-05	0.00085730031	0.033739938	0.73630225	8.8855123	58.595502	216.90933	515.75844	933.99168	1439.5141	1993.6835	2540.2951	3005.2778	3304.2661	3359.1992	3122.1680	2605.9569	1904.4625	1179.5402	594.97335	234.71558	70.473367	16.333611	3.1279600	0.54147695	0.090973498	0.015466419	0.0027185527	0.00049703303	9.4631759e-05	1.8347112e-05	0.0000000	0.0000000	0.0000000	0.0000000	0.0000000	0.0000000	0.0000000	0.0000000	0.0000000
15.2620	0.0000000	0.0000000	0.0000000	0.0000000	0.0000000	0.0000000	0.0000000	0.0000000	0.0000000	0.0000000	0.0000000	0.0000000	0.0000000	0.0000000	0.0000000	0.0000000	0.0000000	0.0000000	0.0000000	0.0000000	0.0000000	0.0000000	0.0000000	0.0000000	0.0000000	0.0000000	0.0000000	0.0000000	0.0000000	0.0000000	0.0000000	0.0000000	0.0000000	0.0000000	0.0000000	0.0000000	0.0000000	0.0000000	0.0000000	0.0000000	1.3493790e-08	2.2908014e-06	0.00018306312	0.0079477764	0.19012774	2.4976322	17.801547	70.730679	179.36012	344.51846	560.88246	818.48925	1097.9626	1367.1072	1581.1572	1689.5603	1648.7529	1442.9479	1104.0841	714.89124	376.39159	154.73048	48.319838	11.619054	2.3015949	0.41070062	0.070856473	0.012320874	0.0022071636	0.00041012060	7.9224871e-05	1.5576792e-05	0.0000000	0.0000000	0.0000000	0.0000000	0.0000000	0.0000000	0.0000000	0.0000000	0.0000000
12.1240	0.0000000	0.0000000	0.0000000	0.0000000	0.0000000	0.0000000	0.0000000	0.0000000	0.0000000	0.0000000	0.0000000	0.0000000	0.0000000	0.0000000	0.0000000	0.0000000	0.0000000	0.0000000	0.0000000	0.0000000	0.0000000	0.0000000	0.0000000	0.0000000	0.0000000	0.0000000	0.0000000	0.0000000	0.0000000	0.0000000	0.0000000	0.0000000	0.0000000	0.0000000	0.0000000	0.0000000	0.0000000	0.0000000	0.0000000	0.0000000	1.0297046e-09	2.2920159e-07	2.3149793e-05	0.0012297422	0.034987195	0.53344264	4.3225464	19.191724	53.598944	111.94465	195.89440	304.07002	429.82869	559.34927	671.54953	741.00298	743.89057	668.11841	523.98024	347.48987	187.23370	78.699797	25.107243	6.1640650	1.2463876	0.22704985	0.040006414	0.0071096574	0.0013022885	0.00024743435	4.8839016e-05	9.7967259e-06	0.0000000	0.0000000	0.0000000	0.0000000	0.0000000	0.0000000	0.0000000	0.0000000	0.0000000
12.2640	0.0000000	0.0000000	0.0000000	0.0000000	0.0000000	0.0000000	0.0000000	0.0000000	0.0000000	0.0000000	0.0000000	0.0000000	0.0000000	0.0000000	0.0000000	0.0000000	0.0000000	0.0000000	0.0000000	0.0000000	0.0000000	0.0000000	0.0000000	0.0000000	0.0000000	0.0000000	0.0000000	0.0000000	0.0000000	0.0000000	0.0000000	0.0000000	0.0000000	0.0000000	0.0000000	0.0000000	0.0000000	0.0000000	0.0000000	0.0000000	1.0247368e-09	2.1737722e-07	2.1018436e-05	0.0010731727	0.029457955	0.43480873	3.4207987	14.779218	40.249467	82.225924	144.80889	226.36477	322.46469	423.19825	512.52264	570.15622	576.29587	537.87840	445.54374	313.87961	173.19614	67.212435	22.932043	6.4214309	1.2954588	0.23556638	0.041445420	0.0073555818	0.0013455826	0.00025530899	5.0316204e-05	1.0075572e-05	0.0000000	0.0000000	0.0000000	0.0000000	0.0000000	0.0000000	0.0000000	0.0000000	0.0000000
13.8250	0.0000000	0.0000000	0.0000000	0.0000000	0.0000000	0.0000000	0.0000000	0.0000000	0.0000000	0.0000000	0.0000000	0.0000000	0.0000000	0.0000000	0.0000000	0.0000000	0.0000000	0.0000000	0.0000000	0.0000000	0.0000000	0.0000000	0.0000000	0.0000000	0.0000000	0.0000000	0.0000000	0.0000000	0.0000000	0.0000000	0.0000000	0.0000000	0.0000000	0.0000000	0.0000000	0.0000000	0.0000000	0.0000000	0.0000000	0.0000000	1.5217024e-09	2.7794986e-07	2.3794999e-05	0.0011049582	0.028276008	0.39761949	3.0330973	12.864815	34.629097	70.172895	119.87273	182.70837	255.15025	330.13512	396.42442	439.31139	443.87716	401.25327	316.13513	210.05567	113.17509	47.516660	15.139321	3.7143582	0.75149950	0.13721192	0.024275042	0.0043387088	0.00080040022	0.00015331717	3.0527653e-05	6.1784683e-06	0.0000000	0.0000000	0.0000000	0.0000000	0.0000000	0.0000000	0.0000000	0.0000000	0.0000000
15.4530	0.0000000	0.0000000	0.0000000	0.0000000	0.0000000	0.0000000	0.0000000	0.0000000	0.0000000	0.0000000	0.0000000	0.0000000	0.0000000	0.0000000	0.0000000	0.0000000	0.0000000	0.0000000	0.0000000	0.0000000	0.0000000	0.0000000	0.0000000	0.0000000	0.0000000	0.0000000	0.0000000	0.0000000	0.0000000	0.0000000	0.0000000	0.0000000	0.0000000	0.0000000	0.0000000	0.0000000	0.0000000	0.0000000	0.0000000	0.0000000	5.0012581e-09	7.9441662e-07	5.9695892e-05	0.0024477811	0.055517719	0.69374735	4.7153407	17.890983	43.323849	79.364608	122.90993	170.04568	215.55032	252.78473	274.49517	274.59748	250.25323	204.12412	145.32810	87.450265	42.764659	16.330499	4.7415961	1.0622849	0.19666578	0.032930780	0.0053567649	0.00088292067	0.00015070835	2.6809319e-05	4.9767118e-06	9.4280424e-07	0.0000000	0.0000000	0.0000000	0.0000000	0.0000000	0.0000000	0.0000000	0.0000000	0.0000000
11.2500	0.0000000	0.0000000	0.0000000	0.0000000	0.0000000	0.0000000	0.0000000	0.0000000	0.0000000	0.0000000	0.0000000	0.0000000	0.0000000	0.0000000	0.0000000	0.0000000	0.0000000	0.0000000	0.0000000	0.0000000	0.0000000	0.0000000	0.0000000	0.0000000	0.0000000	0.0000000	0.0000000	0.0000000	0.0000000	0.0000000	0.0000000	0.0000000	0.0000000	0.0000000	0.0000000	0.0000000	0.0000000	0.0000000	0.0000000	0.0000000	2.1184719e-10	5.1542888e-08	5.6547654e-06	0.00032443714	0.0098729916	0.15935302	1.3596848	6.3239316	18.414687	39.941408	72.329736	115.81587	168.40437	224.83398	276.16628	310.87249	317.43731	289.10344	229.18741	153.23526	83.110674	35.136879	11.272093	2.7835836	0.56645630	0.10390678	0.018440905	0.0033009745	0.00060890528	0.00011645543	2.3122625e-05	4.6615715e-06	0.0000000	0.0000000	0.0000000	0.0000000	0.0000000	0.0000000	0.0000000	0.0000000	0.0000000
11.1290	0.0000000	0.0000000	0.0000000	0.0000000	0.0000000	0.0000000	0.0000000	0.0000000	0.0000000	0.0000000	0.0000000	0.0000000	0.0000000	0.0000000	0.0000000	0.0000000	0.0000000	0.0000000	0.0000000	0.0000000	0.0000000	0.0000000	0.0000000	0.0000000	0.0000000	0.0000000	0.0000000	0.0000000	0.0000000	0.0000000	0.0000000	0.0000000	0.0000000	0.0000000	0.0000000	0.0000000	0.0000000	0.0000000	0.0000000	0.0000000	1.1405400e-10	2.7958238e-08	3.0882936e-06	0.00017832874	0.0054854714	0.089984898	0.78089646	3.6961413	10.958024	24.211425	44.691426	73.000223	108.38031	147.88784	185.80436	213.98405	223.47396	207.97387	168.23312	114.55043	63.120492	27.041013	8.7676992	2.1826740	0.44661940	0.082162226	0.014584333	0.0026036341	0.00047753692	9.0518268e-05	1.7751080e-05	3.5211671e-06	0.0000000	0.0000000	0.0000000	0.0000000	0.0000000	0.0000000	0.0000000	0.0000000	0.0000000
16.3360	0.0000000	0.0000000	0.0000000	0.0000000	0.0000000	0.0000000	0.0000000	0.0000000	0.0000000	0.0000000	0.0000000	0.0000000	0.0000000	0.0000000	0.0000000	0.0000000	0.0000000	0.0000000	0.0000000	0.0000000	0.0000000	0.0000000	0.0000000	0.0000000	0.0000000	0.0000000	0.0000000	0.0000000	0.0000000	0.0000000	0.0000000	0.0000000	0.0000000	0.0000000	0.0000000	0.0000000	0.0000000	0.0000000	0.0000000	0.0000000	2.0759042e-09	3.2045659e-07	2.3419366e-05	0.00093505681	0.020713176	0.25389371	1.7005613	6.3863619	15.362753	28.027193	43.316525	59.889280	75.876535	88.872368	96.215576	95.670861	86.428505	69.810581	49.249938	29.442447	14.348859	5.4767607	1.5938014	0.35882354	0.066923390	0.011314965	0.0018659300	0.00031399412	5.4702104e-05	9.9260412e-06	1.8780841e-06	3.6228369e-07	0.0000000	0.0000000	0.0000000	0.0000000	0.0000000	0.0000000	0.0000000	0.0000000	0.0000000
13.8900	0.0000000	0.0000000	0.0000000	0.0000000	0.0000000	0.0000000	0.0000000	0.0000000	0.0000000	0.0000000	0.0000000	0.0000000	0.0000000	0.0000000	0.0000000	0.0000000	0.0000000	0.0000000	0.0000000	0.0000000	0.0000000	0.0000000	0.0000000	0.0000000	0.0000000	0.0000000	0.0000000	0.0000000	0.0000000	0.0000000	0.0000000	0.0000000	0.0000000	0.0000000	0.0000000	0.0000000	0.0000000	0.0000000	0.0000000	0.0000000	5.7921853e-10	1.0263948e-07	8.5063967e-06	0.00038178191	0.0094337393	0.12803033	0.94200008	4.4839517	13.459607	26.102354	42.534137	61.674898	81.779090	100.38830	114.40591	120.42316	115.70033	99.592260	74.819091	47.457479	24.436180	9.8164643	2.9964176	0.70534826	0.13713724	0.024101334	0.0041116736	0.00071005529	0.00012683754	2.3579445e-05	4.5673871e-06	9.0143681e-07	0.0000000	0.0000000	0.0000000	0.0000000	0.0000000	0.0000000	0.0000000	0.0000000	0.0000000
16.0040	0.0000000	0.0000000	0.0000000	0.0000000	0.0000000	0.0000000	0.0000000	0.0000000	0.0000000	0.0000000	0.0000000	0.0000000	0.0000000	0.0000000	0.0000000	0.0000000	0.0000000	0.0000000	0.0000000	0.0000000	0.0000000	0.0000000	0.0000000	0.0000000	0.0000000	0.0000000	0.0000000	0.0000000	0.0000000	0.0000000	0.0000000	0.0000000	0.0000000	0.0000000	0.0000000	0.0000000	0.0000000	0.0000000	0.0000000	0.0000000	1.3269739e-09	2.1123589e-07	1.5890092e-05	0.00065096923	0.014730690	0.18357017	1.2450560	4.7226367	11.467926	21.140690	33.069218	46.375374	59.760456	71.449224	79.340483	81.419728	76.342172	64.221443	47.234152	29.391644	14.865851	5.8683360	1.7595469	0.40656865	0.077510643	0.013338493	0.0022247477	0.00037501118	6.5265586e-05	1.1794992e-05	2.2149491e-06	4.2263118e-07	0.0000000	0.0000000	0.0000000	0.0000000	0.0000000	0.0000000	0.0000000	0.0000000	0.0000000
10.7700	0.0000000	0.0000000	0.0000000	0.0000000	0.0000000	0.0000000	0.0000000	0.0000000	0.0000000	0.0000000	0.0000000	0.0000000	0.0000000	0.0000000	0.0000000	0.0000000	0.0000000	0.0000000	0.0000000	0.0000000	0.0000000	0.0000000	0.0000000	0.0000000	0.0000000	0.0000000	0.0000000	0.0000000	0.0000000	0.0000000	0.0000000	0.0000000	0.0000000	0.0000000	0.0000000	0.0000000	0.0000000	0.0000000	0.0000000	0.0000000	6.5800758e-11	1.6888840e-08	1.9468851e-06	0.00011702336	0.0037391349	0.063577944	0.57039407	2.7810243	8.4496921	19.018092	35.560199	58.544051	87.231842	119.05150	149.23656	171.16027	177.72806	164.23058	131.75892	88.899002	48.515236	20.583468	6.6121568	1.6321648	0.33156230	0.060659790	0.010730571	0.0019137140	0.00035162682	6.6987117e-05	1.3251769e-05	2.6631064e-06	0.0000000	0.0000000	0.0000000	0.0000000	0.0000000	0.0000000	0.0000000	0.0000000	0.0000000
10.6570	0.0000000	0.0000000	0.0000000	0.0000000	0.0000000	0.0000000	0.0000000	0.0000000	0.0000000	0.0000000	0.0000000	0.0000000	0.0000000	0.0000000	0.0000000	0.0000000	0.0000000	0.0000000	0.0000000	0.0000000	0.0000000	0.0000000	0.0000000	0.0000000	0.0000000	0.0000000	0.0000000	0.0000000	0.0000000	0.0000000	0.0000000	0.0000000	0.0000000	0.0000000	0.0000000	0.0000000	0.0000000	0.0000000	0.0000000	0.0000000	3.4791955e-11	9.0750365e-09	1.0596077e-06	6.4306303e-05	0.0020686566	0.035322437	0.31751646	1.5486139	4.7040986	10.587820	19.808170	32.653795	48.757018	66.724556	83.907276	96.580273	100.67075	93.387570	75.214924	50.946054	27.907598	11.880907	3.8278161	0.94708131	0.19271013	0.035294125	0.0062490711	0.0011156416	0.00020526516	3.9169769e-05	7.7636739e-06	1.5633709e-06	0.0000000	0.0000000	0.0000000	0.0000000	0.0000000	0.0000000	0.0000000	0.0000000	0.0000000
12.6800	0.0000000	0.0000000	0.0000000	0.0000000	0.0000000	0.0000000	0.0000000	0.0000000	0.0000000	0.0000000	0.0000000	0.0000000	0.0000000	0.0000000	0.0000000	0.0000000	0.0000000	0.0000000	0.0000000	0.0000000	0.0000000	0.0000000	0.0000000	0.0000000	0.0000000	0.0000000	0.0000000	0.0000000	0.0000000	0.0000000	0.0000000	0.0000000	0.0000000	0.0000000	0.0000000	0.0000000	0.0000000	0.0000000	0.0000000	0.0000000	2.2092066e-10	4.2606988e-08	3.8102289e-06	0.00018328125	0.0048239905	0.069241813	0.53354589	2.2520233	5.9502473	11.706729	19.245028	28.059502	37.394585	46.198739	53.002432	56.164874	54.309535	47.011994	35.488557	22.629377	11.723217	4.7420248	1.4586995	0.34630305	0.067929184	0.012042895	0.0020715293	0.00036034111	6.4734440e-05	1.2078000e-05	2.3422936e-06	4.6169944e-07	0.0000000	0.0000000	0.0000000	0.0000000	0.0000000	0.0000000	0.0000000	0.0000000	0.0000000
11.0230	0.0000000	0.0000000	0.0000000	0.0000000	0.0000000	0.0000000	0.0000000	0.0000000	0.0000000	0.0000000	0.0000000	0.0000000	0.0000000	0.0000000	0.0000000	0.0000000	0.0000000	0.0000000	0.0000000	0.0000000	0.0000000	0.0000000	0.0000000	0.0000000	0.0000000	0.0000000	0.0000000	0.0000000	0.0000000	0.0000000	0.0000000	0.0000000	0.0000000	0.0000000	0.0000000	0.0000000	0.0000000	0.0000000	0.0000000	0.0000000	2.4547882e-11	6.2402068e-09	7.1956899e-07	4.3453438e-05	0.0013919316	0.023577941	0.20952418	1.0079693	3.0181041	6.7044720	12.415977	20.321689	30.193563	41.172753	51.615419	59.218408	61.558741	57.039020	45.997704	31.286098	17.263781	7.4233356	2.4200251	0.60648412	0.12504441	0.023203698	0.0041609188	0.00075195391	0.00014009911	2.7109094e-05	5.4594168e-06	1.1196512e-06	0.0000000	0.0000000	0.0000000	0.0000000	0.0000000	0.0000000	0.0000000	0.0000000	0.0000000
10.1150	0.0000000	0.0000000	0.0000000	0.0000000	0.0000000	0.0000000	0.0000000	0.0000000	0.0000000	0.0000000	0.0000000	0.0000000	0.0000000	0.0000000	0.0000000	0.0000000	0.0000000	0.0000000	0.0000000	0.0000000	0.0000000	0.0000000	0.0000000	0.0000000	0.0000000	0.0000000	0.0000000	0.0000000	0.0000000	0.0000000	0.0000000	0.0000000	0.0000000	0.0000000	0.0000000	0.0000000	0.0000000	0.0000000	0.0000000	0.0000000	3.3204565e-12	9.3667399e-10	1.1761773e-07	7.6415418e-06	0.00026213782	0.0047574338	0.045324197	0.23361177	0.74733840	1.7636622	3.4437073	5.9010393	9.1285638	12.910936	16.754283	19.883112	21.349121	20.378504	16.864911	11.717223	6.5723766	2.8627421	0.94367075	0.23902818	0.049838618	0.0093629603	0.0017013174	0.00031161168	5.8768037e-05	1.1481156e-05	2.3265511e-06	4.7830077e-07	0.0000000	0.0000000	0.0000000	0.0000000	0.0000000	0.0000000	0.0000000	0.0000000	0.0000000
