# DO NOT EDIT: written Thu Mar 14 18:48:37 2019 by wrt_emiss_fe17.pro
# faked emissivities [1e-23 ergs cm^3/s] for Fe17 lines from Del Zanna 2011, A&A 536, A59
# emissivities include ion balance, but not abundance, and are spline and ion balance jittered off of emiss_Fe17_00000.txt
# line 6 -- SEED, LOGT
# lines 7+ -- WVL, EMISSIVITY
       47318	4.00	4.05	4.10	4.15	4.20	4.25	4.30	4.35	4.40	4.45	4.50	4.55	4.60	4.65	4.70	4.75	4.80	4.85	4.90	4.95	5.00	5.05	5.10	5.15	5.20	5.25	5.30	5.35	5.40	5.45	5.50	5.55	5.60	5.65	5.70	5.75	5.80	5.85	5.90	5.95	6.00	6.05	6.10	6.15	6.20	6.25	6.30	6.35	6.40	6.45	6.50	6.55	6.60	6.65	6.70	6.75	6.80	6.85	6.90	6.95	7.00	7.05	7.10	7.15	7.20	7.25	7.30	7.35	7.40	7.45	7.50	7.55	7.60	7.65	7.70	7.75	7.80	7.85	7.90	7.95	8.00
15.0130	0.0000000	0.0000000	0.0000000	0.0000000	0.0000000	0.0000000	0.0000000	0.0000000	0.0000000	0.0000000	0.0000000	0.0000000	0.0000000	0.0000000	0.0000000	0.0000000	0.0000000	0.0000000	0.0000000	0.0000000	0.0000000	0.0000000	0.0000000	0.0000000	0.0000000	0.0000000	0.0000000	0.0000000	0.0000000	0.0000000	0.0000000	0.0000000	0.0000000	0.0000000	0.0000000	0.0000000	0.0000000	0.0000000	0.0000000	0.0000000	0.0000000	1.2375776e-06	0.00015681992	0.010084855	0.33182255	5.5497803	46.422024	203.06831	547.24566	1092.1394	1820.1208	2696.3318	3656.4285	4594.4200	5361.4852	5786.5513	5716.9049	5085.1102	3978.6525	2658.4799	1463.8381	640.73072	217.36728	57.378773	12.309177	2.3052490	0.40572835	0.070824300	0.012650052	0.0023433131	0.00045195697	9.0617047e-05	7.6006393e-06	0.0000000	0.0000000	0.0000000	0.0000000	0.0000000	0.0000000	0.0000000	0.0000000
17.0510	0.0000000	0.0000000	0.0000000	0.0000000	0.0000000	0.0000000	0.0000000	0.0000000	0.0000000	0.0000000	0.0000000	0.0000000	0.0000000	0.0000000	0.0000000	0.0000000	0.0000000	0.0000000	0.0000000	0.0000000	0.0000000	0.0000000	0.0000000	0.0000000	0.0000000	0.0000000	0.0000000	0.0000000	0.0000000	0.0000000	0.0000000	0.0000000	0.0000000	0.0000000	0.0000000	0.0000000	0.0000000	0.0000000	0.0000000	0.0000000	0.0000000	3.0082301e-06	0.00033990485	0.019711060	0.58963225	9.0241271	69.442402	280.83117	702.97554	1309.0877	2044.2684	2847.7657	3642.2484	4327.1351	4784.1617	4901.0212	4604.0054	3899.8540	2908.4327	1852.7161	972.19387	405.18377	130.73150	32.783482	6.6741006	1.1852699	0.19779233	0.032749470	0.0055534168	0.00097803046	0.00017961996	3.4348688e-05	2.7530770e-06	0.0000000	0.0000000	0.0000000	0.0000000	0.0000000	0.0000000	0.0000000	0.0000000
17.0960	0.0000000	0.0000000	0.0000000	0.0000000	0.0000000	0.0000000	0.0000000	0.0000000	0.0000000	0.0000000	0.0000000	0.0000000	0.0000000	0.0000000	0.0000000	0.0000000	0.0000000	0.0000000	0.0000000	0.0000000	0.0000000	0.0000000	0.0000000	0.0000000	0.0000000	0.0000000	0.0000000	0.0000000	0.0000000	0.0000000	0.0000000	0.0000000	0.0000000	0.0000000	0.0000000	0.0000000	0.0000000	0.0000000	0.0000000	0.0000000	0.0000000	2.8879502e-06	0.00032482105	0.018737202	0.55787100	8.4980174	65.007144	260.63038	644.32335	1179.5248	1801.5950	2442.2088	3023.3864	3458.3570	3665.2844	3586.7648	3210.0355	2585.9782	1832.5455	1109.2233	553.56931	219.85977	67.832072	16.349301	3.2358965	0.56099971	0.091906446	0.015168946	0.0025931760	0.00046564327	8.8147085e-05	1.7444447e-05	1.3928910e-06	0.0000000	0.0000000	0.0000000	0.0000000	0.0000000	0.0000000	0.0000000	0.0000000
16.7760	0.0000000	0.0000000	0.0000000	0.0000000	0.0000000	0.0000000	0.0000000	0.0000000	0.0000000	0.0000000	0.0000000	0.0000000	0.0000000	0.0000000	0.0000000	0.0000000	0.0000000	0.0000000	0.0000000	0.0000000	0.0000000	0.0000000	0.0000000	0.0000000	0.0000000	0.0000000	0.0000000	0.0000000	0.0000000	0.0000000	0.0000000	0.0000000	0.0000000	0.0000000	0.0000000	0.0000000	0.0000000	0.0000000	0.0000000	0.0000000	0.0000000	1.8666082e-06	0.00021004496	0.012131031	0.36228236	5.5532144	42.939449	175.02468	442.71268	834.45611	1320.0305	1862.7143	2410.2225	2892.3577	3226.3746	3331.6416	3152.4527	2688.3766	2018.0639	1293.7282	683.05407	286.48423	93.090390	23.542354	4.8433151	0.87148830	0.14776734	0.024933694	0.0043193461	0.00077790638	0.00014602726	2.8485817e-05	2.3217169e-06	0.0000000	0.0000000	0.0000000	0.0000000	0.0000000	0.0000000	0.0000000	0.0000000
15.2620	0.0000000	0.0000000	0.0000000	0.0000000	0.0000000	0.0000000	0.0000000	0.0000000	0.0000000	0.0000000	0.0000000	0.0000000	0.0000000	0.0000000	0.0000000	0.0000000	0.0000000	0.0000000	0.0000000	0.0000000	0.0000000	0.0000000	0.0000000	0.0000000	0.0000000	0.0000000	0.0000000	0.0000000	0.0000000	0.0000000	0.0000000	0.0000000	0.0000000	0.0000000	0.0000000	0.0000000	0.0000000	0.0000000	0.0000000	0.0000000	0.0000000	4.3616844e-07	5.4076956e-05	0.0034105842	0.11022699	1.8118355	14.891520	64.001138	169.49617	332.64236	545.81139	797.49036	1068.7636	1329.9185	1540.3757	1654.3024	1631.0021	1452.3871	1141.3700	768.25664	427.07625	188.99497	64.866170	17.322255	3.7571814	0.71082945	0.12624971	0.022210544	0.0039917587	0.00074265355	0.00014355029	2.8772348e-05	2.4055665e-06	0.0000000	0.0000000	0.0000000	0.0000000	0.0000000	0.0000000	0.0000000	0.0000000
12.1240	0.0000000	0.0000000	0.0000000	0.0000000	0.0000000	0.0000000	0.0000000	0.0000000	0.0000000	0.0000000	0.0000000	0.0000000	0.0000000	0.0000000	0.0000000	0.0000000	0.0000000	0.0000000	0.0000000	0.0000000	0.0000000	0.0000000	0.0000000	0.0000000	0.0000000	0.0000000	0.0000000	0.0000000	0.0000000	0.0000000	0.0000000	0.0000000	0.0000000	0.0000000	0.0000000	0.0000000	0.0000000	0.0000000	0.0000000	0.0000000	0.0000000	3.4334880e-08	5.4996414e-06	0.00043453273	0.017108751	0.33445756	3.2032921	15.770640	47.155878	103.14547	186.41724	296.74850	428.95731	570.52072	700.62688	791.96899	816.29844	755.13140	612.74623	423.41470	240.39048	108.15068	37.591228	10.136443	2.2150154	0.42137944	0.075129126	0.013249586	0.0023845932	0.00044394848	8.5813982e-05	1.7189849e-05	1.4361785e-06	0.0000000	0.0000000	0.0000000	0.0000000	0.0000000	0.0000000	0.0000000	0.0000000
12.2640	0.0000000	0.0000000	0.0000000	0.0000000	0.0000000	0.0000000	0.0000000	0.0000000	0.0000000	0.0000000	0.0000000	0.0000000	0.0000000	0.0000000	0.0000000	0.0000000	0.0000000	0.0000000	0.0000000	0.0000000	0.0000000	0.0000000	0.0000000	0.0000000	0.0000000	0.0000000	0.0000000	0.0000000	0.0000000	0.0000000	0.0000000	0.0000000	0.0000000	0.0000000	0.0000000	0.0000000	0.0000000	0.0000000	0.0000000	0.0000000	0.0000000	3.7798782e-08	5.7773640e-06	0.00043735725	0.016561988	0.31208954	2.8836455	13.704803	39.607236	83.989288	147.93881	231.30334	331.83474	443.67969	555.67925	650.30884	699.42391	672.71061	564.40318	401.32602	233.52140	104.97861	36.310002	9.7500875	2.1233135	0.40281402	0.071659751	0.012616112	0.0022678127	0.00042190081	8.1535839e-05	1.6339357e-05	1.3666689e-06	0.0000000	0.0000000	0.0000000	0.0000000	0.0000000	0.0000000	0.0000000	0.0000000
13.8250	0.0000000	0.0000000	0.0000000	0.0000000	0.0000000	0.0000000	0.0000000	0.0000000	0.0000000	0.0000000	0.0000000	0.0000000	0.0000000	0.0000000	0.0000000	0.0000000	0.0000000	0.0000000	0.0000000	0.0000000	0.0000000	0.0000000	0.0000000	0.0000000	0.0000000	0.0000000	0.0000000	0.0000000	0.0000000	0.0000000	0.0000000	0.0000000	0.0000000	0.0000000	0.0000000	0.0000000	0.0000000	0.0000000	0.0000000	0.0000000	0.0000000	5.4517620e-08	7.2881058e-06	0.00049559862	0.017295252	0.30752872	2.7363423	12.708529	36.187085	75.921249	132.49019	204.96145	289.85365	379.67174	461.59528	518.74163	533.22488	492.70642	399.43070	275.59957	156.18253	70.141420	24.348663	6.5624942	1.4351544	0.27371780	0.049021681	0.0087011442	0.0015789078	0.00029682446	5.8006401e-05	1.1757878e-05	9.9434205e-07	0.0000000	0.0000000	0.0000000	0.0000000	0.0000000	0.0000000	0.0000000	0.0000000
15.4530	0.0000000	0.0000000	0.0000000	0.0000000	0.0000000	0.0000000	0.0000000	0.0000000	0.0000000	0.0000000	0.0000000	0.0000000	0.0000000	0.0000000	0.0000000	0.0000000	0.0000000	0.0000000	0.0000000	0.0000000	0.0000000	0.0000000	0.0000000	0.0000000	0.0000000	0.0000000	0.0000000	0.0000000	0.0000000	0.0000000	0.0000000	0.0000000	0.0000000	0.0000000	0.0000000	0.0000000	0.0000000	0.0000000	0.0000000	0.0000000	0.0000000	1.4601516e-07	1.7360383e-05	0.0010498607	0.032562060	0.51405790	4.0599942	16.765226	42.619130	80.148283	125.70273	174.98588	222.58708	261.74147	285.04807	286.23835	262.29548	215.85910	156.03075	96.264266	48.963675	19.812099	6.2186397	1.5208638	0.30286250	0.052786368	0.0086724131	0.0014179019	0.00023804264	4.1595194e-05	7.5916778e-06	1.4440880e-06	1.1515705e-07	0.0000000	0.0000000	0.0000000	0.0000000	0.0000000	0.0000000	0.0000000	0.0000000
11.2500	0.0000000	0.0000000	0.0000000	0.0000000	0.0000000	0.0000000	0.0000000	0.0000000	0.0000000	0.0000000	0.0000000	0.0000000	0.0000000	0.0000000	0.0000000	0.0000000	0.0000000	0.0000000	0.0000000	0.0000000	0.0000000	0.0000000	0.0000000	0.0000000	0.0000000	0.0000000	0.0000000	0.0000000	0.0000000	0.0000000	0.0000000	0.0000000	0.0000000	0.0000000	0.0000000	0.0000000	0.0000000	0.0000000	0.0000000	0.0000000	0.0000000	6.5883850e-09	1.1304225e-06	9.5092700e-05	0.0039678354	0.081838637	0.82333759	4.2386847	17.854710	40.514567	75.698316	124.16854	184.38033	251.15061	314.85321	362.21103	378.89535	354.80901	290.76520	202.51402	115.69775	52.309694	18.253016	4.9373047	1.0817925	0.20631738	0.036874514	0.0065187562	0.0011760999	0.00021952739	4.2553966e-05	8.5509388e-06	7.1681582e-07	0.0000000	0.0000000	0.0000000	0.0000000	0.0000000	0.0000000	0.0000000	0.0000000
11.1290	0.0000000	0.0000000	0.0000000	0.0000000	0.0000000	0.0000000	0.0000000	0.0000000	0.0000000	0.0000000	0.0000000	0.0000000	0.0000000	0.0000000	0.0000000	0.0000000	0.0000000	0.0000000	0.0000000	0.0000000	0.0000000	0.0000000	0.0000000	0.0000000	0.0000000	0.0000000	0.0000000	0.0000000	0.0000000	0.0000000	0.0000000	0.0000000	0.0000000	0.0000000	0.0000000	0.0000000	0.0000000	0.0000000	0.0000000	0.0000000	0.0000000	5.3343015e-09	9.1625488e-07	7.7238064e-05	0.0032355106	0.067108199	0.67984019	3.5276114	11.075432	25.349257	47.778186	79.054571	118.38935	162.55060	205.22885	237.54668	249.78639	234.92693	193.20167	134.93208	77.246642	34.976568	12.216644	3.3063087	0.72455766	0.13816395	0.024680371	0.0043588791	0.00078531261	0.00014630775	2.8293130e-05	5.6687963e-06	4.7356504e-07	0.0000000	0.0000000	0.0000000	0.0000000	0.0000000	0.0000000	0.0000000	0.0000000
16.3360	0.0000000	0.0000000	0.0000000	0.0000000	0.0000000	0.0000000	0.0000000	0.0000000	0.0000000	0.0000000	0.0000000	0.0000000	0.0000000	0.0000000	0.0000000	0.0000000	0.0000000	0.0000000	0.0000000	0.0000000	0.0000000	0.0000000	0.0000000	0.0000000	0.0000000	0.0000000	0.0000000	0.0000000	0.0000000	0.0000000	0.0000000	0.0000000	0.0000000	0.0000000	0.0000000	0.0000000	0.0000000	0.0000000	0.0000000	0.0000000	0.0000000	4.9517493e-08	5.6588265e-06	0.00033059776	0.0099546364	0.15337513	1.1876692	4.8281035	12.127712	22.602859	35.234955	48.898129	62.204513	73.430049	80.627615	82.012291	76.496148	64.348161	47.669410	30.181683	15.757395	6.5426554	2.1063541	0.53568618	0.12601008	0.025589609	0.0043648871	0.00072863320	0.00012473254	2.2192143e-05	4.1175097e-06	7.9486425e-07	6.4212857e-08	0.0000000	0.0000000	0.0000000	0.0000000	0.0000000	0.0000000	0.0000000	0.0000000
13.8900	0.0000000	0.0000000	0.0000000	0.0000000	0.0000000	0.0000000	0.0000000	0.0000000	0.0000000	0.0000000	0.0000000	0.0000000	0.0000000	0.0000000	0.0000000	0.0000000	0.0000000	0.0000000	0.0000000	0.0000000	0.0000000	0.0000000	0.0000000	0.0000000	0.0000000	0.0000000	0.0000000	0.0000000	0.0000000	0.0000000	0.0000000	0.0000000	0.0000000	0.0000000	0.0000000	0.0000000	0.0000000	0.0000000	0.0000000	0.0000000	0.0000000	2.1410926e-08	2.7328448e-06	0.00017706147	0.0058826115	0.099614718	0.84492117	3.7440316	10.173344	20.372677	33.943795	50.142650	67.730333	84.836639	98.901134	106.82235	105.71719	94.184786	73.690728	49.085549	26.849139	11.632205	3.8920596	1.0099618	0.21233750	0.038859647	0.0066627960	0.0011296464	0.00019555854	3.5066635e-05	6.5421476e-06	1.2684152e-06	1.0291538e-07	0.0000000	0.0000000	0.0000000	0.0000000	0.0000000	0.0000000	0.0000000	0.0000000
16.0040	0.0000000	0.0000000	0.0000000	0.0000000	0.0000000	0.0000000	0.0000000	0.0000000	0.0000000	0.0000000	0.0000000	0.0000000	0.0000000	0.0000000	0.0000000	0.0000000	0.0000000	0.0000000	0.0000000	0.0000000	0.0000000	0.0000000	0.0000000	0.0000000	0.0000000	0.0000000	0.0000000	0.0000000	0.0000000	0.0000000	0.0000000	0.0000000	0.0000000	0.0000000	0.0000000	0.0000000	0.0000000	0.0000000	0.0000000	0.0000000	0.0000000	3.5832935e-08	4.2472276e-06	0.00025698045	0.0079939609	0.12694983	1.0124203	4.2370860	10.921633	20.747929	32.705361	45.549913	57.736474	67.455570	72.868743	72.540405	65.911866	55.745730	41.789014	26.768621	14.130816	5.9274489	1.9261415	0.48705439	0.10015194	0.017998526	0.0030446735	0.00051184484	8.8230536e-05	1.5805353e-05	2.9520966e-06	5.7354090e-07	4.6614230e-08	0.0000000	0.0000000	0.0000000	0.0000000	0.0000000	0.0000000	0.0000000	0.0000000
10.7700	0.0000000	0.0000000	0.0000000	0.0000000	0.0000000	0.0000000	0.0000000	0.0000000	0.0000000	0.0000000	0.0000000	0.0000000	0.0000000	0.0000000	0.0000000	0.0000000	0.0000000	0.0000000	0.0000000	0.0000000	0.0000000	0.0000000	0.0000000	0.0000000	0.0000000	0.0000000	0.0000000	0.0000000	0.0000000	0.0000000	0.0000000	0.0000000	0.0000000	0.0000000	0.0000000	0.0000000	0.0000000	0.0000000	0.0000000	0.0000000	0.0000000	2.6483334e-09	4.8439216e-07	4.3403441e-05	0.0019287584	0.042366345	0.45343636	2.4683204	8.0249471	18.679894	35.195720	57.493506	84.370158	113.29187	140.43568	160.98856	169.16703	160.07556	133.04098	94.103953	54.566379	24.996051	8.8229097	2.4107822	0.53296469	0.10246720	0.018445661	0.0032814867	0.00059526275	0.00011162006	2.1718560e-05	4.3773546e-06	3.6776749e-07	0.0000000	0.0000000	0.0000000	0.0000000	0.0000000	0.0000000	0.0000000	0.0000000
10.6570	0.0000000	0.0000000	0.0000000	0.0000000	0.0000000	0.0000000	0.0000000	0.0000000	0.0000000	0.0000000	0.0000000	0.0000000	0.0000000	0.0000000	0.0000000	0.0000000	0.0000000	0.0000000	0.0000000	0.0000000	0.0000000	0.0000000	0.0000000	0.0000000	0.0000000	0.0000000	0.0000000	0.0000000	0.0000000	0.0000000	0.0000000	0.0000000	0.0000000	0.0000000	0.0000000	0.0000000	0.0000000	0.0000000	0.0000000	0.0000000	0.0000000	1.2901723e-09	2.3550540e-07	2.0960981e-05	0.00092121472	0.019929845	0.20939646	1.1204188	3.6060663	8.4129233	16.087408	26.910065	40.640422	56.196811	71.428856	83.215450	88.026161	83.220837	68.736959	48.171545	29.620430	14.495783	5.3678764	1.5139966	0.34095291	0.066074082	0.011892242	0.0021022225	0.00037717697	6.9720032e-05	1.3343331e-05	2.6421603e-06	2.1805825e-07	0.0000000	0.0000000	0.0000000	0.0000000	0.0000000	0.0000000	0.0000000	0.0000000
12.6800	0.0000000	0.0000000	0.0000000	0.0000000	0.0000000	0.0000000	0.0000000	0.0000000	0.0000000	0.0000000	0.0000000	0.0000000	0.0000000	0.0000000	0.0000000	0.0000000	0.0000000	0.0000000	0.0000000	0.0000000	0.0000000	0.0000000	0.0000000	0.0000000	0.0000000	0.0000000	0.0000000	0.0000000	0.0000000	0.0000000	0.0000000	0.0000000	0.0000000	0.0000000	0.0000000	0.0000000	0.0000000	0.0000000	0.0000000	0.0000000	0.0000000	6.0079413e-09	8.4633843e-07	6.0190782e-05	0.0021830234	0.040065952	0.36441835	1.7055068	4.8300085	9.9725821	16.974279	25.443410	34.744144	43.921627	51.544284	55.895711	55.384357	49.244334	38.331142	25.353355	13.755508	5.9122931	1.9657148	0.50837526	0.10692088	0.019647915	0.0033958972	0.00058256009	0.00010232042	1.8647268e-05	3.5384296e-06	6.9772826e-07	5.7533322e-08	0.0000000	0.0000000	0.0000000	0.0000000	0.0000000	0.0000000	0.0000000	0.0000000
11.0230	0.0000000	0.0000000	0.0000000	0.0000000	0.0000000	0.0000000	0.0000000	0.0000000	0.0000000	0.0000000	0.0000000	0.0000000	0.0000000	0.0000000	0.0000000	0.0000000	0.0000000	0.0000000	0.0000000	0.0000000	0.0000000	0.0000000	0.0000000	0.0000000	0.0000000	0.0000000	0.0000000	0.0000000	0.0000000	0.0000000	0.0000000	0.0000000	0.0000000	0.0000000	0.0000000	0.0000000	0.0000000	0.0000000	0.0000000	0.0000000	0.0000000	1.0612668e-09	1.8804502e-07	1.6348292e-05	0.00070274920	0.014831961	0.15167810	0.78915706	2.4715119	5.6264951	10.548128	17.385049	25.985672	35.722550	45.740646	53.702167	57.283561	54.672884	45.656191	32.407679	18.939220	8.9098355	3.2531062	0.92547257	0.21423727	0.043282075	0.0081975959	0.0015335177	0.00029217582	5.5508050e-05	1.0913148e-05	2.2285085e-06	1.9020628e-07	0.0000000	0.0000000	0.0000000	0.0000000	0.0000000	0.0000000	0.0000000	0.0000000
10.1150	0.0000000	0.0000000	0.0000000	0.0000000	0.0000000	0.0000000	0.0000000	0.0000000	0.0000000	0.0000000	0.0000000	0.0000000	0.0000000	0.0000000	0.0000000	0.0000000	0.0000000	0.0000000	0.0000000	0.0000000	0.0000000	0.0000000	0.0000000	0.0000000	0.0000000	0.0000000	0.0000000	0.0000000	0.0000000	0.0000000	0.0000000	0.0000000	0.0000000	0.0000000	0.0000000	0.0000000	0.0000000	0.0000000	0.0000000	0.0000000	0.0000000	1.7005963e-10	3.3415803e-08	3.1941867e-06	0.00015069999	0.0035047139	0.039700548	0.22970477	0.77638437	1.8935566	3.7681187	6.5338986	10.198203	14.544955	19.050641	22.866430	24.915879	24.252280	20.605260	14.834249	8.7344013	4.0619816	1.2869093	0.33195980	0.075184437	0.015546456	0.0030456616	0.00058180813	0.00011059038	2.1201337e-05	4.2173017e-06	8.6875768e-07	7.4573101e-08	0.0000000	0.0000000	0.0000000	0.0000000	0.0000000	0.0000000	0.0000000	0.0000000
