# DO NOT EDIT: written Thu Mar 14 18:48:37 2019 by wrt_emiss_fe17.pro
# faked emissivities [1e-23 ergs cm^3/s] for Fe17 lines from Del Zanna 2011, A&A 536, A59
# emissivities include ion balance, but not abundance, and are spline and ion balance jittered off of emiss_Fe17_00000.txt
# line 6 -- SEED, LOGT
# lines 7+ -- WVL, EMISSIVITY
       37427	4.00	4.05	4.10	4.15	4.20	4.25	4.30	4.35	4.40	4.45	4.50	4.55	4.60	4.65	4.70	4.75	4.80	4.85	4.90	4.95	5.00	5.05	5.10	5.15	5.20	5.25	5.30	5.35	5.40	5.45	5.50	5.55	5.60	5.65	5.70	5.75	5.80	5.85	5.90	5.95	6.00	6.05	6.10	6.15	6.20	6.25	6.30	6.35	6.40	6.45	6.50	6.55	6.60	6.65	6.70	6.75	6.80	6.85	6.90	6.95	7.00	7.05	7.10	7.15	7.20	7.25	7.30	7.35	7.40	7.45	7.50	7.55	7.60	7.65	7.70	7.75	7.80	7.85	7.90	7.95	8.00
15.0130	0.0000000	0.0000000	0.0000000	0.0000000	0.0000000	0.0000000	0.0000000	0.0000000	0.0000000	0.0000000	0.0000000	0.0000000	0.0000000	0.0000000	0.0000000	0.0000000	0.0000000	0.0000000	0.0000000	0.0000000	0.0000000	0.0000000	0.0000000	0.0000000	0.0000000	0.0000000	0.0000000	0.0000000	0.0000000	0.0000000	0.0000000	0.0000000	0.0000000	0.0000000	0.0000000	0.0000000	0.0000000	0.0000000	0.0000000	0.0000000	0.0000000	6.9358532e-07	9.0283173e-05	0.0059232921	0.20149117	3.5702079	33.035100	167.77851	523.69307	1150.5151	2019.9190	3079.4271	4253.1046	5423.8122	6427.2887	7067.8123	7160.0534	6594.7798	5418.1009	3871.1269	2330.6714	1140.2019	437.64517	129.06387	29.749695	5.7263808	1.0032265	0.17127832	0.029674034	0.0053266023	0.00099723018	0.00019505380	3.4746759e-05	0.0000000	0.0000000	0.0000000	0.0000000	0.0000000	0.0000000	0.0000000	0.0000000
17.0510	0.0000000	0.0000000	0.0000000	0.0000000	0.0000000	0.0000000	0.0000000	0.0000000	0.0000000	0.0000000	0.0000000	0.0000000	0.0000000	0.0000000	0.0000000	0.0000000	0.0000000	0.0000000	0.0000000	0.0000000	0.0000000	0.0000000	0.0000000	0.0000000	0.0000000	0.0000000	0.0000000	0.0000000	0.0000000	0.0000000	0.0000000	0.0000000	0.0000000	0.0000000	0.0000000	0.0000000	0.0000000	0.0000000	0.0000000	0.0000000	0.0000000	1.4758114e-06	0.00017001186	0.0099639455	0.30515764	4.8977409	41.247955	191.49019	548.52914	1110.0081	1800.7297	2542.6858	3257.7677	3857.5481	4250.6162	4359.8768	4140.9907	3601.8478	2819.8468	1940.6493	1139.7221	551.69162	212.61551	63.203441	14.513925	2.7434143	0.46646169	0.076537033	0.012639726	0.0021481746	0.00037866636	6.9440971e-05	1.1575554e-05	0.0000000	0.0000000	0.0000000	0.0000000	0.0000000	0.0000000	0.0000000	0.0000000
17.0960	0.0000000	0.0000000	0.0000000	0.0000000	0.0000000	0.0000000	0.0000000	0.0000000	0.0000000	0.0000000	0.0000000	0.0000000	0.0000000	0.0000000	0.0000000	0.0000000	0.0000000	0.0000000	0.0000000	0.0000000	0.0000000	0.0000000	0.0000000	0.0000000	0.0000000	0.0000000	0.0000000	0.0000000	0.0000000	0.0000000	0.0000000	0.0000000	0.0000000	0.0000000	0.0000000	0.0000000	0.0000000	0.0000000	0.0000000	0.0000000	0.0000000	1.1942093e-06	0.00013558181	0.0078557762	0.23856034	3.8062383	31.914489	147.54746	420.66487	846.44969	1365.1319	1918.7523	2453.7144	2912.0231	3230.8933	3350.2344	3226.5822	2850.7130	2266.7811	1578.4101	929.30692	444.71689	166.63052	46.898733	10.159889	1.8390914	0.30324188	0.048761834	0.0079603400	0.0013464272	0.00023732852	4.2027283e-05	6.4756862e-06	0.0000000	0.0000000	0.0000000	0.0000000	0.0000000	0.0000000	0.0000000	0.0000000
16.7760	0.0000000	0.0000000	0.0000000	0.0000000	0.0000000	0.0000000	0.0000000	0.0000000	0.0000000	0.0000000	0.0000000	0.0000000	0.0000000	0.0000000	0.0000000	0.0000000	0.0000000	0.0000000	0.0000000	0.0000000	0.0000000	0.0000000	0.0000000	0.0000000	0.0000000	0.0000000	0.0000000	0.0000000	0.0000000	0.0000000	0.0000000	0.0000000	0.0000000	0.0000000	0.0000000	0.0000000	0.0000000	0.0000000	0.0000000	0.0000000	0.0000000	9.5167335e-07	0.00010703563	0.0061155294	0.18377735	2.9202839	24.569850	114.94420	334.46176	692.25545	1155.3064	1686.1210	2240.1624	2758.1714	3166.0344	3382.5841	3338.7364	3004.0112	2415.7387	1691.2763	998.18391	478.76202	180.16114	52.098744	11.779589	2.2247587	0.38247859	0.064063414	0.010880851	0.0019121995	0.00034968369	6.6583230e-05	1.1502621e-05	0.0000000	0.0000000	0.0000000	0.0000000	0.0000000	0.0000000	0.0000000	0.0000000
15.2620	0.0000000	0.0000000	0.0000000	0.0000000	0.0000000	0.0000000	0.0000000	0.0000000	0.0000000	0.0000000	0.0000000	0.0000000	0.0000000	0.0000000	0.0000000	0.0000000	0.0000000	0.0000000	0.0000000	0.0000000	0.0000000	0.0000000	0.0000000	0.0000000	0.0000000	0.0000000	0.0000000	0.0000000	0.0000000	0.0000000	0.0000000	0.0000000	0.0000000	0.0000000	0.0000000	0.0000000	0.0000000	0.0000000	0.0000000	0.0000000	0.0000000	1.6924376e-07	2.1624192e-05	0.0013969030	0.046891181	0.82081376	7.5051717	37.677667	116.31194	252.94904	440.87741	669.66974	923.54825	1178.6523	1400.9637	1548.9315	1581.5918	1472.1442	1225.2557	888.66489	544.03752	270.98074	105.99169	31.868982	7.4906917	1.4698753	0.26233145	0.045571204	0.0080197567	0.0014589919	0.00027605631	5.4384195e-05	9.7229412e-06	0.0000000	0.0000000	0.0000000	0.0000000	0.0000000	0.0000000	0.0000000	0.0000000
12.1240	0.0000000	0.0000000	0.0000000	0.0000000	0.0000000	0.0000000	0.0000000	0.0000000	0.0000000	0.0000000	0.0000000	0.0000000	0.0000000	0.0000000	0.0000000	0.0000000	0.0000000	0.0000000	0.0000000	0.0000000	0.0000000	0.0000000	0.0000000	0.0000000	0.0000000	0.0000000	0.0000000	0.0000000	0.0000000	0.0000000	0.0000000	0.0000000	0.0000000	0.0000000	0.0000000	0.0000000	0.0000000	0.0000000	0.0000000	0.0000000	0.0000000	1.5582019e-08	2.5100797e-06	0.00019894951	0.0080016469	0.16443785	1.7351474	9.9101659	34.389941	83.170491	159.36972	263.19384	391.14231	533.49938	672.77486	784.22136	839.73883	815.94602	706.15604	530.74593	335.68755	172.28531	69.283981	21.380992	5.1493213	1.0332958	0.18816035	0.033265726	0.0059413948	0.0010936865	0.00020864860	4.1276479e-05	7.3794706e-06	0.0000000	0.0000000	0.0000000	0.0000000	0.0000000	0.0000000	0.0000000	0.0000000
12.2640	0.0000000	0.0000000	0.0000000	0.0000000	0.0000000	0.0000000	0.0000000	0.0000000	0.0000000	0.0000000	0.0000000	0.0000000	0.0000000	0.0000000	0.0000000	0.0000000	0.0000000	0.0000000	0.0000000	0.0000000	0.0000000	0.0000000	0.0000000	0.0000000	0.0000000	0.0000000	0.0000000	0.0000000	0.0000000	0.0000000	0.0000000	0.0000000	0.0000000	0.0000000	0.0000000	0.0000000	0.0000000	0.0000000	0.0000000	0.0000000	0.0000000	1.5232700e-08	2.3606461e-06	0.00018089988	0.0070780131	0.14253834	1.4859680	8.4582172	29.517409	72.278153	140.67969	236.07486	356.38818	493.62955	631.60953	745.83117	807.18230	790.40497	687.21969	517.42580	327.02395	167.34597	66.966690	20.531319	4.9065892	0.97603419	0.17555704	0.030684320	0.0054240154	0.00098953276	0.00018729738	3.6681355e-05	6.4966060e-06	0.0000000	0.0000000	0.0000000	0.0000000	0.0000000	0.0000000	0.0000000	0.0000000
13.8250	0.0000000	0.0000000	0.0000000	0.0000000	0.0000000	0.0000000	0.0000000	0.0000000	0.0000000	0.0000000	0.0000000	0.0000000	0.0000000	0.0000000	0.0000000	0.0000000	0.0000000	0.0000000	0.0000000	0.0000000	0.0000000	0.0000000	0.0000000	0.0000000	0.0000000	0.0000000	0.0000000	0.0000000	0.0000000	0.0000000	0.0000000	0.0000000	0.0000000	0.0000000	0.0000000	0.0000000	0.0000000	0.0000000	0.0000000	0.0000000	0.0000000	2.4747580e-08	3.3694100e-06	0.00023239176	0.0083575259	0.15730368	1.5503007	8.3861129	27.791611	64.588769	119.62919	192.07349	279.23007	375.08419	468.85826	544.43220	582.64080	566.63597	490.75886	368.71017	232.84600	119.20746	47.785382	14.693945	3.5272843	0.70622557	0.12849273	0.022733047	0.0040694337	0.00075186539	0.00014414728	2.8687615e-05	5.1626281e-06	0.0000000	0.0000000	0.0000000	0.0000000	0.0000000	0.0000000	0.0000000	0.0000000
15.4530	0.0000000	0.0000000	0.0000000	0.0000000	0.0000000	0.0000000	0.0000000	0.0000000	0.0000000	0.0000000	0.0000000	0.0000000	0.0000000	0.0000000	0.0000000	0.0000000	0.0000000	0.0000000	0.0000000	0.0000000	0.0000000	0.0000000	0.0000000	0.0000000	0.0000000	0.0000000	0.0000000	0.0000000	0.0000000	0.0000000	0.0000000	0.0000000	0.0000000	0.0000000	0.0000000	0.0000000	0.0000000	0.0000000	0.0000000	0.0000000	0.0000000	7.5229571e-08	9.2805957e-06	0.00057812157	0.018640981	0.29666051	2.3853677	10.162150	29.209256	60.807537	101.07645	145.79522	190.40336	229.42033	256.66198	266.29083	254.45594	221.08879	171.36815	115.51038	65.611587	30.287620	10.973145	3.0571667	0.66662551	0.12157423	0.020211636	0.0032791046	0.00054043022	9.2332358e-05	1.6445444e-05	3.0552840e-06	5.1583261e-07	0.0000000	0.0000000	0.0000000	0.0000000	0.0000000	0.0000000	0.0000000	0.0000000
11.2500	0.0000000	0.0000000	0.0000000	0.0000000	0.0000000	0.0000000	0.0000000	0.0000000	0.0000000	0.0000000	0.0000000	0.0000000	0.0000000	0.0000000	0.0000000	0.0000000	0.0000000	0.0000000	0.0000000	0.0000000	0.0000000	0.0000000	0.0000000	0.0000000	0.0000000	0.0000000	0.0000000	0.0000000	0.0000000	0.0000000	0.0000000	0.0000000	0.0000000	0.0000000	0.0000000	0.0000000	0.0000000	0.0000000	0.0000000	0.0000000	0.0000000	3.0605668e-09	5.3835388e-07	4.6151187e-05	0.0019903804	0.043515680	0.48555116	2.9658626	10.937610	27.953380	56.308848	97.284846	150.57103	212.97257	277.29684	332.29003	364.26631	360.90524	317.26146	241.33847	153.97399	79.464167	32.039496	9.8877561	2.3768611	0.47542157	0.086206269	0.015165252	0.0026939734	0.00049315019	9.3568584e-05	1.8416181e-05	3.2771341e-06	0.0000000	0.0000000	0.0000000	0.0000000	0.0000000	0.0000000	0.0000000	0.0000000
11.1290	0.0000000	0.0000000	0.0000000	0.0000000	0.0000000	0.0000000	0.0000000	0.0000000	0.0000000	0.0000000	0.0000000	0.0000000	0.0000000	0.0000000	0.0000000	0.0000000	0.0000000	0.0000000	0.0000000	0.0000000	0.0000000	0.0000000	0.0000000	0.0000000	0.0000000	0.0000000	0.0000000	0.0000000	0.0000000	0.0000000	0.0000000	0.0000000	0.0000000	0.0000000	0.0000000	0.0000000	0.0000000	0.0000000	0.0000000	0.0000000	0.0000000	2.4348412e-09	4.3624656e-07	3.8049505e-05	0.0016677196	0.037013553	0.41818832	2.5358618	9.2687096	23.443324	46.679485	79.641582	121.63629	169.70360	217.92666	257.57398	278.51871	272.21603	236.07949	177.18718	111.55691	56.830499	22.626111	6.8980065	1.6388897	0.32418073	0.058162897	0.010129535	0.0017824685	0.00032350846	6.0937628e-05	1.1928103e-05	2.1156924e-06	0.0000000	0.0000000	0.0000000	0.0000000	0.0000000	0.0000000	0.0000000	0.0000000
16.3360	0.0000000	0.0000000	0.0000000	0.0000000	0.0000000	0.0000000	0.0000000	0.0000000	0.0000000	0.0000000	0.0000000	0.0000000	0.0000000	0.0000000	0.0000000	0.0000000	0.0000000	0.0000000	0.0000000	0.0000000	0.0000000	0.0000000	0.0000000	0.0000000	0.0000000	0.0000000	0.0000000	0.0000000	0.0000000	0.0000000	0.0000000	0.0000000	0.0000000	0.0000000	0.0000000	0.0000000	0.0000000	0.0000000	0.0000000	0.0000000	0.0000000	2.7559750e-08	3.2339181e-06	0.00019266020	0.0059938413	0.097745820	0.83611671	3.9387051	11.436211	23.429249	38.467827	55.033544	71.615624	86.466859	97.511243	102.25692	98.565356	85.851771	68.408354	49.727943	30.810245	14.480436	5.3467978	1.5194967	0.33818910	0.062976738	0.010693404	0.0017721477	0.00029832764	5.2049800e-05	9.4635196e-06	1.7937928e-06	3.0879698e-07	0.0000000	0.0000000	0.0000000	0.0000000	0.0000000	0.0000000	0.0000000	0.0000000
13.8900	0.0000000	0.0000000	0.0000000	0.0000000	0.0000000	0.0000000	0.0000000	0.0000000	0.0000000	0.0000000	0.0000000	0.0000000	0.0000000	0.0000000	0.0000000	0.0000000	0.0000000	0.0000000	0.0000000	0.0000000	0.0000000	0.0000000	0.0000000	0.0000000	0.0000000	0.0000000	0.0000000	0.0000000	0.0000000	0.0000000	0.0000000	0.0000000	0.0000000	0.0000000	0.0000000	0.0000000	0.0000000	0.0000000	0.0000000	0.0000000	0.0000000	9.2732752e-09	1.2447451e-06	8.4889475e-05	0.0030236828	0.056387545	0.54988826	2.9328788	9.5229169	21.509560	38.375693	58.530247	80.233803	101.46065	117.37853	124.61151	120.13586	103.98257	80.210229	53.953131	31.092295	15.100013	5.7513299	1.6835993	0.38555150	0.073809997	0.012873049	0.0021893375	0.00037790222	6.7548970e-05	1.2573252e-05	2.4383775e-06	4.2925449e-07	0.0000000	0.0000000	0.0000000	0.0000000	0.0000000	0.0000000	0.0000000	0.0000000
16.0040	0.0000000	0.0000000	0.0000000	0.0000000	0.0000000	0.0000000	0.0000000	0.0000000	0.0000000	0.0000000	0.0000000	0.0000000	0.0000000	0.0000000	0.0000000	0.0000000	0.0000000	0.0000000	0.0000000	0.0000000	0.0000000	0.0000000	0.0000000	0.0000000	0.0000000	0.0000000	0.0000000	0.0000000	0.0000000	0.0000000	0.0000000	0.0000000	0.0000000	0.0000000	0.0000000	0.0000000	0.0000000	0.0000000	0.0000000	0.0000000	0.0000000	1.9736294e-08	2.4026163e-06	0.00014789129	0.0047297429	0.078902912	0.68810831	3.2982505	9.7322519	20.239767	33.668363	48.663499	63.745798	77.143301	86.844317	90.876966	87.801178	77.309650	60.838896	41.698679	24.109875	11.336762	4.1859776	1.1893956	0.26470771	0.049309279	0.0083806257	0.0013914878	0.00023496723	4.1177991e-05	7.5313826e-06	1.4382932e-06	2.4981884e-07	0.0000000	0.0000000	0.0000000	0.0000000	0.0000000	0.0000000	0.0000000	0.0000000
10.7700	0.0000000	0.0000000	0.0000000	0.0000000	0.0000000	0.0000000	0.0000000	0.0000000	0.0000000	0.0000000	0.0000000	0.0000000	0.0000000	0.0000000	0.0000000	0.0000000	0.0000000	0.0000000	0.0000000	0.0000000	0.0000000	0.0000000	0.0000000	0.0000000	0.0000000	0.0000000	0.0000000	0.0000000	0.0000000	0.0000000	0.0000000	0.0000000	0.0000000	0.0000000	0.0000000	0.0000000	0.0000000	0.0000000	0.0000000	0.0000000	0.0000000	1.2777976e-09	2.2706916e-07	1.9908703e-05	0.00089517830	0.020680632	0.24475321	1.5517213	5.8926795	15.381631	31.425171	54.753768	85.098688	120.52791	156.89454	187.74925	205.29215	202.63307	177.23348	133.96991	84.842240	43.430095	17.361097	5.3115910	1.2661087	0.25128121	0.045246758	0.0079119952	0.0013986831	0.00025514841	4.8321345e-05	9.5111592e-06	1.6962300e-06	0.0000000	0.0000000	0.0000000	0.0000000	0.0000000	0.0000000	0.0000000	0.0000000
10.6570	0.0000000	0.0000000	0.0000000	0.0000000	0.0000000	0.0000000	0.0000000	0.0000000	0.0000000	0.0000000	0.0000000	0.0000000	0.0000000	0.0000000	0.0000000	0.0000000	0.0000000	0.0000000	0.0000000	0.0000000	0.0000000	0.0000000	0.0000000	0.0000000	0.0000000	0.0000000	0.0000000	0.0000000	0.0000000	0.0000000	0.0000000	0.0000000	0.0000000	0.0000000	0.0000000	0.0000000	0.0000000	0.0000000	0.0000000	0.0000000	0.0000000	7.0097889e-10	1.2964960e-07	1.1616774e-05	0.00052121126	0.011804481	0.13566454	0.83395009	3.0783654	7.8342491	15.650726	26.739953	40.857819	57.015193	73.391452	87.769902	95.992284	94.833459	83.071740	62.928280	39.958161	20.515706	8.2271422	2.5250951	0.60374784	0.12018598	0.021713647	0.0038118939	0.00067699879	0.00012415640	2.3651675e-05	4.6843914e-06	8.4066978e-07	0.0000000	0.0000000	0.0000000	0.0000000	0.0000000	0.0000000	0.0000000	0.0000000
12.6800	0.0000000	0.0000000	0.0000000	0.0000000	0.0000000	0.0000000	0.0000000	0.0000000	0.0000000	0.0000000	0.0000000	0.0000000	0.0000000	0.0000000	0.0000000	0.0000000	0.0000000	0.0000000	0.0000000	0.0000000	0.0000000	0.0000000	0.0000000	0.0000000	0.0000000	0.0000000	0.0000000	0.0000000	0.0000000	0.0000000	0.0000000	0.0000000	0.0000000	0.0000000	0.0000000	0.0000000	0.0000000	0.0000000	0.0000000	0.0000000	0.0000000	3.0100013e-09	4.3441371e-07	3.1481595e-05	0.0011807679	0.022999645	0.23213282	1.2663714	4.1719345	9.5241319	17.153873	26.581398	37.140907	47.879661	57.342205	63.685268	65.056512	60.238816	49.527815	35.242885	21.037401	10.171678	3.8528149	1.1216543	0.25568472	0.048808451	0.0085122036	0.0014533965	0.00025276690	4.5503854e-05	8.5058960e-06	1.6521035e-06	2.9065476e-07	0.0000000	0.0000000	0.0000000	0.0000000	0.0000000	0.0000000	0.0000000	0.0000000
11.0230	0.0000000	0.0000000	0.0000000	0.0000000	0.0000000	0.0000000	0.0000000	0.0000000	0.0000000	0.0000000	0.0000000	0.0000000	0.0000000	0.0000000	0.0000000	0.0000000	0.0000000	0.0000000	0.0000000	0.0000000	0.0000000	0.0000000	0.0000000	0.0000000	0.0000000	0.0000000	0.0000000	0.0000000	0.0000000	0.0000000	0.0000000	0.0000000	0.0000000	0.0000000	0.0000000	0.0000000	0.0000000	0.0000000	0.0000000	0.0000000	0.0000000	4.2523494e-10	7.7615283e-08	6.9265735e-06	0.00031071410	0.0070320597	0.080707186	0.49556663	1.8300404	4.6739013	9.4130519	16.283733	25.274188	35.902137	46.997427	56.641332	62.467565	62.301930	55.177582	42.335355	27.721347	16.333435	7.0334951	2.1872075	0.51066639	0.097942422	0.017136381	0.0029356423	0.00051916988	9.6226983e-05	1.8539122e-05	3.7171895e-06	6.7607827e-07	0.0000000	0.0000000	0.0000000	0.0000000	0.0000000	0.0000000	0.0000000	0.0000000
10.1150	0.0000000	0.0000000	0.0000000	0.0000000	0.0000000	0.0000000	0.0000000	0.0000000	0.0000000	0.0000000	0.0000000	0.0000000	0.0000000	0.0000000	0.0000000	0.0000000	0.0000000	0.0000000	0.0000000	0.0000000	0.0000000	0.0000000	0.0000000	0.0000000	0.0000000	0.0000000	0.0000000	0.0000000	0.0000000	0.0000000	0.0000000	0.0000000	0.0000000	0.0000000	0.0000000	0.0000000	0.0000000	0.0000000	0.0000000	0.0000000	0.0000000	7.2278134e-11	1.4599192e-08	1.4208841e-06	6.8906343e-05	0.0016797974	0.020706892	0.13607258	0.53495105	1.4434217	3.0435211	5.4677057	8.7593838	12.792317	17.188182	21.265253	24.074130	24.628260	22.342020	17.522871	11.517820	6.1248167	2.5460546	0.81077248	0.20127980	0.041617093	0.0078041705	0.0014192520	0.00026033539	4.9123329e-05	9.5854487e-06	1.9351586e-06	3.5231577e-07	0.0000000	0.0000000	0.0000000	0.0000000	0.0000000	0.0000000	0.0000000	0.0000000
