# DO NOT EDIT: written Thu Mar 14 18:48:37 2019 by wrt_emiss_fe17.pro
# faked emissivities [1e-23 ergs cm^3/s] for Fe17 lines from Del Zanna 2011, A&A 536, A59
# emissivities include ion balance, but not abundance, and are spline and ion balance jittered off of emiss_Fe17_00000.txt
# line 6 -- SEED, LOGT
# lines 7+ -- WVL, EMISSIVITY
      787929	4.00	4.05	4.10	4.15	4.20	4.25	4.30	4.35	4.40	4.45	4.50	4.55	4.60	4.65	4.70	4.75	4.80	4.85	4.90	4.95	5.00	5.05	5.10	5.15	5.20	5.25	5.30	5.35	5.40	5.45	5.50	5.55	5.60	5.65	5.70	5.75	5.80	5.85	5.90	5.95	6.00	6.05	6.10	6.15	6.20	6.25	6.30	6.35	6.40	6.45	6.50	6.55	6.60	6.65	6.70	6.75	6.80	6.85	6.90	6.95	7.00	7.05	7.10	7.15	7.20	7.25	7.30	7.35	7.40	7.45	7.50	7.55	7.60	7.65	7.70	7.75	7.80	7.85	7.90	7.95	8.00
15.0130	0.0000000	0.0000000	0.0000000	0.0000000	0.0000000	0.0000000	0.0000000	0.0000000	0.0000000	0.0000000	0.0000000	0.0000000	0.0000000	0.0000000	0.0000000	0.0000000	0.0000000	0.0000000	0.0000000	0.0000000	0.0000000	0.0000000	0.0000000	0.0000000	0.0000000	0.0000000	0.0000000	0.0000000	0.0000000	0.0000000	0.0000000	0.0000000	0.0000000	0.0000000	0.0000000	0.0000000	0.0000000	0.0000000	0.0000000	0.0000000	0.0000000	1.1198586e-06	0.00014148510	0.0090573029	0.29762774	5.0034808	42.594461	192.84745	540.31769	1106.6792	1867.3239	2780.0745	3778.0888	4756.4858	5569.6267	6048.8200	6039.9145	5464.0228	4384.7866	3037.4907	1757.7857	820.83389	300.55051	85.483699	19.391352	3.7465227	0.66769346	0.11680733	0.020808793	0.0038426362	0.00073950428	0.00014833849	2.0996886e-05	0.0000000	0.0000000	0.0000000	0.0000000	0.0000000	0.0000000	0.0000000	0.0000000
17.0510	0.0000000	0.0000000	0.0000000	0.0000000	0.0000000	0.0000000	0.0000000	0.0000000	0.0000000	0.0000000	0.0000000	0.0000000	0.0000000	0.0000000	0.0000000	0.0000000	0.0000000	0.0000000	0.0000000	0.0000000	0.0000000	0.0000000	0.0000000	0.0000000	0.0000000	0.0000000	0.0000000	0.0000000	0.0000000	0.0000000	0.0000000	0.0000000	0.0000000	0.0000000	0.0000000	0.0000000	0.0000000	0.0000000	0.0000000	0.0000000	0.0000000	2.1539393e-06	0.00024303631	0.014054791	0.42076356	6.4883676	50.955461	213.96176	558.86798	1072.5610	1703.8191	2398.1980	3092.5420	3706.3730	4143.4006	4307.1350	4125.1332	3584.2867	2764.0881	1839.6913	1022.1465	457.84306	160.66338	43.775917	9.5123391	1.7606628	0.30063594	0.050390390	0.0085994035	0.0015206548	0.00027997198	5.3640012e-05	7.2362950e-06	0.0000000	0.0000000	0.0000000	0.0000000	0.0000000	0.0000000	0.0000000	0.0000000
17.0960	0.0000000	0.0000000	0.0000000	0.0000000	0.0000000	0.0000000	0.0000000	0.0000000	0.0000000	0.0000000	0.0000000	0.0000000	0.0000000	0.0000000	0.0000000	0.0000000	0.0000000	0.0000000	0.0000000	0.0000000	0.0000000	0.0000000	0.0000000	0.0000000	0.0000000	0.0000000	0.0000000	0.0000000	0.0000000	0.0000000	0.0000000	0.0000000	0.0000000	0.0000000	0.0000000	0.0000000	0.0000000	0.0000000	0.0000000	0.0000000	0.0000000	2.0740167e-06	0.00022102127	0.012146307	0.34819234	5.3328722	41.666475	173.88808	450.51231	855.28225	1340.0115	1854.9539	2345.9139	2749.7874	2998.7260	3033.4115	2821.0802	2376.1262	1773.6842	1141.2146	615.87373	270.88055	93.218288	24.875323	5.2871741	0.95619141	0.15940234	0.026068920	0.0043383061	0.00074767477	0.00013408210	2.5005663e-05	3.2817655e-06	0.0000000	0.0000000	0.0000000	0.0000000	0.0000000	0.0000000	0.0000000	0.0000000
16.7760	0.0000000	0.0000000	0.0000000	0.0000000	0.0000000	0.0000000	0.0000000	0.0000000	0.0000000	0.0000000	0.0000000	0.0000000	0.0000000	0.0000000	0.0000000	0.0000000	0.0000000	0.0000000	0.0000000	0.0000000	0.0000000	0.0000000	0.0000000	0.0000000	0.0000000	0.0000000	0.0000000	0.0000000	0.0000000	0.0000000	0.0000000	0.0000000	0.0000000	0.0000000	0.0000000	0.0000000	0.0000000	0.0000000	0.0000000	0.0000000	0.0000000	1.6102358e-06	0.00018244351	0.010573885	0.31742604	4.9157395	38.836048	164.31771	433.01993	838.86399	1344.8317	1908.4539	2475.9962	2978.6241	3336.2821	3469.9260	3322.3952	2885.8889	2226.0754	1483.2981	825.92833	371.09773	130.70832	35.759431	7.8030596	1.4503403	0.24865462	0.041836937	0.0071640270	0.0012703864	0.00023438009	4.4967193e-05	6.0708819e-06	0.0000000	0.0000000	0.0000000	0.0000000	0.0000000	0.0000000	0.0000000	0.0000000
15.2620	0.0000000	0.0000000	0.0000000	0.0000000	0.0000000	0.0000000	0.0000000	0.0000000	0.0000000	0.0000000	0.0000000	0.0000000	0.0000000	0.0000000	0.0000000	0.0000000	0.0000000	0.0000000	0.0000000	0.0000000	0.0000000	0.0000000	0.0000000	0.0000000	0.0000000	0.0000000	0.0000000	0.0000000	0.0000000	0.0000000	0.0000000	0.0000000	0.0000000	0.0000000	0.0000000	0.0000000	0.0000000	0.0000000	0.0000000	0.0000000	0.0000000	3.5241570e-07	4.4147492e-05	0.0028078410	0.091764427	1.5340151	12.971332	58.263684	161.77735	328.09707	547.86545	807.02971	1084.8679	1350.4339	1562.5269	1675.3846	1649.7394	1469.6904	1159.7876	789.02480	447.88271	204.93312	73.456354	20.438121	4.6008339	0.88287027	0.15606928	0.027043598	0.0047645531	0.00086867508	0.00016475722	3.2506952e-05	4.5161249e-06	0.0000000	0.0000000	0.0000000	0.0000000	0.0000000	0.0000000	0.0000000	0.0000000
12.1240	0.0000000	0.0000000	0.0000000	0.0000000	0.0000000	0.0000000	0.0000000	0.0000000	0.0000000	0.0000000	0.0000000	0.0000000	0.0000000	0.0000000	0.0000000	0.0000000	0.0000000	0.0000000	0.0000000	0.0000000	0.0000000	0.0000000	0.0000000	0.0000000	0.0000000	0.0000000	0.0000000	0.0000000	0.0000000	0.0000000	0.0000000	0.0000000	0.0000000	0.0000000	0.0000000	0.0000000	0.0000000	0.0000000	0.0000000	0.0000000	0.0000000	2.9887259e-08	4.7149007e-06	0.00036735055	0.014355008	0.28102519	2.7347891	13.936076	43.383175	97.622319	179.18557	287.66751	418.24091	559.29050	691.30686	788.22649	822.35366	773.93226	643.51147	460.10684	273.77350	130.95793	48.941464	14.162670	3.2591023	0.63682866	0.11441523	0.020111096	0.0035872735	0.00066090587	0.00012639019	2.5081741e-05	3.4967155e-06	0.0000000	0.0000000	0.0000000	0.0000000	0.0000000	0.0000000	0.0000000	0.0000000
12.2640	0.0000000	0.0000000	0.0000000	0.0000000	0.0000000	0.0000000	0.0000000	0.0000000	0.0000000	0.0000000	0.0000000	0.0000000	0.0000000	0.0000000	0.0000000	0.0000000	0.0000000	0.0000000	0.0000000	0.0000000	0.0000000	0.0000000	0.0000000	0.0000000	0.0000000	0.0000000	0.0000000	0.0000000	0.0000000	0.0000000	0.0000000	0.0000000	0.0000000	0.0000000	0.0000000	0.0000000	0.0000000	0.0000000	0.0000000	0.0000000	0.0000000	2.9720049e-08	4.6615545e-06	0.00036181009	0.014108212	0.27592442	2.6831255	13.648030	42.326270	94.701408	172.53685	274.55633	395.26921	523.06132	639.28469	720.06006	741.32202	687.66721	562.92934	395.99331	231.96037	109.45948	40.498576	11.660269	2.6863319	0.52822471	0.095498166	0.016871937	0.0030218762	0.00055855112	0.00010708850	2.1294477e-05	2.9738329e-06	0.0000000	0.0000000	0.0000000	0.0000000	0.0000000	0.0000000	0.0000000	0.0000000
13.8250	0.0000000	0.0000000	0.0000000	0.0000000	0.0000000	0.0000000	0.0000000	0.0000000	0.0000000	0.0000000	0.0000000	0.0000000	0.0000000	0.0000000	0.0000000	0.0000000	0.0000000	0.0000000	0.0000000	0.0000000	0.0000000	0.0000000	0.0000000	0.0000000	0.0000000	0.0000000	0.0000000	0.0000000	0.0000000	0.0000000	0.0000000	0.0000000	0.0000000	0.0000000	0.0000000	0.0000000	0.0000000	0.0000000	0.0000000	0.0000000	0.0000000	3.8071529e-08	5.1264929e-06	0.00035058297	0.012342664	0.22277380	2.0364355	9.8761256	29.477115	63.936657	113.68255	177.66319	252.76917	353.83325	503.52727	624.04903	648.97485	609.59229	505.87435	360.70718	213.92543	101.98362	37.997224	10.969660	2.5212595	0.49288606	0.088761852	0.015668255	0.0028115968	0.00052189388	0.00010067850	2.0172293e-05	2.8403034e-06	0.0000000	0.0000000	0.0000000	0.0000000	0.0000000	0.0000000	0.0000000	0.0000000
15.4530	0.0000000	0.0000000	0.0000000	0.0000000	0.0000000	0.0000000	0.0000000	0.0000000	0.0000000	0.0000000	0.0000000	0.0000000	0.0000000	0.0000000	0.0000000	0.0000000	0.0000000	0.0000000	0.0000000	0.0000000	0.0000000	0.0000000	0.0000000	0.0000000	0.0000000	0.0000000	0.0000000	0.0000000	0.0000000	0.0000000	0.0000000	0.0000000	0.0000000	0.0000000	0.0000000	0.0000000	0.0000000	0.0000000	0.0000000	0.0000000	0.0000000	1.2826566e-07	1.5523096e-05	0.00095308784	0.029816359	0.47214850	3.7721642	15.960024	41.586161	78.791556	122.26549	166.34318	205.16082	232.81784	252.46414	257.83950	241.54073	204.53055	153.28199	98.943378	53.249410	23.087113	7.8388586	2.0665006	0.43459621	0.077904810	0.012895768	0.0020981523	0.00034809358	5.9938015e-05	1.0763445e-05	2.1249603e-06	3.1863480e-07	0.0000000	0.0000000	0.0000000	0.0000000	0.0000000	0.0000000	0.0000000	0.0000000
11.2500	0.0000000	0.0000000	0.0000000	0.0000000	0.0000000	0.0000000	0.0000000	0.0000000	0.0000000	0.0000000	0.0000000	0.0000000	0.0000000	0.0000000	0.0000000	0.0000000	0.0000000	0.0000000	0.0000000	0.0000000	0.0000000	0.0000000	0.0000000	0.0000000	0.0000000	0.0000000	0.0000000	0.0000000	0.0000000	0.0000000	0.0000000	0.0000000	0.0000000	0.0000000	0.0000000	0.0000000	0.0000000	0.0000000	0.0000000	0.0000000	0.0000000	5.8120846e-09	9.8741358e-07	8.2353926e-05	0.0034326326	0.071578162	0.74224186	4.0376939	13.432955	32.250855	62.875260	106.61375	162.85988	227.68993	292.78581	345.68384	371.83579	359.33552	305.64776	222.80253	134.75449	65.228190	24.464694	7.0981258	1.6366785	0.32034674	0.057638809	0.010144659	0.0018118169	0.00033423888	6.4012351e-05	1.2724598e-05	1.7772303e-06	0.0000000	0.0000000	0.0000000	0.0000000	0.0000000	0.0000000	0.0000000	0.0000000
11.1290	0.0000000	0.0000000	0.0000000	0.0000000	0.0000000	0.0000000	0.0000000	0.0000000	0.0000000	0.0000000	0.0000000	0.0000000	0.0000000	0.0000000	0.0000000	0.0000000	0.0000000	0.0000000	0.0000000	0.0000000	0.0000000	0.0000000	0.0000000	0.0000000	0.0000000	0.0000000	0.0000000	0.0000000	0.0000000	0.0000000	0.0000000	0.0000000	0.0000000	0.0000000	0.0000000	0.0000000	0.0000000	0.0000000	0.0000000	0.0000000	0.0000000	4.0539630e-09	6.9732655e-07	5.8676506e-05	0.0024555638	0.051092790	0.52466456	2.8013939	9.0771714	21.138116	39.946602	65.728957	97.821933	134.54671	170.37506	198.27327	210.40529	200.77501	168.77602	121.69378	72.871686	35.021870	13.133138	3.8098758	0.87842094	0.17193988	0.030939449	0.0054460409	0.00097273267	0.00017945323	3.4367287e-05	6.8309362e-06	9.5387704e-07	0.0000000	0.0000000	0.0000000	0.0000000	0.0000000	0.0000000	0.0000000	0.0000000
16.3360	0.0000000	0.0000000	0.0000000	0.0000000	0.0000000	0.0000000	0.0000000	0.0000000	0.0000000	0.0000000	0.0000000	0.0000000	0.0000000	0.0000000	0.0000000	0.0000000	0.0000000	0.0000000	0.0000000	0.0000000	0.0000000	0.0000000	0.0000000	0.0000000	0.0000000	0.0000000	0.0000000	0.0000000	0.0000000	0.0000000	0.0000000	0.0000000	0.0000000	0.0000000	0.0000000	0.0000000	0.0000000	0.0000000	0.0000000	0.0000000	0.0000000	4.1480895e-08	4.7666714e-06	0.00027975398	0.0084948329	0.13290373	1.0585400	4.5026365	11.890667	23.002970	36.722294	51.806509	66.803583	79.908946	89.024388	92.105612	87.721436	75.764545	58.075203	38.441685	21.267326	9.5000959	3.3300492	0.90739929	0.19722911	0.036488368	0.0062177034	0.0010375107	0.00017565652	3.0671867e-05	5.5419806e-06	1.0338168e-06	1.3459951e-07	0.0000000	0.0000000	0.0000000	0.0000000	0.0000000	0.0000000	0.0000000	0.0000000
13.8900	0.0000000	0.0000000	0.0000000	0.0000000	0.0000000	0.0000000	0.0000000	0.0000000	0.0000000	0.0000000	0.0000000	0.0000000	0.0000000	0.0000000	0.0000000	0.0000000	0.0000000	0.0000000	0.0000000	0.0000000	0.0000000	0.0000000	0.0000000	0.0000000	0.0000000	0.0000000	0.0000000	0.0000000	0.0000000	0.0000000	0.0000000	0.0000000	0.0000000	0.0000000	0.0000000	0.0000000	0.0000000	0.0000000	0.0000000	0.0000000	0.0000000	1.7382259e-08	2.2723764e-06	0.00015057810	0.0051303520	0.089542944	0.79084911	3.6995527	10.617388	22.061763	37.449159	55.711770	75.293969	94.046202	109.20211	117.54542	116.21474	103.90995	82.182781	55.905129	31.662185	14.429360	5.1452820	1.4235436	0.31400797	0.059002769	0.010230160	0.0017418461	0.00030209834	5.4312768e-05	1.0169787e-05	1.9820329e-06	2.7202577e-07	0.0000000	0.0000000	0.0000000	0.0000000	0.0000000	0.0000000	0.0000000	0.0000000
16.0040	0.0000000	0.0000000	0.0000000	0.0000000	0.0000000	0.0000000	0.0000000	0.0000000	0.0000000	0.0000000	0.0000000	0.0000000	0.0000000	0.0000000	0.0000000	0.0000000	0.0000000	0.0000000	0.0000000	0.0000000	0.0000000	0.0000000	0.0000000	0.0000000	0.0000000	0.0000000	0.0000000	0.0000000	0.0000000	0.0000000	0.0000000	0.0000000	0.0000000	0.0000000	0.0000000	0.0000000	0.0000000	0.0000000	0.0000000	0.0000000	0.0000000	2.5316936e-08	3.0148343e-06	0.00018269562	0.0056998943	0.091168349	0.73957147	3.1960297	8.5622428	16.790186	27.141268	38.717843	50.401643	60.760832	68.125228	70.860282	67.791401	58.766875	45.173749	29.953460	16.574228	7.5354357	2.7651209	0.78774530	0.17862925	0.034377002	0.0060729039	0.0010466780	0.00018231523	3.2557523e-05	6.0080457e-06	1.1403066e-06	1.5130163e-07	0.0000000	0.0000000	0.0000000	0.0000000	0.0000000	0.0000000	0.0000000	0.0000000
10.7700	0.0000000	0.0000000	0.0000000	0.0000000	0.0000000	0.0000000	0.0000000	0.0000000	0.0000000	0.0000000	0.0000000	0.0000000	0.0000000	0.0000000	0.0000000	0.0000000	0.0000000	0.0000000	0.0000000	0.0000000	0.0000000	0.0000000	0.0000000	0.0000000	0.0000000	0.0000000	0.0000000	0.0000000	0.0000000	0.0000000	0.0000000	0.0000000	0.0000000	0.0000000	0.0000000	0.0000000	0.0000000	0.0000000	0.0000000	0.0000000	0.0000000	2.2515830e-09	4.0260887e-07	3.5221386e-05	0.0015336787	0.033238723	0.35582985	1.9809578	6.6854356	16.187973	31.776757	54.303200	83.760345	118.48005	154.40336	184.88185	201.62998	197.43117	170.00683	125.32279	76.572264	37.389351	14.080324	4.0995946	0.94823315	0.18614261	0.033583722	0.0059255795	0.0010606301	0.00019603457	3.7604071e-05	7.4848622e-06	1.0464083e-06	0.0000000	0.0000000	0.0000000	0.0000000	0.0000000	0.0000000	0.0000000	0.0000000
10.6570	0.0000000	0.0000000	0.0000000	0.0000000	0.0000000	0.0000000	0.0000000	0.0000000	0.0000000	0.0000000	0.0000000	0.0000000	0.0000000	0.0000000	0.0000000	0.0000000	0.0000000	0.0000000	0.0000000	0.0000000	0.0000000	0.0000000	0.0000000	0.0000000	0.0000000	0.0000000	0.0000000	0.0000000	0.0000000	0.0000000	0.0000000	0.0000000	0.0000000	0.0000000	0.0000000	0.0000000	0.0000000	0.0000000	0.0000000	0.0000000	0.0000000	1.2639345e-09	2.3378716e-07	2.1054351e-05	0.00093929080	0.020755733	0.22543133	1.2672904	4.3011109	10.434991	20.446061	34.737566	53.048994	74.025911	94.897069	111.55527	119.26834	114.32338	96.228412	69.240298	41.231006	19.641923	7.2814131	2.0835736	0.47308938	0.091120728	0.016137199	0.0027981968	0.00049312544	8.9950673e-05	1.7077313e-05	3.3751803e-06	4.7023123e-07	0.0000000	0.0000000	0.0000000	0.0000000	0.0000000	0.0000000	0.0000000	0.0000000
12.6800	0.0000000	0.0000000	0.0000000	0.0000000	0.0000000	0.0000000	0.0000000	0.0000000	0.0000000	0.0000000	0.0000000	0.0000000	0.0000000	0.0000000	0.0000000	0.0000000	0.0000000	0.0000000	0.0000000	0.0000000	0.0000000	0.0000000	0.0000000	0.0000000	0.0000000	0.0000000	0.0000000	0.0000000	0.0000000	0.0000000	0.0000000	0.0000000	0.0000000	0.0000000	0.0000000	0.0000000	0.0000000	0.0000000	0.0000000	0.0000000	0.0000000	5.9373211e-09	8.3646271e-07	5.9531618e-05	0.0021716719	0.040403002	0.37752905	1.8469223	5.4927253	11.669989	20.018950	30.004032	40.842190	51.457671	60.291735	65.490118	65.320897	58.871072	46.890916	32.133582	18.345007	8.4321510	3.0342233	0.84750363	0.18872571	0.035778953	0.0062529535	0.0010717991	0.00018686886	3.3724219e-05	6.3299127e-06	1.2351981e-06	1.6962242e-07	0.0000000	0.0000000	0.0000000	0.0000000	0.0000000	0.0000000	0.0000000	0.0000000
11.0230	0.0000000	0.0000000	0.0000000	0.0000000	0.0000000	0.0000000	0.0000000	0.0000000	0.0000000	0.0000000	0.0000000	0.0000000	0.0000000	0.0000000	0.0000000	0.0000000	0.0000000	0.0000000	0.0000000	0.0000000	0.0000000	0.0000000	0.0000000	0.0000000	0.0000000	0.0000000	0.0000000	0.0000000	0.0000000	0.0000000	0.0000000	0.0000000	0.0000000	0.0000000	0.0000000	0.0000000	0.0000000	0.0000000	0.0000000	0.0000000	0.0000000	9.3590701e-10	1.6773659e-07	1.4724663e-05	0.00064073041	0.013754415	0.14447875	0.78307119	2.5610654	6.0026580	11.424582	18.984824	28.573424	39.625987	50.947458	60.649771	66.244186	65.339764	56.911001	42.546515	26.391098	13.108777	5.0661764	1.5096636	0.35625332	0.071120642	0.013011759	0.0023223771	0.00041999640	7.8434301e-05	1.5213901e-05	3.0657290e-06	4.3444971e-07	0.0000000	0.0000000	0.0000000	0.0000000	0.0000000	0.0000000	0.0000000	0.0000000
10.1150	0.0000000	0.0000000	0.0000000	0.0000000	0.0000000	0.0000000	0.0000000	0.0000000	0.0000000	0.0000000	0.0000000	0.0000000	0.0000000	0.0000000	0.0000000	0.0000000	0.0000000	0.0000000	0.0000000	0.0000000	0.0000000	0.0000000	0.0000000	0.0000000	0.0000000	0.0000000	0.0000000	0.0000000	0.0000000	0.0000000	0.0000000	0.0000000	0.0000000	0.0000000	0.0000000	0.0000000	0.0000000	0.0000000	0.0000000	0.0000000	0.0000000	1.2539377e-10	2.4838511e-08	2.3844325e-06	0.00011295977	0.0026426959	0.030319715	0.17968308	0.64139214	1.6316792	3.3424980	5.9225049	9.4141783	13.656637	18.191441	22.220911	24.679285	24.553995	21.420669	15.940252	9.7920060	4.8004228	1.8267685	0.53570963	0.12456621	0.024569922	0.0044568127	0.00079177778	0.00014305815	2.6789556e-05	5.2269469e-06	1.0617014e-06	1.5186562e-07	0.0000000	0.0000000	0.0000000	0.0000000	0.0000000	0.0000000	0.0000000	0.0000000
