# DO NOT EDIT: written Thu Mar 14 18:48:37 2019 by wrt_emiss_fe17.pro
# faked emissivities [1e-23 ergs cm^3/s] for Fe17 lines from Del Zanna 2011, A&A 536, A59
# emissivities include ion balance, but not abundance, and are spline and ion balance jittered off of emiss_Fe17_00000.txt
# line 6 -- SEED, LOGT
# lines 7+ -- WVL, EMISSIVITY
      538424	4.00	4.05	4.10	4.15	4.20	4.25	4.30	4.35	4.40	4.45	4.50	4.55	4.60	4.65	4.70	4.75	4.80	4.85	4.90	4.95	5.00	5.05	5.10	5.15	5.20	5.25	5.30	5.35	5.40	5.45	5.50	5.55	5.60	5.65	5.70	5.75	5.80	5.85	5.90	5.95	6.00	6.05	6.10	6.15	6.20	6.25	6.30	6.35	6.40	6.45	6.50	6.55	6.60	6.65	6.70	6.75	6.80	6.85	6.90	6.95	7.00	7.05	7.10	7.15	7.20	7.25	7.30	7.35	7.40	7.45	7.50	7.55	7.60	7.65	7.70	7.75	7.80	7.85	7.90	7.95	8.00
15.0130	0.0000000	0.0000000	0.0000000	0.0000000	0.0000000	0.0000000	0.0000000	0.0000000	0.0000000	0.0000000	0.0000000	0.0000000	0.0000000	0.0000000	0.0000000	0.0000000	0.0000000	0.0000000	0.0000000	0.0000000	0.0000000	0.0000000	0.0000000	0.0000000	0.0000000	0.0000000	0.0000000	0.0000000	0.0000000	0.0000000	0.0000000	0.0000000	0.0000000	0.0000000	0.0000000	0.0000000	0.0000000	0.0000000	0.0000000	0.0000000	0.0000000	1.3144350e-06	0.00016563567	0.010589747	0.34629764	5.7546005	47.806972	207.60602	555.37875	1100.8936	1823.6627	2687.0318	3626.3242	4537.4066	5275.9838	5677.7672	5597.3113	4971.8326	3886.7357	2594.9757	1426.9869	623.11644	210.58762	55.342659	11.838698	2.2191646	0.39299252	0.069447929	0.012616602	0.0023831439	0.00046897981	9.5829538e-05	7.8887357e-06	0.0000000	0.0000000	0.0000000	0.0000000	0.0000000	0.0000000	0.0000000	0.0000000
17.0510	0.0000000	0.0000000	0.0000000	0.0000000	0.0000000	0.0000000	0.0000000	0.0000000	0.0000000	0.0000000	0.0000000	0.0000000	0.0000000	0.0000000	0.0000000	0.0000000	0.0000000	0.0000000	0.0000000	0.0000000	0.0000000	0.0000000	0.0000000	0.0000000	0.0000000	0.0000000	0.0000000	0.0000000	0.0000000	0.0000000	0.0000000	0.0000000	0.0000000	0.0000000	0.0000000	0.0000000	0.0000000	0.0000000	0.0000000	0.0000000	0.0000000	2.8290878e-06	0.00031667766	0.018200528	0.53985856	8.1974041	62.613789	251.42020	625.28780	1158.2623	1801.4432	2502.1143	3193.8505	3790.3753	4189.9252	4295.1960	4041.1028	3431.1790	2567.0397	1641.6648	865.39572	362.54256	117.66422	29.721050	6.1091497	1.0984994	0.18600059	0.031286333	0.0053916023	0.00096457146	0.00017976477	3.4824767e-05	2.7241949e-06	0.0000000	0.0000000	0.0000000	0.0000000	0.0000000	0.0000000	0.0000000	0.0000000
17.0960	0.0000000	0.0000000	0.0000000	0.0000000	0.0000000	0.0000000	0.0000000	0.0000000	0.0000000	0.0000000	0.0000000	0.0000000	0.0000000	0.0000000	0.0000000	0.0000000	0.0000000	0.0000000	0.0000000	0.0000000	0.0000000	0.0000000	0.0000000	0.0000000	0.0000000	0.0000000	0.0000000	0.0000000	0.0000000	0.0000000	0.0000000	0.0000000	0.0000000	0.0000000	0.0000000	0.0000000	0.0000000	0.0000000	0.0000000	0.0000000	0.0000000	3.1448882e-06	0.00034920353	0.019916632	0.58722116	8.7785077	61.642694	224.54768	502.12076	898.88632	1378.8806	1884.2211	2360.7790	2744.2487	2965.9984	2968.1499	2722.0709	2249.8636	1636.3179	1015.7927	518.92982	210.30826	65.919945	16.058504	3.1800754	0.55057185	0.090235909	0.017502565	0.0032677611	0.00056397902	0.00010150877	1.9014475e-05	1.4401062e-06	0.0000000	0.0000000	0.0000000	0.0000000	0.0000000	0.0000000	0.0000000	0.0000000
16.7760	0.0000000	0.0000000	0.0000000	0.0000000	0.0000000	0.0000000	0.0000000	0.0000000	0.0000000	0.0000000	0.0000000	0.0000000	0.0000000	0.0000000	0.0000000	0.0000000	0.0000000	0.0000000	0.0000000	0.0000000	0.0000000	0.0000000	0.0000000	0.0000000	0.0000000	0.0000000	0.0000000	0.0000000	0.0000000	0.0000000	0.0000000	0.0000000	0.0000000	0.0000000	0.0000000	0.0000000	0.0000000	0.0000000	0.0000000	0.0000000	0.0000000	2.1244979e-06	0.00023037963	0.012656479	0.38771628	6.3474411	51.831911	216.72154	544.72694	1020.0411	1603.1816	2247.8849	2890.5993	3448.3528	3825.5385	3931.0770	3704.2439	3148.6288	2358.2054	1510.0254	797.20125	334.53966	108.77017	27.524039	5.6675573	1.0209046	0.17318157	0.029187764	0.0050405945	0.00090379668	0.00016883004	3.2783461e-05	2.5705072e-06	0.0000000	0.0000000	0.0000000	0.0000000	0.0000000	0.0000000	0.0000000	0.0000000
15.2620	0.0000000	0.0000000	0.0000000	0.0000000	0.0000000	0.0000000	0.0000000	0.0000000	0.0000000	0.0000000	0.0000000	0.0000000	0.0000000	0.0000000	0.0000000	0.0000000	0.0000000	0.0000000	0.0000000	0.0000000	0.0000000	0.0000000	0.0000000	0.0000000	0.0000000	0.0000000	0.0000000	0.0000000	0.0000000	0.0000000	0.0000000	0.0000000	0.0000000	0.0000000	0.0000000	0.0000000	0.0000000	0.0000000	0.0000000	0.0000000	0.0000000	3.6687383e-07	4.5716596e-05	0.0028976128	0.094086365	1.5531219	12.811479	55.215193	146.55308	288.23272	473.92584	693.69132	931.62050	1183.8827	1398.2480	1528.1833	1529.4217	1378.3342	1092.3337	738.54868	410.76025	181.13968	61.722818	16.321046	3.5011867	0.65503197	0.11506448	0.020026014	0.0035623750	0.00065652220	0.00012586385	2.5063767e-05	2.0149097e-06	0.0000000	0.0000000	0.0000000	0.0000000	0.0000000	0.0000000	0.0000000	0.0000000
12.1240	0.0000000	0.0000000	0.0000000	0.0000000	0.0000000	0.0000000	0.0000000	0.0000000	0.0000000	0.0000000	0.0000000	0.0000000	0.0000000	0.0000000	0.0000000	0.0000000	0.0000000	0.0000000	0.0000000	0.0000000	0.0000000	0.0000000	0.0000000	0.0000000	0.0000000	0.0000000	0.0000000	0.0000000	0.0000000	0.0000000	0.0000000	0.0000000	0.0000000	0.0000000	0.0000000	0.0000000	0.0000000	0.0000000	0.0000000	0.0000000	0.0000000	3.7422101e-08	5.8926696e-06	0.00045730968	0.017704796	0.34100586	3.2268626	15.740129	46.750484	101.83865	183.69081	292.25555	422.59117	562.36895	690.86334	780.94557	804.61621	743.65475	602.51880	415.39960	235.07836	105.30072	36.403380	9.7591507	2.1214164	0.40192515	0.071442805	0.012570484	0.0022584155	0.00041990480	8.1098209e-05	1.6239738e-05	1.3105547e-06	0.0000000	0.0000000	0.0000000	0.0000000	0.0000000	0.0000000	0.0000000	0.0000000
12.2640	0.0000000	0.0000000	0.0000000	0.0000000	0.0000000	0.0000000	0.0000000	0.0000000	0.0000000	0.0000000	0.0000000	0.0000000	0.0000000	0.0000000	0.0000000	0.0000000	0.0000000	0.0000000	0.0000000	0.0000000	0.0000000	0.0000000	0.0000000	0.0000000	0.0000000	0.0000000	0.0000000	0.0000000	0.0000000	0.0000000	0.0000000	0.0000000	0.0000000	0.0000000	0.0000000	0.0000000	0.0000000	0.0000000	0.0000000	0.0000000	0.0000000	3.4432464e-08	5.3348813e-06	0.00041044852	0.015840318	0.30512872	2.8900685	14.095858	41.787691	90.713381	162.86853	257.76346	370.73906	491.00865	600.63802	676.27776	694.07805	638.92221	515.45922	353.86753	199.48500	89.077075	30.726172	8.2269704	1.7877531	0.33868568	0.060146289	0.010552749	0.0018882528	0.00035018684	6.7755494e-05	1.3690873e-05	1.1234051e-06	0.0000000	0.0000000	0.0000000	0.0000000	0.0000000	0.0000000	0.0000000	0.0000000
13.8250	0.0000000	0.0000000	0.0000000	0.0000000	0.0000000	0.0000000	0.0000000	0.0000000	0.0000000	0.0000000	0.0000000	0.0000000	0.0000000	0.0000000	0.0000000	0.0000000	0.0000000	0.0000000	0.0000000	0.0000000	0.0000000	0.0000000	0.0000000	0.0000000	0.0000000	0.0000000	0.0000000	0.0000000	0.0000000	0.0000000	0.0000000	0.0000000	0.0000000	0.0000000	0.0000000	0.0000000	0.0000000	0.0000000	0.0000000	0.0000000	0.0000000	5.8315649e-08	7.8015239e-06	0.00053037010	0.018484288	0.32788524	2.9070388	13.435714	38.037007	79.316525	137.54427	211.37143	296.81500	386.05280	466.55103	521.60530	533.68042	491.09986	396.71129	272.89958	154.26523	69.140299	23.967663	6.4642887	1.4346599	0.28644952	0.055710130	0.0098797698	0.0017919065	0.00033675484	6.5793758e-05	1.3333273e-05	1.0885921e-06	0.0000000	0.0000000	0.0000000	0.0000000	0.0000000	0.0000000	0.0000000	0.0000000
15.4530	0.0000000	0.0000000	0.0000000	0.0000000	0.0000000	0.0000000	0.0000000	0.0000000	0.0000000	0.0000000	0.0000000	0.0000000	0.0000000	0.0000000	0.0000000	0.0000000	0.0000000	0.0000000	0.0000000	0.0000000	0.0000000	0.0000000	0.0000000	0.0000000	0.0000000	0.0000000	0.0000000	0.0000000	0.0000000	0.0000000	0.0000000	0.0000000	0.0000000	0.0000000	0.0000000	0.0000000	0.0000000	0.0000000	0.0000000	0.0000000	0.0000000	1.4887963e-07	1.7828157e-05	0.0010844125	0.033750517	0.53351290	4.2109117	17.347479	43.950702	82.364398	128.76851	178.77470	226.96511	266.64514	290.51797	292.36686	269.05481	222.74825	162.07640	100.60020	51.392692	20.843498	6.5448668	1.5990500	0.31797692	0.055346441	0.0090802950	0.0014818946	0.00024817254	4.3222799e-05	7.8563290e-06	1.4871759e-06	1.1390060e-07	0.0000000	0.0000000	0.0000000	0.0000000	0.0000000	0.0000000	0.0000000	0.0000000
11.2500	0.0000000	0.0000000	0.0000000	0.0000000	0.0000000	0.0000000	0.0000000	0.0000000	0.0000000	0.0000000	0.0000000	0.0000000	0.0000000	0.0000000	0.0000000	0.0000000	0.0000000	0.0000000	0.0000000	0.0000000	0.0000000	0.0000000	0.0000000	0.0000000	0.0000000	0.0000000	0.0000000	0.0000000	0.0000000	0.0000000	0.0000000	0.0000000	0.0000000	0.0000000	0.0000000	0.0000000	0.0000000	0.0000000	0.0000000	0.0000000	0.0000000	8.3909228e-09	1.4420170e-06	0.00012160734	0.0050921766	0.10553277	1.0682328	5.5395161	17.393641	39.863746	75.329320	124.23132	184.41812	251.13412	314.74019	361.95208	378.44747	354.16229	289.97318	201.70369	115.02492	51.875228	18.044109	4.8646340	1.0631310	0.20248236	0.036176189	0.0063968126	0.0011547198	0.00021566944	4.1832297e-05	8.4105725e-06	6.8115219e-07	0.0000000	0.0000000	0.0000000	0.0000000	0.0000000	0.0000000	0.0000000	0.0000000
11.1290	0.0000000	0.0000000	0.0000000	0.0000000	0.0000000	0.0000000	0.0000000	0.0000000	0.0000000	0.0000000	0.0000000	0.0000000	0.0000000	0.0000000	0.0000000	0.0000000	0.0000000	0.0000000	0.0000000	0.0000000	0.0000000	0.0000000	0.0000000	0.0000000	0.0000000	0.0000000	0.0000000	0.0000000	0.0000000	0.0000000	0.0000000	0.0000000	0.0000000	0.0000000	0.0000000	0.0000000	0.0000000	0.0000000	0.0000000	0.0000000	0.0000000	5.2377445e-09	9.1465440e-07	7.8243263e-05	0.0033168544	0.069429703	0.70795044	3.6878731	11.600237	26.566171	50.052097	82.705857	123.58571	169.21759	212.99911	245.71455	257.37368	240.94382	197.03596	136.65921	77.567212	34.752519	11.984516	3.1962247	0.68932371	0.12912421	0.022413575	0.0038066076	0.00066162602	0.00011981779	2.2699175e-05	4.5150412e-06	3.6558877e-07	0.0000000	0.0000000	0.0000000	0.0000000	0.0000000	0.0000000	0.0000000	0.0000000
16.3360	0.0000000	0.0000000	0.0000000	0.0000000	0.0000000	0.0000000	0.0000000	0.0000000	0.0000000	0.0000000	0.0000000	0.0000000	0.0000000	0.0000000	0.0000000	0.0000000	0.0000000	0.0000000	0.0000000	0.0000000	0.0000000	0.0000000	0.0000000	0.0000000	0.0000000	0.0000000	0.0000000	0.0000000	0.0000000	0.0000000	0.0000000	0.0000000	0.0000000	0.0000000	0.0000000	0.0000000	0.0000000	0.0000000	0.0000000	0.0000000	0.0000000	5.5302488e-08	6.2913524e-06	0.00036612464	0.010988591	0.16886962	1.3051014	5.2983307	13.304948	24.832610	38.841763	54.188737	69.420945	82.639289	91.593893	94.102884	88.679693	75.361407	56.375652	36.014731	18.948340	7.9156303	2.5592035	0.64329841	0.13144343	0.023465698	0.0039405130	0.00065704122	0.00011224990	1.9918275e-05	3.6848108e-06	7.0910210e-07	5.5130432e-08	0.0000000	0.0000000	0.0000000	0.0000000	0.0000000	0.0000000	0.0000000	0.0000000
13.8900	0.0000000	0.0000000	0.0000000	0.0000000	0.0000000	0.0000000	0.0000000	0.0000000	0.0000000	0.0000000	0.0000000	0.0000000	0.0000000	0.0000000	0.0000000	0.0000000	0.0000000	0.0000000	0.0000000	0.0000000	0.0000000	0.0000000	0.0000000	0.0000000	0.0000000	0.0000000	0.0000000	0.0000000	0.0000000	0.0000000	0.0000000	0.0000000	0.0000000	0.0000000	0.0000000	0.0000000	0.0000000	0.0000000	0.0000000	0.0000000	0.0000000	2.0093389e-08	2.5879358e-06	0.00016927042	0.0056756637	0.096895543	0.82697406	3.6769008	9.9919524	19.943781	33.018320	48.341423	64.585537	79.902359	91.931234	97.993286	95.777393	84.391121	65.436971	43.312074	23.615929	10.236529	3.4416286	0.90151039	0.19207365	0.035723694	0.0062330227	0.0010751636	0.00018924362	3.4475018e-05	6.5284767e-06	1.2834235e-06	1.0183157e-07	0.0000000	0.0000000	0.0000000	0.0000000	0.0000000	0.0000000	0.0000000	0.0000000
16.0040	0.0000000	0.0000000	0.0000000	0.0000000	0.0000000	0.0000000	0.0000000	0.0000000	0.0000000	0.0000000	0.0000000	0.0000000	0.0000000	0.0000000	0.0000000	0.0000000	0.0000000	0.0000000	0.0000000	0.0000000	0.0000000	0.0000000	0.0000000	0.0000000	0.0000000	0.0000000	0.0000000	0.0000000	0.0000000	0.0000000	0.0000000	0.0000000	0.0000000	0.0000000	0.0000000	0.0000000	0.0000000	0.0000000	0.0000000	0.0000000	0.0000000	4.1200735e-08	4.9141977e-06	0.00029862667	0.0093071520	0.14766146	1.1724792	4.8717564	12.483813	23.715473	37.640388	53.092722	68.495503	81.795833	90.639566	92.837745	87.000433	73.345655	54.299801	34.237461	17.721874	7.2567618	2.2923371	0.56441991	0.11418830	0.020576040	0.0035696724	0.00062234628	0.00011099445	2.0390255e-05	3.8742584e-06	7.6029768e-07	5.9895154e-08	0.0000000	0.0000000	0.0000000	0.0000000	0.0000000	0.0000000	0.0000000	0.0000000
10.7700	0.0000000	0.0000000	0.0000000	0.0000000	0.0000000	0.0000000	0.0000000	0.0000000	0.0000000	0.0000000	0.0000000	0.0000000	0.0000000	0.0000000	0.0000000	0.0000000	0.0000000	0.0000000	0.0000000	0.0000000	0.0000000	0.0000000	0.0000000	0.0000000	0.0000000	0.0000000	0.0000000	0.0000000	0.0000000	0.0000000	0.0000000	0.0000000	0.0000000	0.0000000	0.0000000	0.0000000	0.0000000	0.0000000	0.0000000	0.0000000	0.0000000	3.0243346e-09	5.3764395e-07	4.6762114e-05	0.0020147248	0.042865947	0.44431383	2.3516552	7.5018198	17.376235	33.036790	55.002391	82.747990	114.08976	144.74997	168.50363	178.29096	168.75835	139.64814	98.084674	56.429151	25.655169	8.9905650	2.4406957	0.53687363	0.10288741	0.018489281	0.0032867065	0.00059608207	0.00011177470	2.1749636e-05	4.3830961e-06	3.5545504e-07	0.0000000	0.0000000	0.0000000	0.0000000	0.0000000	0.0000000	0.0000000	0.0000000
10.6570	0.0000000	0.0000000	0.0000000	0.0000000	0.0000000	0.0000000	0.0000000	0.0000000	0.0000000	0.0000000	0.0000000	0.0000000	0.0000000	0.0000000	0.0000000	0.0000000	0.0000000	0.0000000	0.0000000	0.0000000	0.0000000	0.0000000	0.0000000	0.0000000	0.0000000	0.0000000	0.0000000	0.0000000	0.0000000	0.0000000	0.0000000	0.0000000	0.0000000	0.0000000	0.0000000	0.0000000	0.0000000	0.0000000	0.0000000	0.0000000	0.0000000	1.4052245e-09	2.4816307e-07	2.1315725e-05	0.00092721155	0.020051748	0.21052070	1.1250260	3.6156859	8.4262228	16.102176	26.923671	40.648751	56.193120	71.403216	83.155958	87.922107	89.615397	81.126757	61.445412	36.629564	16.758282	5.7844204	1.5235323	0.32221854	0.059232063	0.010266554	0.0017843906	0.00032138481	6.0624444e-05	1.1983011e-05	2.4690338e-06	2.0541304e-07	0.0000000	0.0000000	0.0000000	0.0000000	0.0000000	0.0000000	0.0000000	0.0000000
12.6800	0.0000000	0.0000000	0.0000000	0.0000000	0.0000000	0.0000000	0.0000000	0.0000000	0.0000000	0.0000000	0.0000000	0.0000000	0.0000000	0.0000000	0.0000000	0.0000000	0.0000000	0.0000000	0.0000000	0.0000000	0.0000000	0.0000000	0.0000000	0.0000000	0.0000000	0.0000000	0.0000000	0.0000000	0.0000000	0.0000000	0.0000000	0.0000000	0.0000000	0.0000000	0.0000000	0.0000000	0.0000000	0.0000000	0.0000000	0.0000000	0.0000000	6.9762382e-09	9.8125261e-07	6.9625771e-05	0.0025170352	0.045996810	0.41601447	1.9331416	5.4290578	11.109880	18.740239	27.841378	37.693654	47.268945	55.072549	59.353394	58.523005	51.859648	40.301142	26.665229	14.496405	6.2466026	2.0809963	0.53862863	0.11324764	0.020786036	0.0035841412	0.00061234393	0.00010689564	1.9334867e-05	3.6402453e-06	7.1267123e-07	5.6389791e-08	0.0000000	0.0000000	0.0000000	0.0000000	0.0000000	0.0000000	0.0000000	0.0000000
11.0230	0.0000000	0.0000000	0.0000000	0.0000000	0.0000000	0.0000000	0.0000000	0.0000000	0.0000000	0.0000000	0.0000000	0.0000000	0.0000000	0.0000000	0.0000000	0.0000000	0.0000000	0.0000000	0.0000000	0.0000000	0.0000000	0.0000000	0.0000000	0.0000000	0.0000000	0.0000000	0.0000000	0.0000000	0.0000000	0.0000000	0.0000000	0.0000000	0.0000000	0.0000000	0.0000000	0.0000000	0.0000000	0.0000000	0.0000000	0.0000000	0.0000000	1.1949209e-09	2.0229281e-07	1.6677070e-05	0.00067404627	0.013364134	0.13776879	0.72623411	2.3058514	5.3258604	11.368716	22.070681	34.746605	48.327336	61.862190	72.603932	77.409677	73.834372	61.601882	43.670240	25.392229	11.678019	4.1399724	1.1361846	0.25234954	0.048762397	0.0088257058	0.0015789668	0.00028834146	5.2801571e-05	1.0085918e-05	2.0151128e-06	1.6401306e-07	0.0000000	0.0000000	0.0000000	0.0000000	0.0000000	0.0000000	0.0000000	0.0000000
10.1150	0.0000000	0.0000000	0.0000000	0.0000000	0.0000000	0.0000000	0.0000000	0.0000000	0.0000000	0.0000000	0.0000000	0.0000000	0.0000000	0.0000000	0.0000000	0.0000000	0.0000000	0.0000000	0.0000000	0.0000000	0.0000000	0.0000000	0.0000000	0.0000000	0.0000000	0.0000000	0.0000000	0.0000000	0.0000000	0.0000000	0.0000000	0.0000000	0.0000000	0.0000000	0.0000000	0.0000000	0.0000000	0.0000000	0.0000000	0.0000000	0.0000000	1.8364838e-10	3.6060656e-08	3.4343021e-06	0.00016074123	0.0036882704	0.040947874	0.23064934	0.77845547	1.4017978	2.7876878	4.8318451	7.5393466	10.749912	14.075854	16.889191	18.394315	17.892925	15.188489	10.920572	6.4183184	2.9773979	1.0641597	0.29468354	0.066155605	0.012950257	0.0023791540	0.00043256691	8.0254768e-05	1.5395160e-05	3.0642728e-06	6.3158455e-07	5.2376909e-08	0.0000000	0.0000000	0.0000000	0.0000000	0.0000000	0.0000000	0.0000000	0.0000000
