# DO NOT EDIT: written Thu Mar 14 18:48:37 2019 by wrt_emiss_fe17.pro
# faked emissivities [1e-23 ergs cm^3/s] for Fe17 lines from Del Zanna 2011, A&A 536, A59
# emissivities include ion balance, but not abundance, and are spline and ion balance jittered off of emiss_Fe17_00000.txt
# line 6 -- SEED, LOGT
# lines 7+ -- WVL, EMISSIVITY
      287775	4.00	4.05	4.10	4.15	4.20	4.25	4.30	4.35	4.40	4.45	4.50	4.55	4.60	4.65	4.70	4.75	4.80	4.85	4.90	4.95	5.00	5.05	5.10	5.15	5.20	5.25	5.30	5.35	5.40	5.45	5.50	5.55	5.60	5.65	5.70	5.75	5.80	5.85	5.90	5.95	6.00	6.05	6.10	6.15	6.20	6.25	6.30	6.35	6.40	6.45	6.50	6.55	6.60	6.65	6.70	6.75	6.80	6.85	6.90	6.95	7.00	7.05	7.10	7.15	7.20	7.25	7.30	7.35	7.40	7.45	7.50	7.55	7.60	7.65	7.70	7.75	7.80	7.85	7.90	7.95	8.00
15.0130	0.0000000	0.0000000	0.0000000	0.0000000	0.0000000	0.0000000	0.0000000	0.0000000	0.0000000	0.0000000	0.0000000	0.0000000	0.0000000	0.0000000	0.0000000	0.0000000	0.0000000	0.0000000	0.0000000	0.0000000	0.0000000	0.0000000	0.0000000	0.0000000	0.0000000	0.0000000	0.0000000	0.0000000	0.0000000	0.0000000	0.0000000	0.0000000	0.0000000	0.0000000	0.0000000	0.0000000	0.0000000	0.0000000	0.0000000	0.0000000	9.7957051e-08	1.5221685e-05	0.0011525294	0.046111204	0.99225677	11.606021	75.139265	282.28641	696.77530	1319.8618	2129.1982	3082.7377	4102.7835	5065.8282	5806.2305	6143.6109	5931.5936	5131.8895	3879.7034	2481.8407	1292.0436	526.26870	163.38243	39.211371	7.7807118	1.3951294	0.24252919	0.042603805	0.0077256022	0.0014550342	0.00028506211	5.5743281e-05	0.0000000	0.0000000	0.0000000	0.0000000	0.0000000	0.0000000	0.0000000	0.0000000	0.0000000
17.0510	0.0000000	0.0000000	0.0000000	0.0000000	0.0000000	0.0000000	0.0000000	0.0000000	0.0000000	0.0000000	0.0000000	0.0000000	0.0000000	0.0000000	0.0000000	0.0000000	0.0000000	0.0000000	0.0000000	0.0000000	0.0000000	0.0000000	0.0000000	0.0000000	0.0000000	0.0000000	0.0000000	0.0000000	0.0000000	0.0000000	0.0000000	0.0000000	0.0000000	0.0000000	0.0000000	0.0000000	0.0000000	0.0000000	0.0000000	0.0000000	2.0010298e-07	2.7361620e-05	0.0018493086	0.066786095	1.3077083	14.005139	83.435879	289.72891	663.77368	1171.5721	1767.0314	2398.3138	2997.9805	3481.3506	3755.4054	3741.0915	3402.8033	2797.6060	2051.1421	1294.0493	668.58361	269.49111	82.253604	19.308521	3.7335371	0.65058168	0.10969863	0.018665866	0.0032757446	0.00059676061	0.00011302583	2.1351225e-05	0.0000000	0.0000000	0.0000000	0.0000000	0.0000000	0.0000000	0.0000000	0.0000000	0.0000000
17.0960	0.0000000	0.0000000	0.0000000	0.0000000	0.0000000	0.0000000	0.0000000	0.0000000	0.0000000	0.0000000	0.0000000	0.0000000	0.0000000	0.0000000	0.0000000	0.0000000	0.0000000	0.0000000	0.0000000	0.0000000	0.0000000	0.0000000	0.0000000	0.0000000	0.0000000	0.0000000	0.0000000	0.0000000	0.0000000	0.0000000	0.0000000	0.0000000	0.0000000	0.0000000	0.0000000	0.0000000	0.0000000	0.0000000	0.0000000	0.0000000	1.9199799e-07	2.5985300e-05	0.0017392723	0.062352041	1.2166777	13.032075	77.852791	271.38584	624.05087	1104.3492	1667.4234	2261.9296	2821.1892	3262.8701	3499.3940	3459.6230	3115.0745	2508.4124	1761.2330	1044.0043	502.48565	188.81807	53.992540	11.929265	2.1805188	0.36074610	0.058007596	0.0094529284	0.0015951090	0.00028044458	5.1437619e-05	9.4396365e-06	0.0000000	0.0000000	0.0000000	0.0000000	0.0000000	0.0000000	0.0000000	0.0000000	0.0000000
16.7760	0.0000000	0.0000000	0.0000000	0.0000000	0.0000000	0.0000000	0.0000000	0.0000000	0.0000000	0.0000000	0.0000000	0.0000000	0.0000000	0.0000000	0.0000000	0.0000000	0.0000000	0.0000000	0.0000000	0.0000000	0.0000000	0.0000000	0.0000000	0.0000000	0.0000000	0.0000000	0.0000000	0.0000000	0.0000000	0.0000000	0.0000000	0.0000000	0.0000000	0.0000000	0.0000000	0.0000000	0.0000000	0.0000000	0.0000000	0.0000000	1.5127637e-07	2.0873624e-05	0.0014182987	0.051407587	1.0112140	10.901142	65.520852	230.07255	534.09977	956.54601	1465.0592	2019.5648	2561.8526	3016.1275	3297.7439	3330.5558	3071.5125	2540.4412	1837.5515	1125.4441	561.30721	219.15057	65.254949	15.036538	2.8689127	0.49549427	0.083130553	0.014121735	0.0024812377	0.00045363869	8.6394576e-05	1.6436481e-05	0.0000000	0.0000000	0.0000000	0.0000000	0.0000000	0.0000000	0.0000000	0.0000000	0.0000000
15.2620	0.0000000	0.0000000	0.0000000	0.0000000	0.0000000	0.0000000	0.0000000	0.0000000	0.0000000	0.0000000	0.0000000	0.0000000	0.0000000	0.0000000	0.0000000	0.0000000	0.0000000	0.0000000	0.0000000	0.0000000	0.0000000	0.0000000	0.0000000	0.0000000	0.0000000	0.0000000	0.0000000	0.0000000	0.0000000	0.0000000	0.0000000	0.0000000	0.0000000	0.0000000	0.0000000	0.0000000	0.0000000	0.0000000	0.0000000	0.0000000	2.6599308e-08	4.0837278e-06	0.00030665033	0.012203128	0.26169273	3.0524326	19.701121	73.754827	181.35500	342.17737	549.92854	793.63318	1053.3501	1297.4774	1483.8104	1566.6124	1509.1168	1302.4121	981.83341	626.08297	324.81957	131.82869	40.776611	9.7509504	1.9283506	0.34474218	0.059789301	0.010486844	0.0019006204	0.00035813539	7.0270458e-05	1.3775405e-05	0.0000000	0.0000000	0.0000000	0.0000000	0.0000000	0.0000000	0.0000000	0.0000000	0.0000000
12.1240	0.0000000	0.0000000	0.0000000	0.0000000	0.0000000	0.0000000	0.0000000	0.0000000	0.0000000	0.0000000	0.0000000	0.0000000	0.0000000	0.0000000	0.0000000	0.0000000	0.0000000	0.0000000	0.0000000	0.0000000	0.0000000	0.0000000	0.0000000	0.0000000	0.0000000	0.0000000	0.0000000	0.0000000	0.0000000	0.0000000	0.0000000	0.0000000	0.0000000	0.0000000	0.0000000	0.0000000	0.0000000	0.0000000	0.0000000	0.0000000	1.9740391e-09	3.9270708e-07	3.6982790e-05	0.0017931985	0.045687480	0.61961163	4.5660406	19.225147	52.501929	108.79903	190.11892	295.56220	419.04130	547.22434	659.27407	729.57119	733.73402	658.94456	515.44154	340.10918	182.07654	76.032280	24.129256	5.9049170	1.1922043	0.21707272	0.038247099	0.0067978418	0.0012452441	0.00023657715	4.6681012e-05	9.1776323e-06	0.0000000	0.0000000	0.0000000	0.0000000	0.0000000	0.0000000	0.0000000	0.0000000	0.0000000
12.2640	0.0000000	0.0000000	0.0000000	0.0000000	0.0000000	0.0000000	0.0000000	0.0000000	0.0000000	0.0000000	0.0000000	0.0000000	0.0000000	0.0000000	0.0000000	0.0000000	0.0000000	0.0000000	0.0000000	0.0000000	0.0000000	0.0000000	0.0000000	0.0000000	0.0000000	0.0000000	0.0000000	0.0000000	0.0000000	0.0000000	0.0000000	0.0000000	0.0000000	0.0000000	0.0000000	0.0000000	0.0000000	0.0000000	0.0000000	0.0000000	1.6321164e-09	3.2161791e-07	3.0159981e-05	0.0014631174	0.037447849	0.51179121	3.8081179	16.197696	44.659890	93.371128	164.50121	257.70948	368.10011	484.26756	587.52175	654.07543	660.74183	595.00661	465.88081	307.28324	164.29101	68.485195	21.693993	5.3002235	1.0686250	0.19431903	0.034192840	0.0060686254	0.0011099153	0.00021049541	4.1453071e-05	8.1323631e-06	0.0000000	0.0000000	0.0000000	0.0000000	0.0000000	0.0000000	0.0000000	0.0000000	0.0000000
13.8250	0.0000000	0.0000000	0.0000000	0.0000000	0.0000000	0.0000000	0.0000000	0.0000000	0.0000000	0.0000000	0.0000000	0.0000000	0.0000000	0.0000000	0.0000000	0.0000000	0.0000000	0.0000000	0.0000000	0.0000000	0.0000000	0.0000000	0.0000000	0.0000000	0.0000000	0.0000000	0.0000000	0.0000000	0.0000000	0.0000000	0.0000000	0.0000000	0.0000000	0.0000000	0.0000000	0.0000000	0.0000000	0.0000000	0.0000000	0.0000000	3.1975054e-09	5.2932263e-07	4.2800549e-05	0.0018356415	0.042511125	0.53659456	3.7504745	15.171596	40.080901	80.708482	137.54971	209.23993	291.21739	374.59230	445.74820	488.05819	486.07069	432.38221	334.98364	218.97580	116.32060	48.349396	15.344939	3.7755217	0.77025498	0.14236537	0.025561139	0.0046432525	0.00087102493	0.00016961691	3.4300244e-05	6.9030048e-06	0.0000000	0.0000000	0.0000000	0.0000000	0.0000000	0.0000000	0.0000000	0.0000000	0.0000000
15.4530	0.0000000	0.0000000	0.0000000	0.0000000	0.0000000	0.0000000	0.0000000	0.0000000	0.0000000	0.0000000	0.0000000	0.0000000	0.0000000	0.0000000	0.0000000	0.0000000	0.0000000	0.0000000	0.0000000	0.0000000	0.0000000	0.0000000	0.0000000	0.0000000	0.0000000	0.0000000	0.0000000	0.0000000	0.0000000	0.0000000	0.0000000	0.0000000	0.0000000	0.0000000	0.0000000	0.0000000	0.0000000	0.0000000	0.0000000	0.0000000	9.9442256e-09	1.4712626e-06	0.00010623878	0.0040567130	0.083317790	0.92933524	5.7286014	20.454582	47.893119	85.890876	130.94122	178.86089	224.22126	260.30514	279.98996	277.54202	250.66796	202.63818	143.00803	85.345513	41.445605	15.754413	4.5695118	1.0267721	0.19135038	0.032340814	0.0053184744	0.00088682315	0.00015311962	2.7531751e-05	5.1587427e-06	9.6553756e-07	0.0000000	0.0000000	0.0000000	0.0000000	0.0000000	0.0000000	0.0000000	0.0000000	0.0000000
11.2500	0.0000000	0.0000000	0.0000000	0.0000000	0.0000000	0.0000000	0.0000000	0.0000000	0.0000000	0.0000000	0.0000000	0.0000000	0.0000000	0.0000000	0.0000000	0.0000000	0.0000000	0.0000000	0.0000000	0.0000000	0.0000000	0.0000000	0.0000000	0.0000000	0.0000000	0.0000000	0.0000000	0.0000000	0.0000000	0.0000000	0.0000000	0.0000000	0.0000000	0.0000000	0.0000000	0.0000000	0.0000000	0.0000000	0.0000000	0.0000000	3.2844822e-10	7.2164949e-08	7.4427081e-06	0.00039227802	0.010792354	0.15710390	1.2357821	5.5246747	15.944478	34.784400	63.777129	103.71332	153.26868	207.75283	258.44553	293.51169	300.81783	273.28961	214.88114	141.82357	75.682552	31.439643	9.9201071	2.4158408	0.48653243	0.088687333	0.015718111	0.0028262595	0.00052727222	0.00010278638	2.0974398e-05	4.2866328e-06	0.0000000	0.0000000	0.0000000	0.0000000	0.0000000	0.0000000	0.0000000	0.0000000	0.0000000
11.1290	0.0000000	0.0000000	0.0000000	0.0000000	0.0000000	0.0000000	0.0000000	0.0000000	0.0000000	0.0000000	0.0000000	0.0000000	0.0000000	0.0000000	0.0000000	0.0000000	0.0000000	0.0000000	0.0000000	0.0000000	0.0000000	0.0000000	0.0000000	0.0000000	0.0000000	0.0000000	0.0000000	0.0000000	0.0000000	0.0000000	0.0000000	0.0000000	0.0000000	0.0000000	0.0000000	0.0000000	0.0000000	0.0000000	0.0000000	0.0000000	2.6129754e-10	6.1212696e-08	6.3853038e-06	0.00033980807	0.0094237335	0.13805028	1.0908814	4.8899040	14.120381	30.756857	56.189489	90.885755	133.48726	179.87374	222.71642	252.27760	258.65556	235.93220	186.82446	124.44587	67.107819	28.181568	8.9840694	2.2071166	0.44724836	0.081731142	0.014451842	0.0025772632	0.00047358550	9.0228549e-05	1.7848212e-05	3.5164460e-06	0.0000000	0.0000000	0.0000000	0.0000000	0.0000000	0.0000000	0.0000000	0.0000000	0.0000000
16.3360	0.0000000	0.0000000	0.0000000	0.0000000	0.0000000	0.0000000	0.0000000	0.0000000	0.0000000	0.0000000	0.0000000	0.0000000	0.0000000	0.0000000	0.0000000	0.0000000	0.0000000	0.0000000	0.0000000	0.0000000	0.0000000	0.0000000	0.0000000	0.0000000	0.0000000	0.0000000	0.0000000	0.0000000	0.0000000	0.0000000	0.0000000	0.0000000	0.0000000	0.0000000	0.0000000	0.0000000	0.0000000	0.0000000	0.0000000	0.0000000	4.5821646e-09	6.1242968e-07	4.0033896e-05	0.0014046598	0.026935674	0.28502628	1.6912862	5.8900947	13.609516	24.320863	37.257047	51.503743	65.730991	78.094672	86.352894	88.307468	82.492199	69.073552	50.503702	31.205736	15.667352	6.1431052	1.8322119	0.42172419	0.080162615	0.013762768	0.0022913710	0.00038577548	6.7113466e-05	1.2140033e-05	2.2860571e-06	4.2977877e-07	0.0000000	0.0000000	0.0000000	0.0000000	0.0000000	0.0000000	0.0000000	0.0000000	0.0000000
13.8900	0.0000000	0.0000000	0.0000000	0.0000000	0.0000000	0.0000000	0.0000000	0.0000000	0.0000000	0.0000000	0.0000000	0.0000000	0.0000000	0.0000000	0.0000000	0.0000000	0.0000000	0.0000000	0.0000000	0.0000000	0.0000000	0.0000000	0.0000000	0.0000000	0.0000000	0.0000000	0.0000000	0.0000000	0.0000000	0.0000000	0.0000000	0.0000000	0.0000000	0.0000000	0.0000000	0.0000000	0.0000000	0.0000000	0.0000000	0.0000000	1.3946987e-09	2.2369997e-07	1.7421313e-05	0.00071585723	0.015825577	0.19033140	1.2666569	4.8748507	12.228376	23.329160	37.609387	54.080469	71.182952	86.764704	98.172827	102.55364	97.719830	83.353765	62.006675	38.927315	19.843451	7.9017967	2.3965293	0.56208486	0.10914162	0.019187667	0.0032781225	0.00056739092	0.00010164650	1.8960868e-05	3.6862230e-06	7.1612843e-07	0.0000000	0.0000000	0.0000000	0.0000000	0.0000000	0.0000000	0.0000000	0.0000000	0.0000000
16.0040	0.0000000	0.0000000	0.0000000	0.0000000	0.0000000	0.0000000	0.0000000	0.0000000	0.0000000	0.0000000	0.0000000	0.0000000	0.0000000	0.0000000	0.0000000	0.0000000	0.0000000	0.0000000	0.0000000	0.0000000	0.0000000	0.0000000	0.0000000	0.0000000	0.0000000	0.0000000	0.0000000	0.0000000	0.0000000	0.0000000	0.0000000	0.0000000	0.0000000	0.0000000	0.0000000	0.0000000	0.0000000	0.0000000	0.0000000	0.0000000	2.2392808e-09	3.2493459e-07	2.3141893e-05	0.00087478757	0.017840828	0.19821462	1.2209685	4.3718928	10.304414	18.663663	28.809284	39.920230	50.835762	60.039831	65.822632	66.640535	61.597181	61.446153	50.004503	30.630855	15.263271	5.9476689	1.7660294	0.40564458	0.077148033	0.013284108	0.0022230029	0.00037695447	6.6174997e-05	1.2099436e-05	2.3062361e-06	4.3935785e-07	0.0000000	0.0000000	0.0000000	0.0000000	0.0000000	0.0000000	0.0000000	0.0000000	0.0000000
10.7700	0.0000000	0.0000000	0.0000000	0.0000000	0.0000000	0.0000000	0.0000000	0.0000000	0.0000000	0.0000000	0.0000000	0.0000000	0.0000000	0.0000000	0.0000000	0.0000000	0.0000000	0.0000000	0.0000000	0.0000000	0.0000000	0.0000000	0.0000000	0.0000000	0.0000000	0.0000000	0.0000000	0.0000000	0.0000000	0.0000000	0.0000000	0.0000000	0.0000000	0.0000000	0.0000000	0.0000000	0.0000000	0.0000000	0.0000000	0.0000000	1.2969184e-10	3.0009126e-08	3.2457482e-06	0.00017881975	0.0051284901	0.077616699	0.63276240	2.9194822	8.6452902	19.223737	35.707695	58.529569	86.900107	118.19038	147.60486	168.55293	174.10637	159.87658	127.33671	85.231312	46.142408	19.439527	6.2135747	1.5299077	0.31066970	0.056904886	0.010090224	0.0018056740	0.00033324046	6.3833720e-05	1.2711925e-05	2.5251708e-06	0.0000000	0.0000000	0.0000000	0.0000000	0.0000000	0.0000000	0.0000000	0.0000000	0.0000000
10.6570	0.0000000	0.0000000	0.0000000	0.0000000	0.0000000	0.0000000	0.0000000	0.0000000	0.0000000	0.0000000	0.0000000	0.0000000	0.0000000	0.0000000	0.0000000	0.0000000	0.0000000	0.0000000	0.0000000	0.0000000	0.0000000	0.0000000	0.0000000	0.0000000	0.0000000	0.0000000	0.0000000	0.0000000	0.0000000	0.0000000	0.0000000	0.0000000	0.0000000	0.0000000	0.0000000	0.0000000	0.0000000	0.0000000	0.0000000	0.0000000	7.2789096e-11	1.7310590e-08	1.9175916e-06	0.00010784151	0.0031460113	0.047961912	0.39304062	1.8200330	5.4057602	12.057518	22.472310	36.973991	55.119785	75.275471	94.369105	108.13179	112.01579	103.09334	81.989080	54.167464	28.840454	11.900191	3.7080029	0.88526871	0.17323042	0.030492889	0.0052303936	0.00091222985	0.00016525477	3.1275436e-05	6.1883381e-06	1.2270813e-06	0.0000000	0.0000000	0.0000000	0.0000000	0.0000000	0.0000000	0.0000000	0.0000000	0.0000000
12.6800	0.0000000	0.0000000	0.0000000	0.0000000	0.0000000	0.0000000	0.0000000	0.0000000	0.0000000	0.0000000	0.0000000	0.0000000	0.0000000	0.0000000	0.0000000	0.0000000	0.0000000	0.0000000	0.0000000	0.0000000	0.0000000	0.0000000	0.0000000	0.0000000	0.0000000	0.0000000	0.0000000	0.0000000	0.0000000	0.0000000	0.0000000	0.0000000	0.0000000	0.0000000	0.0000000	0.0000000	0.0000000	0.0000000	0.0000000	0.0000000	3.4230690e-10	5.9711693e-08	5.0275044e-06	0.00022242913	0.0052729707	0.067598511	0.47492998	1.9033268	4.9173082	9.5881078	15.705968	22.865599	30.447718	37.582612	43.057235	45.523166	43.869173	37.793895	28.356581	17.952023	9.2294189	3.7068614	1.1339510	0.26822434	0.052495164	0.0092913911	0.0015956512	0.00027709802	4.9703159e-05	9.2635350e-06	1.7959297e-06	3.4737814e-07	0.0000000	0.0000000	0.0000000	0.0000000	0.0000000	0.0000000	0.0000000	0.0000000	0.0000000
11.0230	0.0000000	0.0000000	0.0000000	0.0000000	0.0000000	0.0000000	0.0000000	0.0000000	0.0000000	0.0000000	0.0000000	0.0000000	0.0000000	0.0000000	0.0000000	0.0000000	0.0000000	0.0000000	0.0000000	0.0000000	0.0000000	0.0000000	0.0000000	0.0000000	0.0000000	0.0000000	0.0000000	0.0000000	0.0000000	0.0000000	0.0000000	0.0000000	0.0000000	0.0000000	0.0000000	0.0000000	0.0000000	0.0000000	0.0000000	0.0000000	4.0995716e-11	9.3054110e-09	9.9651806e-07	5.4677251e-05	0.0015635041	0.023523871	0.19011420	0.87508524	2.6287567	5.9550575	11.329844	19.114513	29.307260	41.228700	53.246240	62.780812	66.828234	63.075099	51.463083	35.140893	19.307258	8.2016290	2.6363340	0.65284222	0.13324718	0.024504528	0.0043574869	0.00078115495	0.00014438872	2.7720114e-05	5.5386136e-06	1.1051815e-06	0.0000000	0.0000000	0.0000000	0.0000000	0.0000000	0.0000000	0.0000000	0.0000000	0.0000000
10.1150	0.0000000	0.0000000	0.0000000	0.0000000	0.0000000	0.0000000	0.0000000	0.0000000	0.0000000	0.0000000	0.0000000	0.0000000	0.0000000	0.0000000	0.0000000	0.0000000	0.0000000	0.0000000	0.0000000	0.0000000	0.0000000	0.0000000	0.0000000	0.0000000	0.0000000	0.0000000	0.0000000	0.0000000	0.0000000	0.0000000	0.0000000	0.0000000	0.0000000	0.0000000	0.0000000	0.0000000	0.0000000	0.0000000	0.0000000	0.0000000	6.0694202e-12	1.5671137e-09	1.8631339e-07	1.1147676e-05	0.00034402311	0.0055657910	0.048284842	0.23615750	0.73874304	1.7288430	3.3673343	5.7703170	8.9357045	12.654324	16.438189	19.515126	20.940777	19.951488	16.460151	11.388378	6.3586010	2.7582917	0.90686564	0.22952188	0.047879223	0.0090032052	0.0016372644	0.00030001775	5.6579978e-05	1.1048092e-05	2.2365219e-06	4.5024814e-07	0.0000000	0.0000000	0.0000000	0.0000000	0.0000000	0.0000000	0.0000000	0.0000000	0.0000000
