# DO NOT EDIT: written Thu Mar 14 18:48:37 2019 by wrt_emiss_fe17.pro
# faked emissivities [1e-23 ergs cm^3/s] for Fe17 lines from Del Zanna 2011, A&A 536, A59
# emissivities include ion balance, but not abundance, and are spline and ion balance jittered off of emiss_Fe17_00000.txt
# line 6 -- SEED, LOGT
# lines 7+ -- WVL, EMISSIVITY
       70022	4.00	4.05	4.10	4.15	4.20	4.25	4.30	4.35	4.40	4.45	4.50	4.55	4.60	4.65	4.70	4.75	4.80	4.85	4.90	4.95	5.00	5.05	5.10	5.15	5.20	5.25	5.30	5.35	5.40	5.45	5.50	5.55	5.60	5.65	5.70	5.75	5.80	5.85	5.90	5.95	6.00	6.05	6.10	6.15	6.20	6.25	6.30	6.35	6.40	6.45	6.50	6.55	6.60	6.65	6.70	6.75	6.80	6.85	6.90	6.95	7.00	7.05	7.10	7.15	7.20	7.25	7.30	7.35	7.40	7.45	7.50	7.55	7.60	7.65	7.70	7.75	7.80	7.85	7.90	7.95	8.00
15.0130	0.0000000	0.0000000	0.0000000	0.0000000	0.0000000	0.0000000	0.0000000	0.0000000	0.0000000	0.0000000	0.0000000	0.0000000	0.0000000	0.0000000	0.0000000	0.0000000	0.0000000	0.0000000	0.0000000	0.0000000	0.0000000	0.0000000	0.0000000	0.0000000	0.0000000	0.0000000	0.0000000	0.0000000	0.0000000	0.0000000	0.0000000	0.0000000	0.0000000	0.0000000	0.0000000	0.0000000	0.0000000	0.0000000	0.0000000	0.0000000	0.0000000	1.3268068e-06	0.00016642023	0.010607940	0.34604621	5.7358586	47.451823	204.56124	543.33412	1075.7604	1792.4788	2670.6203	3654.5313	4638.8602	5464.3829	5938.9866	5884.5562	5220.4592	4048.0911	2660.3817	1426.8902	601.19303	193.92941	48.379294	9.8733023	1.7855372	0.30755908	0.052975751	0.0093788822	0.0017253053	0.00033097363	6.6079809e-05	2.8565419e-06	0.0000000	0.0000000	0.0000000	0.0000000	0.0000000	0.0000000	0.0000000	0.0000000
17.0510	0.0000000	0.0000000	0.0000000	0.0000000	0.0000000	0.0000000	0.0000000	0.0000000	0.0000000	0.0000000	0.0000000	0.0000000	0.0000000	0.0000000	0.0000000	0.0000000	0.0000000	0.0000000	0.0000000	0.0000000	0.0000000	0.0000000	0.0000000	0.0000000	0.0000000	0.0000000	0.0000000	0.0000000	0.0000000	0.0000000	0.0000000	0.0000000	0.0000000	0.0000000	0.0000000	0.0000000	0.0000000	0.0000000	0.0000000	0.0000000	0.0000000	3.1495269e-06	0.00035366246	0.020351623	0.60280386	9.1120907	68.968372	272.72916	665.98068	1214.5662	1866.6320	2567.1306	3246.7715	3817.4651	4178.3752	4237.3410	3938.4554	3297.0353	2424.9493	1518.1330	778.57319	314.71498	97.699651	23.532767	4.6525847	0.81772993	0.13728887	0.023104830	0.0040041496	0.00072192403	0.00013575923	2.6543325e-05	1.1162373e-06	0.0000000	0.0000000	0.0000000	0.0000000	0.0000000	0.0000000	0.0000000	0.0000000
17.0960	0.0000000	0.0000000	0.0000000	0.0000000	0.0000000	0.0000000	0.0000000	0.0000000	0.0000000	0.0000000	0.0000000	0.0000000	0.0000000	0.0000000	0.0000000	0.0000000	0.0000000	0.0000000	0.0000000	0.0000000	0.0000000	0.0000000	0.0000000	0.0000000	0.0000000	0.0000000	0.0000000	0.0000000	0.0000000	0.0000000	0.0000000	0.0000000	0.0000000	0.0000000	0.0000000	0.0000000	0.0000000	0.0000000	0.0000000	0.0000000	0.0000000	2.9404168e-06	0.00033061797	0.019091637	0.56892243	8.6631720	66.028318	262.38806	641.74621	1167.2193	1780.8313	2421.5837	3017.7066	3485.6690	3739.2897	3709.3576	3366.3029	2746.7895	1965.7092	1195.1730	594.06419	232.22535	69.570396	16.141372	3.0693199	0.51828793	0.083555022	0.013500949	0.0022467910	0.00038913362	7.0337379e-05	1.3228642e-05	5.3561917e-07	0.0000000	0.0000000	0.0000000	0.0000000	0.0000000	0.0000000	0.0000000	0.0000000
16.7760	0.0000000	0.0000000	0.0000000	0.0000000	0.0000000	0.0000000	0.0000000	0.0000000	0.0000000	0.0000000	0.0000000	0.0000000	0.0000000	0.0000000	0.0000000	0.0000000	0.0000000	0.0000000	0.0000000	0.0000000	0.0000000	0.0000000	0.0000000	0.0000000	0.0000000	0.0000000	0.0000000	0.0000000	0.0000000	0.0000000	0.0000000	0.0000000	0.0000000	0.0000000	0.0000000	0.0000000	0.0000000	0.0000000	0.0000000	0.0000000	0.0000000	2.2859353e-06	0.00025616103	0.014710449	0.43589985	6.6143774	50.429058	201.53211	498.72888	923.53125	1442.7603	2017.4251	2591.7433	3091.3818	3429.5972	3523.0413	3315.4238	2809.5159	2091.8214	1325.8087	688.34523	281.61397	88.438415	21.532984	4.2991683	0.76221275	0.12892705	0.021830438	0.0038005401	0.00068712047	0.00012931671	2.5248239e-05	1.0577345e-06	0.0000000	0.0000000	0.0000000	0.0000000	0.0000000	0.0000000	0.0000000	0.0000000
15.2620	0.0000000	0.0000000	0.0000000	0.0000000	0.0000000	0.0000000	0.0000000	0.0000000	0.0000000	0.0000000	0.0000000	0.0000000	0.0000000	0.0000000	0.0000000	0.0000000	0.0000000	0.0000000	0.0000000	0.0000000	0.0000000	0.0000000	0.0000000	0.0000000	0.0000000	0.0000000	0.0000000	0.0000000	0.0000000	0.0000000	0.0000000	0.0000000	0.0000000	0.0000000	0.0000000	0.0000000	0.0000000	0.0000000	0.0000000	0.0000000	0.0000000	4.4773741e-07	5.1357159e-05	0.0031044683	0.10059167	1.6540620	13.542893	57.632538	150.72146	293.09616	478.57281	697.43927	932.88838	1158.2295	1337.0317	1428.5291	1397.4664	1230.2575	951.03417	625.55877	336.94705	142.97789	47.379039	12.301323	2.6106952	0.49016549	0.087433723	0.015542011	0.0028271894	0.00053177098	0.00010377966	2.0965600e-05	9.0761061e-07	0.0000000	0.0000000	0.0000000	0.0000000	0.0000000	0.0000000	0.0000000	0.0000000
12.1240	0.0000000	0.0000000	0.0000000	0.0000000	0.0000000	0.0000000	0.0000000	0.0000000	0.0000000	0.0000000	0.0000000	0.0000000	0.0000000	0.0000000	0.0000000	0.0000000	0.0000000	0.0000000	0.0000000	0.0000000	0.0000000	0.0000000	0.0000000	0.0000000	0.0000000	0.0000000	0.0000000	0.0000000	0.0000000	0.0000000	0.0000000	0.0000000	0.0000000	0.0000000	0.0000000	0.0000000	0.0000000	0.0000000	0.0000000	0.0000000	0.0000000	4.1750151e-08	6.5446499e-06	0.00050738451	0.019637728	0.37752773	3.5487909	17.076013	49.845570	106.93604	190.55850	299.99838	429.37016	565.36974	686.71896	766.73526	779.21327	709.01731	564.00638	380.26431	209.21572	90.402088	29.899259	7.6478722	1.6005036	0.29675553	0.052379351	0.0092365757	0.0016719123	0.00031390018	6.1303837e-05	1.2417074e-05	5.3982395e-07	0.0000000	0.0000000	0.0000000	0.0000000	0.0000000	0.0000000	0.0000000	0.0000000
12.2640	0.0000000	0.0000000	0.0000000	0.0000000	0.0000000	0.0000000	0.0000000	0.0000000	0.0000000	0.0000000	0.0000000	0.0000000	0.0000000	0.0000000	0.0000000	0.0000000	0.0000000	0.0000000	0.0000000	0.0000000	0.0000000	0.0000000	0.0000000	0.0000000	0.0000000	0.0000000	0.0000000	0.0000000	0.0000000	0.0000000	0.0000000	0.0000000	0.0000000	0.0000000	0.0000000	0.0000000	0.0000000	0.0000000	0.0000000	0.0000000	0.0000000	4.0803357e-08	6.2717460e-06	0.00047855239	0.018289173	0.34808193	3.2444823	15.486167	44.819282	95.295651	168.28564	262.63110	372.93080	487.83257	589.38508	655.16812	663.32619	601.52020	476.95961	320.67047	176.05993	75.993718	25.138110	6.4402299	1.3518562	0.25173894	0.044679110	0.0079294164	0.0014451256	0.00027315434	5.3677346e-05	1.0930366e-05	4.7726354e-07	0.0000000	0.0000000	0.0000000	0.0000000	0.0000000	0.0000000	0.0000000	0.0000000
13.8250	0.0000000	0.0000000	0.0000000	0.0000000	0.0000000	0.0000000	0.0000000	0.0000000	0.0000000	0.0000000	0.0000000	0.0000000	0.0000000	0.0000000	0.0000000	0.0000000	0.0000000	0.0000000	0.0000000	0.0000000	0.0000000	0.0000000	0.0000000	0.0000000	0.0000000	0.0000000	0.0000000	0.0000000	0.0000000	0.0000000	0.0000000	0.0000000	0.0000000	0.0000000	0.0000000	0.0000000	0.0000000	0.0000000	0.0000000	0.0000000	0.0000000	5.1998237e-08	6.9503379e-06	0.00047260471	0.016469860	0.29176731	2.5933308	12.274463	35.455602	75.547546	134.12155	210.95484	302.55240	400.55401	490.62563	553.44028	568.65319	522.82194	419.49017	284.60427	157.25555	68.142706	22.581006	5.7845142	1.2124630	0.22532604	0.039903330	0.0070677627	0.0012862975	0.00024294167	4.7726236e-05	9.7186831e-06	4.2426844e-07	0.0000000	0.0000000	0.0000000	0.0000000	0.0000000	0.0000000	0.0000000	0.0000000
15.4530	0.0000000	0.0000000	0.0000000	0.0000000	0.0000000	0.0000000	0.0000000	0.0000000	0.0000000	0.0000000	0.0000000	0.0000000	0.0000000	0.0000000	0.0000000	0.0000000	0.0000000	0.0000000	0.0000000	0.0000000	0.0000000	0.0000000	0.0000000	0.0000000	0.0000000	0.0000000	0.0000000	0.0000000	0.0000000	0.0000000	0.0000000	0.0000000	0.0000000	0.0000000	0.0000000	0.0000000	0.0000000	0.0000000	0.0000000	0.0000000	0.0000000	1.5303813e-07	1.8310898e-05	0.0011112764	0.034447582	0.54140726	4.2378582	17.257762	43.257551	80.805536	127.10800	179.05226	231.99831	278.87714	310.78414	319.00677	298.23008	249.69618	182.76918	113.37936	57.246753	22.617061	6.8540159	1.6101034	0.31026195	0.053131707	0.0086906857	0.0014251684	0.00024073803	4.2319104e-05	7.7613962e-06	1.4754840e-06	5.9999591e-08	0.0000000	0.0000000	0.0000000	0.0000000	0.0000000	0.0000000	0.0000000	0.0000000
11.2500	0.0000000	0.0000000	0.0000000	0.0000000	0.0000000	0.0000000	0.0000000	0.0000000	0.0000000	0.0000000	0.0000000	0.0000000	0.0000000	0.0000000	0.0000000	0.0000000	0.0000000	0.0000000	0.0000000	0.0000000	0.0000000	0.0000000	0.0000000	0.0000000	0.0000000	0.0000000	0.0000000	0.0000000	0.0000000	0.0000000	0.0000000	0.0000000	0.0000000	0.0000000	0.0000000	0.0000000	0.0000000	0.0000000	0.0000000	0.0000000	0.0000000	7.1270857e-09	1.2208320e-06	0.00010256610	0.0042697939	0.087690579	0.87501515	4.4424492	13.608524	30.498968	56.551407	92.319263	136.60759	185.49055	231.74117	265.48372	276.18302	256.66215	208.06950	142.68236	79.701999	34.909533	11.686225	3.0213713	0.63833422	0.11935812	0.021220910	0.0037645126	0.00068454998	0.00012892384	2.5217063e-05	5.1073792e-06	2.2166062e-07	0.0000000	0.0000000	0.0000000	0.0000000	0.0000000	0.0000000	0.0000000	0.0000000
11.1290	0.0000000	0.0000000	0.0000000	0.0000000	0.0000000	0.0000000	0.0000000	0.0000000	0.0000000	0.0000000	0.0000000	0.0000000	0.0000000	0.0000000	0.0000000	0.0000000	0.0000000	0.0000000	0.0000000	0.0000000	0.0000000	0.0000000	0.0000000	0.0000000	0.0000000	0.0000000	0.0000000	0.0000000	0.0000000	0.0000000	0.0000000	0.0000000	0.0000000	0.0000000	0.0000000	0.0000000	0.0000000	0.0000000	0.0000000	0.0000000	0.0000000	5.3227354e-09	9.3085144e-07	7.9905392e-05	0.0033957711	0.070893289	0.71371284	3.6311763	11.136458	25.102539	47.000012	77.538148	115.80760	158.52487	199.45026	229.87805	240.37310	224.33985	182.49643	125.48364	70.237969	30.810218	10.324653	2.6711281	0.56454298	0.10557179	0.018766483	0.0033274665	0.00060457514	0.00011372796	2.2210729e-05	4.4899863e-06	1.9442461e-07	0.0000000	0.0000000	0.0000000	0.0000000	0.0000000	0.0000000	0.0000000	0.0000000
16.3360	0.0000000	0.0000000	0.0000000	0.0000000	0.0000000	0.0000000	0.0000000	0.0000000	0.0000000	0.0000000	0.0000000	0.0000000	0.0000000	0.0000000	0.0000000	0.0000000	0.0000000	0.0000000	0.0000000	0.0000000	0.0000000	0.0000000	0.0000000	0.0000000	0.0000000	0.0000000	0.0000000	0.0000000	0.0000000	0.0000000	0.0000000	0.0000000	0.0000000	0.0000000	0.0000000	0.0000000	0.0000000	0.0000000	0.0000000	0.0000000	0.0000000	7.2472055e-08	8.2683798e-06	0.00048243133	0.014492977	0.22234554	1.7077019	6.8461568	16.919789	31.145489	48.182437	66.547360	83.471608	96.666259	104.09273	103.77724	94.789806	77.975802	56.366482	34.707179	17.529534	6.9908454	2.1458921	0.51205420	0.10034877	0.017490691	0.0029139265	0.00048697450	8.3863543e-05	1.5033298e-05	2.8117851e-06	5.4684473e-07	2.2871899e-08	0.0000000	0.0000000	0.0000000	0.0000000	0.0000000	0.0000000	0.0000000	0.0000000
13.8900	0.0000000	0.0000000	0.0000000	0.0000000	0.0000000	0.0000000	0.0000000	0.0000000	0.0000000	0.0000000	0.0000000	0.0000000	0.0000000	0.0000000	0.0000000	0.0000000	0.0000000	0.0000000	0.0000000	0.0000000	0.0000000	0.0000000	0.0000000	0.0000000	0.0000000	0.0000000	0.0000000	0.0000000	0.0000000	0.0000000	0.0000000	0.0000000	0.0000000	0.0000000	0.0000000	0.0000000	0.0000000	0.0000000	0.0000000	0.0000000	0.0000000	2.3574889e-08	3.0425877e-06	0.00019942764	0.0066927134	0.11411885	0.96900262	4.2625882	11.431743	22.588307	37.165978	54.195121	72.164680	88.963047	101.90968	108.00013	104.71596	91.245239	69.658063	45.114388	23.864744	9.9261161	3.1647607	0.78173745	0.15831347	0.028474829	0.0048879789	0.00084040883	0.00014867427	2.7337050e-05	5.2373028e-06	1.0419873e-06	4.4529941e-08	0.0000000	0.0000000	0.0000000	0.0000000	0.0000000	0.0000000	0.0000000	0.0000000
16.0040	0.0000000	0.0000000	0.0000000	0.0000000	0.0000000	0.0000000	0.0000000	0.0000000	0.0000000	0.0000000	0.0000000	0.0000000	0.0000000	0.0000000	0.0000000	0.0000000	0.0000000	0.0000000	0.0000000	0.0000000	0.0000000	0.0000000	0.0000000	0.0000000	0.0000000	0.0000000	0.0000000	0.0000000	0.0000000	0.0000000	0.0000000	0.0000000	0.0000000	0.0000000	0.0000000	0.0000000	0.0000000	0.0000000	0.0000000	0.0000000	0.0000000	4.4691531e-08	5.3189067e-06	0.00032208235	0.0099798837	0.15696292	1.2301395	5.0157644	12.581486	23.476007	36.761927	51.312617	65.624914	77.779012	85.614751	87.168773	81.239518	68.119519	50.131061	31.372781	16.067225	6.4788767	2.0044806	0.48092239	0.094690234	0.016574783	0.0027724839	0.00046522366	8.0462512e-05	1.4490943e-05	2.7241050e-06	5.3271210e-07	2.2411516e-08	0.0000000	0.0000000	0.0000000	0.0000000	0.0000000	0.0000000	0.0000000	0.0000000
10.7700	0.0000000	0.0000000	0.0000000	0.0000000	0.0000000	0.0000000	0.0000000	0.0000000	0.0000000	0.0000000	0.0000000	0.0000000	0.0000000	0.0000000	0.0000000	0.0000000	0.0000000	0.0000000	0.0000000	0.0000000	0.0000000	0.0000000	0.0000000	0.0000000	0.0000000	0.0000000	0.0000000	0.0000000	0.0000000	0.0000000	0.0000000	0.0000000	0.0000000	0.0000000	0.0000000	0.0000000	0.0000000	0.0000000	0.0000000	0.0000000	0.0000000	3.3596231e-09	6.0515468e-07	5.3189102e-05	0.0023052306	0.049035346	0.50373005	2.6140006	8.1225442	18.338596	34.093717	55.683485	82.484784	112.45995	141.61075	164.07738	173.12150	163.52850	134.94625	94.279587	53.681236	23.972135	8.1816908	2.1560973	0.46408084	0.088347566	0.015975880	0.0028784696	0.00053070130	0.00010112659	1.9964959e-05	4.0645902e-06	1.7657326e-07	0.0000000	0.0000000	0.0000000	0.0000000	0.0000000	0.0000000	0.0000000	0.0000000
10.6570	0.0000000	0.0000000	0.0000000	0.0000000	0.0000000	0.0000000	0.0000000	0.0000000	0.0000000	0.0000000	0.0000000	0.0000000	0.0000000	0.0000000	0.0000000	0.0000000	0.0000000	0.0000000	0.0000000	0.0000000	0.0000000	0.0000000	0.0000000	0.0000000	0.0000000	0.0000000	0.0000000	0.0000000	0.0000000	0.0000000	0.0000000	0.0000000	0.0000000	0.0000000	0.0000000	0.0000000	0.0000000	0.0000000	0.0000000	0.0000000	0.0000000	1.7674182e-09	3.2361852e-07	2.8873279e-05	0.0012695568	0.027402528	0.28591579	1.5096108	4.7806317	11.011049	20.878128	34.716975	52.173671	71.802159	90.794820	105.14897	110.42190	103.42656	84.367606	58.119513	32.563553	14.285729	4.7838622	1.2358648	0.26065489	0.048628051	0.0086259053	0.0015272145	0.00027732515	5.2191854e-05	1.0208362e-05	2.0689275e-06	8.9895466e-08	0.0000000	0.0000000	0.0000000	0.0000000	0.0000000	0.0000000	0.0000000	0.0000000
12.6800	0.0000000	0.0000000	0.0000000	0.0000000	0.0000000	0.0000000	0.0000000	0.0000000	0.0000000	0.0000000	0.0000000	0.0000000	0.0000000	0.0000000	0.0000000	0.0000000	0.0000000	0.0000000	0.0000000	0.0000000	0.0000000	0.0000000	0.0000000	0.0000000	0.0000000	0.0000000	0.0000000	0.0000000	0.0000000	0.0000000	0.0000000	0.0000000	0.0000000	0.0000000	0.0000000	0.0000000	0.0000000	0.0000000	0.0000000	0.0000000	0.0000000	6.3542292e-09	8.8797879e-07	6.2621638e-05	0.0022479578	0.041174970	0.37465753	1.7443681	4.9035460	10.087561	17.180972	25.820935	35.354220	44.758130	52.489417	56.713001	55.771418	48.966477	37.395218	24.099891	12.637172	5.1960955	1.6351465	0.39847897	0.079650956	0.014159790	0.0024084861	0.00041152875	7.2540262e-05	1.3321196e-05	2.5542353e-06	5.0962639e-07	2.1888804e-08	0.0000000	0.0000000	0.0000000	0.0000000	0.0000000	0.0000000	0.0000000	0.0000000
11.0230	0.0000000	0.0000000	0.0000000	0.0000000	0.0000000	0.0000000	0.0000000	0.0000000	0.0000000	0.0000000	0.0000000	0.0000000	0.0000000	0.0000000	0.0000000	0.0000000	0.0000000	0.0000000	0.0000000	0.0000000	0.0000000	0.0000000	0.0000000	0.0000000	0.0000000	0.0000000	0.0000000	0.0000000	0.0000000	0.0000000	0.0000000	0.0000000	0.0000000	0.0000000	0.0000000	0.0000000	0.0000000	0.0000000	0.0000000	0.0000000	0.0000000	1.0211167e-09	1.8198856e-07	1.6161612e-05	0.00071790911	0.015737749	0.16683904	0.89236754	2.8479000	6.5842368	12.513209	20.839892	31.335028	43.083030	54.319093	62.575992	65.270182	60.699154	49.194492	33.729989	18.862534	8.2860361	2.7876040	0.72603131	0.15497780	0.029392716	0.0053273295	0.00096934778	0.00018224396	3.5826120e-05	7.3912446e-06	1.5935921e-06	7.3111597e-08	0.0000000	0.0000000	0.0000000	0.0000000	0.0000000	0.0000000	0.0000000	0.0000000
10.1150	0.0000000	0.0000000	0.0000000	0.0000000	0.0000000	0.0000000	0.0000000	0.0000000	0.0000000	0.0000000	0.0000000	0.0000000	0.0000000	0.0000000	0.0000000	0.0000000	0.0000000	0.0000000	0.0000000	0.0000000	0.0000000	0.0000000	0.0000000	0.0000000	0.0000000	0.0000000	0.0000000	0.0000000	0.0000000	0.0000000	0.0000000	0.0000000	0.0000000	0.0000000	0.0000000	0.0000000	0.0000000	0.0000000	0.0000000	0.0000000	0.0000000	1.9728458e-10	3.8680110e-08	3.6794708e-06	0.00017185516	0.0039279776	0.043285608	0.24074727	0.80059692	1.9285511	3.8085590	6.5585624	10.095141	14.185507	18.275612	21.529087	22.956085	21.782326	17.949179	12.452069	7.0400899	3.1439353	1.0806131	0.28838858	0.063104806	0.012238710	0.0022550468	0.00041371912	7.7631156e-05	1.5052399e-05	3.0243094e-06	6.2782690e-07	2.7867469e-08	0.0000000	0.0000000	0.0000000	0.0000000	0.0000000	0.0000000	0.0000000	0.0000000
