# DO NOT EDIT: written Thu Mar 14 18:48:37 2019 by wrt_emiss_fe17.pro
# faked emissivities [1e-23 ergs cm^3/s] for Fe17 lines from Del Zanna 2011, A&A 536, A59
# emissivities include ion balance, but not abundance, and are spline and ion balance jittered off of emiss_Fe17_00000.txt
# line 6 -- SEED, LOGT
# lines 7+ -- WVL, EMISSIVITY
       10364	4.00	4.05	4.10	4.15	4.20	4.25	4.30	4.35	4.40	4.45	4.50	4.55	4.60	4.65	4.70	4.75	4.80	4.85	4.90	4.95	5.00	5.05	5.10	5.15	5.20	5.25	5.30	5.35	5.40	5.45	5.50	5.55	5.60	5.65	5.70	5.75	5.80	5.85	5.90	5.95	6.00	6.05	6.10	6.15	6.20	6.25	6.30	6.35	6.40	6.45	6.50	6.55	6.60	6.65	6.70	6.75	6.80	6.85	6.90	6.95	7.00	7.05	7.10	7.15	7.20	7.25	7.30	7.35	7.40	7.45	7.50	7.55	7.60	7.65	7.70	7.75	7.80	7.85	7.90	7.95	8.00
15.0130	0.0000000	0.0000000	0.0000000	0.0000000	0.0000000	0.0000000	0.0000000	0.0000000	0.0000000	0.0000000	0.0000000	0.0000000	0.0000000	0.0000000	0.0000000	0.0000000	0.0000000	0.0000000	0.0000000	0.0000000	0.0000000	0.0000000	0.0000000	0.0000000	0.0000000	0.0000000	0.0000000	0.0000000	0.0000000	0.0000000	0.0000000	0.0000000	0.0000000	0.0000000	0.0000000	0.0000000	0.0000000	0.0000000	0.0000000	0.0000000	1.1795561e-07	1.7948278e-05	0.0013482729	0.052984839	1.1051381	12.375189	76.927849	283.78439	702.31368	1348.1148	2213.6252	3267.6666	4382.9614	5410.3815	6197.5452	6549.7560	6310.5811	5442.7145	4097.5318	2608.0234	1350.5788	547.58274	169.50914	40.652196	8.0749321	1.4509285	0.25290051	0.044556502	0.0081041410	0.0015309869	0.00030084048	5.7890299e-05	0.0000000	0.0000000	0.0000000	0.0000000	0.0000000	0.0000000	0.0000000	0.0000000	0.0000000
17.0510	0.0000000	0.0000000	0.0000000	0.0000000	0.0000000	0.0000000	0.0000000	0.0000000	0.0000000	0.0000000	0.0000000	0.0000000	0.0000000	0.0000000	0.0000000	0.0000000	0.0000000	0.0000000	0.0000000	0.0000000	0.0000000	0.0000000	0.0000000	0.0000000	0.0000000	0.0000000	0.0000000	0.0000000	0.0000000	0.0000000	0.0000000	0.0000000	0.0000000	0.0000000	0.0000000	0.0000000	0.0000000	0.0000000	0.0000000	0.0000000	2.7424086e-07	3.6408412e-05	0.0024189065	0.084955088	1.5952648	16.171728	91.398541	307.69533	697.31477	1229.6695	1860.7149	2538.2840	3191.9332	3730.8497	4052.8496	4067.6348	3727.2121	3060.9236	2195.9809	1332.6043	658.20530	254.63504	75.255811	17.250528	3.2804659	0.56539244	0.094722618	0.016073737	0.0028216795	0.00051549612	9.8110745e-05	1.8303674e-05	0.0000000	0.0000000	0.0000000	0.0000000	0.0000000	0.0000000	0.0000000	0.0000000	0.0000000
17.0960	0.0000000	0.0000000	0.0000000	0.0000000	0.0000000	0.0000000	0.0000000	0.0000000	0.0000000	0.0000000	0.0000000	0.0000000	0.0000000	0.0000000	0.0000000	0.0000000	0.0000000	0.0000000	0.0000000	0.0000000	0.0000000	0.0000000	0.0000000	0.0000000	0.0000000	0.0000000	0.0000000	0.0000000	0.0000000	0.0000000	0.0000000	0.0000000	0.0000000	0.0000000	0.0000000	0.0000000	0.0000000	0.0000000	0.0000000	0.0000000	2.8474734e-07	3.7943990e-05	0.0025313676	0.089373571	1.6897837	17.254074	98.132568	331.85703	748.29232	1299.9752	1935.0918	2593.2085	3199.0602	3663.0435	3893.1988	3818.1475	3414.1053	2732.5491	1908.0387	1125.2926	539.27009	202.04554	57.728764	12.773809	2.3421010	0.38890236	0.062756145	0.010258917	0.0017356223	0.00030577794	5.6167218e-05	1.0123070e-05	0.0000000	0.0000000	0.0000000	0.0000000	0.0000000	0.0000000	0.0000000	0.0000000	0.0000000
16.7760	0.0000000	0.0000000	0.0000000	0.0000000	0.0000000	0.0000000	0.0000000	0.0000000	0.0000000	0.0000000	0.0000000	0.0000000	0.0000000	0.0000000	0.0000000	0.0000000	0.0000000	0.0000000	0.0000000	0.0000000	0.0000000	0.0000000	0.0000000	0.0000000	0.0000000	0.0000000	0.0000000	0.0000000	0.0000000	0.0000000	0.0000000	0.0000000	0.0000000	0.0000000	0.0000000	0.0000000	0.0000000	0.0000000	0.0000000	0.0000000	2.0966996e-07	2.7801567e-05	0.0018363569	0.063988568	1.1930581	12.033669	67.845094	228.49277	519.46892	921.01819	1403.1783	1928.1193	2440.3816	2867.5898	3129.1116	3152.7292	2898.6640	2388.0973	1719.0640	1047.0589	519.25489	201.73757	59.881930	13.785606	2.6324756	0.45553182	0.076613193	0.013049438	0.0022989563	0.00042139841	8.0445539e-05	1.5048704e-05	0.0000000	0.0000000	0.0000000	0.0000000	0.0000000	0.0000000	0.0000000	0.0000000	0.0000000
15.2620	0.0000000	0.0000000	0.0000000	0.0000000	0.0000000	0.0000000	0.0000000	0.0000000	0.0000000	0.0000000	0.0000000	0.0000000	0.0000000	0.0000000	0.0000000	0.0000000	0.0000000	0.0000000	0.0000000	0.0000000	0.0000000	0.0000000	0.0000000	0.0000000	0.0000000	0.0000000	0.0000000	0.0000000	0.0000000	0.0000000	0.0000000	0.0000000	0.0000000	0.0000000	0.0000000	0.0000000	0.0000000	0.0000000	0.0000000	0.0000000	4.6072729e-08	6.8336709e-06	0.00050092126	0.019221015	0.39144569	4.2762004	25.893265	92.923256	223.51722	416.84402	665.09750	954.71080	1261.3820	1547.0995	1761.7629	1851.7836	1775.2052	1523.9453	1142.3156	724.09100	373.51083	150.86861	46.531488	11.119357	2.2010410	0.39417614	0.051514686	0.0088920971	0.0016128330	0.00030390106	6.3856476e-05	1.4832751e-05	0.0000000	0.0000000	0.0000000	0.0000000	0.0000000	0.0000000	0.0000000	0.0000000	0.0000000
12.1240	0.0000000	0.0000000	0.0000000	0.0000000	0.0000000	0.0000000	0.0000000	0.0000000	0.0000000	0.0000000	0.0000000	0.0000000	0.0000000	0.0000000	0.0000000	0.0000000	0.0000000	0.0000000	0.0000000	0.0000000	0.0000000	0.0000000	0.0000000	0.0000000	0.0000000	0.0000000	0.0000000	0.0000000	0.0000000	0.0000000	0.0000000	0.0000000	0.0000000	0.0000000	0.0000000	0.0000000	0.0000000	0.0000000	0.0000000	0.0000000	2.7322927e-09	5.2560981e-07	4.8481106e-05	0.0022789476	0.055538775	0.71153598	4.9675273	20.263172	54.737698	113.39561	198.94382	310.97432	443.33520	581.70127	703.16270	779.22182	782.86497	700.60937	544.88262	356.80376	189.36307	78.397308	24.698823	6.0119521	1.2092434	0.21952306	0.038570830	0.0068346251	0.0012474753	0.00023596590	4.6310339e-05	8.8749136e-06	0.0000000	0.0000000	0.0000000	0.0000000	0.0000000	0.0000000	0.0000000	0.0000000	0.0000000
12.2640	0.0000000	0.0000000	0.0000000	0.0000000	0.0000000	0.0000000	0.0000000	0.0000000	0.0000000	0.0000000	0.0000000	0.0000000	0.0000000	0.0000000	0.0000000	0.0000000	0.0000000	0.0000000	0.0000000	0.0000000	0.0000000	0.0000000	0.0000000	0.0000000	0.0000000	0.0000000	0.0000000	0.0000000	0.0000000	0.0000000	0.0000000	0.0000000	0.0000000	0.0000000	0.0000000	0.0000000	0.0000000	0.0000000	0.0000000	0.0000000	2.6910036e-09	5.1930372e-07	4.8079721e-05	0.0022664203	0.055240222	0.70449245	4.8658379	19.517931	51.571372	104.11981	177.72723	270.42583	376.03679	482.47942	571.71714	622.37749	615.35482	542.75859	416.55976	269.56939	141.62927	58.160702	18.214257	4.4172559	0.88724298	0.16118335	0.028397245	0.0050552337	0.00092871714	0.00017714865	3.5125867e-05	6.8144679e-06	0.0000000	0.0000000	0.0000000	0.0000000	0.0000000	0.0000000	0.0000000	0.0000000	0.0000000
13.8250	0.0000000	0.0000000	0.0000000	0.0000000	0.0000000	0.0000000	0.0000000	0.0000000	0.0000000	0.0000000	0.0000000	0.0000000	0.0000000	0.0000000	0.0000000	0.0000000	0.0000000	0.0000000	0.0000000	0.0000000	0.0000000	0.0000000	0.0000000	0.0000000	0.0000000	0.0000000	0.0000000	0.0000000	0.0000000	0.0000000	0.0000000	0.0000000	0.0000000	0.0000000	0.0000000	0.0000000	0.0000000	0.0000000	0.0000000	0.0000000	4.9741991e-09	7.9732019e-07	6.2945115e-05	0.0025987543	0.056972789	0.67049012	4.3727332	16.855602	43.296886	85.676877	144.22646	217.35121	300.38058	384.52019	456.40326	499.22228	496.93207	441.59500	341.31879	222.14662	117.22118	48.289029	15.156397	3.6812784	0.74039474	0.13475575	0.023806393	0.0042539983	0.00078524601	0.00015061757	3.0048901e-05	5.8670164e-06	0.0000000	0.0000000	0.0000000	0.0000000	0.0000000	0.0000000	0.0000000	0.0000000	0.0000000
15.4530	0.0000000	0.0000000	0.0000000	0.0000000	0.0000000	0.0000000	0.0000000	0.0000000	0.0000000	0.0000000	0.0000000	0.0000000	0.0000000	0.0000000	0.0000000	0.0000000	0.0000000	0.0000000	0.0000000	0.0000000	0.0000000	0.0000000	0.0000000	0.0000000	0.0000000	0.0000000	0.0000000	0.0000000	0.0000000	0.0000000	0.0000000	0.0000000	0.0000000	0.0000000	0.0000000	0.0000000	0.0000000	0.0000000	0.0000000	0.0000000	1.4358609e-08	2.0569049e-06	0.00014540871	0.0053722112	0.10518746	1.1033862	6.4084441	22.029770	50.672619	90.182200	136.98756	186.70217	233.56622	270.45554	289.89056	285.97783	256.62885	205.73528	143.70451	84.722568	40.589644	15.213556	4.3528765	0.96560505	0.17770694	0.029653708	0.0048138049	0.00079242459	0.00013513392	2.4020103e-05	4.4552095e-06	8.1135050e-07	0.0000000	0.0000000	0.0000000	0.0000000	0.0000000	0.0000000	0.0000000	0.0000000	0.0000000
11.2500	0.0000000	0.0000000	0.0000000	0.0000000	0.0000000	0.0000000	0.0000000	0.0000000	0.0000000	0.0000000	0.0000000	0.0000000	0.0000000	0.0000000	0.0000000	0.0000000	0.0000000	0.0000000	0.0000000	0.0000000	0.0000000	0.0000000	0.0000000	0.0000000	0.0000000	0.0000000	0.0000000	0.0000000	0.0000000	0.0000000	0.0000000	0.0000000	0.0000000	0.0000000	0.0000000	0.0000000	0.0000000	0.0000000	0.0000000	0.0000000	5.2448128e-10	1.1686045e-07	1.2225950e-05	0.00063502810	0.016615615	0.22410349	1.5770801	6.3388418	16.900547	34.711085	60.702560	95.146110	136.85303	183.13295	225.69920	255.18283	263.57012	243.07879	195.10659	131.94765	72.324834	30.907479	10.039688	2.5155675	0.51981978	0.096722596	0.017368696	0.0031347289	0.00058061298	0.00011109274	2.1997672e-05	4.2447034e-06	0.0000000	0.0000000	0.0000000	0.0000000	0.0000000	0.0000000	0.0000000	0.0000000	0.0000000
11.1290	0.0000000	0.0000000	0.0000000	0.0000000	0.0000000	0.0000000	0.0000000	0.0000000	0.0000000	0.0000000	0.0000000	0.0000000	0.0000000	0.0000000	0.0000000	0.0000000	0.0000000	0.0000000	0.0000000	0.0000000	0.0000000	0.0000000	0.0000000	0.0000000	0.0000000	0.0000000	0.0000000	0.0000000	0.0000000	0.0000000	0.0000000	0.0000000	0.0000000	0.0000000	0.0000000	0.0000000	0.0000000	0.0000000	0.0000000	0.0000000	2.9087961e-10	6.3344036e-08	6.5372945e-06	0.00034030111	0.0091001035	0.12687397	0.95656535	4.1832180	12.034721	26.404766	48.818776	79.946287	118.55741	160.47027	198.41939	223.31394	226.52266	203.72261	158.67067	103.83258	55.032774	22.762593	7.1697504	1.7464572	0.35196873	0.064113690	0.011319162	0.0020180672	0.00037109873	7.0813149e-05	1.4038865e-05	2.7214606e-06	0.0000000	0.0000000	0.0000000	0.0000000	0.0000000	0.0000000	0.0000000	0.0000000	0.0000000
16.3360	0.0000000	0.0000000	0.0000000	0.0000000	0.0000000	0.0000000	0.0000000	0.0000000	0.0000000	0.0000000	0.0000000	0.0000000	0.0000000	0.0000000	0.0000000	0.0000000	0.0000000	0.0000000	0.0000000	0.0000000	0.0000000	0.0000000	0.0000000	0.0000000	0.0000000	0.0000000	0.0000000	0.0000000	0.0000000	0.0000000	0.0000000	0.0000000	0.0000000	0.0000000	0.0000000	0.0000000	0.0000000	0.0000000	0.0000000	0.0000000	5.7094864e-09	7.7640154e-07	5.2308450e-05	0.0018456632	0.034556022	0.34665823	1.9292817	6.3945046	14.315317	25.008228	37.578092	51.020122	63.987944	74.737555	81.273384	81.768003	75.174811	61.974726	44.638997	27.196021	13.485249	5.2362043	1.5525851	0.35686396	0.068002667	0.011734281	0.0019663816	0.00033341932	5.8428716e-05	1.0647341e-05	2.0198090e-06	3.7531729e-07	0.0000000	0.0000000	0.0000000	0.0000000	0.0000000	0.0000000	0.0000000	0.0000000	0.0000000
13.8900	0.0000000	0.0000000	0.0000000	0.0000000	0.0000000	0.0000000	0.0000000	0.0000000	0.0000000	0.0000000	0.0000000	0.0000000	0.0000000	0.0000000	0.0000000	0.0000000	0.0000000	0.0000000	0.0000000	0.0000000	0.0000000	0.0000000	0.0000000	0.0000000	0.0000000	0.0000000	0.0000000	0.0000000	0.0000000	0.0000000	0.0000000	0.0000000	0.0000000	0.0000000	0.0000000	0.0000000	0.0000000	0.0000000	0.0000000	0.0000000	1.5876367e-09	2.4608715e-07	1.8759811e-05	0.00074727032	0.015804700	0.17951848	1.1303280	4.2040525	10.396400	19.748221	31.823374	45.803001	60.356338	73.624193	83.309007	86.944253	82.665516	70.260006	52.006358	32.447887	16.539848	6.6642518	2.0469026	0.48678038	0.095906928	0.017107109	0.0029632309	0.00051942872	9.4105188e-05	1.7724591e-05	3.4737826e-06	6.6648742e-07	0.0000000	0.0000000	0.0000000	0.0000000	0.0000000	0.0000000	0.0000000	0.0000000	0.0000000
16.0040	0.0000000	0.0000000	0.0000000	0.0000000	0.0000000	0.0000000	0.0000000	0.0000000	0.0000000	0.0000000	0.0000000	0.0000000	0.0000000	0.0000000	0.0000000	0.0000000	0.0000000	0.0000000	0.0000000	0.0000000	0.0000000	0.0000000	0.0000000	0.0000000	0.0000000	0.0000000	0.0000000	0.0000000	0.0000000	0.0000000	0.0000000	0.0000000	0.0000000	0.0000000	0.0000000	0.0000000	0.0000000	0.0000000	0.0000000	0.0000000	3.1569286e-09	4.4315105e-07	3.0861114e-05	0.0011270561	0.021876528	0.22816233	1.3217502	4.5479810	10.726656	20.014318	31.971823	45.868342	60.353727	73.378600	82.392908	84.894180	79.259734	65.831585	47.459173	28.779883	14.135864	5.4150088	1.5790781	0.35625500	0.066577047	0.011269202	0.0018549362	0.00030973387	5.3636229e-05	9.6985310e-06	1.8340161e-06	3.4115230e-07	0.0000000	0.0000000	0.0000000	0.0000000	0.0000000	0.0000000	0.0000000	0.0000000	0.0000000
10.7700	0.0000000	0.0000000	0.0000000	0.0000000	0.0000000	0.0000000	0.0000000	0.0000000	0.0000000	0.0000000	0.0000000	0.0000000	0.0000000	0.0000000	0.0000000	0.0000000	0.0000000	0.0000000	0.0000000	0.0000000	0.0000000	0.0000000	0.0000000	0.0000000	0.0000000	0.0000000	0.0000000	0.0000000	0.0000000	0.0000000	0.0000000	0.0000000	0.0000000	0.0000000	0.0000000	0.0000000	0.0000000	0.0000000	0.0000000	0.0000000	1.8875574e-10	4.2287073e-08	4.4775111e-06	0.00023867358	0.0065259715	0.092895725	0.71373401	3.1716707	9.2319705	20.388026	37.774129	61.863763	91.819432	124.81022	155.63522	177.15756	181.98790	165.70655	130.42436	85.949333	45.644744	18.800069	5.8568618	1.4005669	0.27566247	0.049927017	0.0092048700	0.0018311617	0.00035903035	6.8581586e-05	1.3597597e-05	2.6338632e-06	0.0000000	0.0000000	0.0000000	0.0000000	0.0000000	0.0000000	0.0000000	0.0000000	0.0000000
10.6570	0.0000000	0.0000000	0.0000000	0.0000000	0.0000000	0.0000000	0.0000000	0.0000000	0.0000000	0.0000000	0.0000000	0.0000000	0.0000000	0.0000000	0.0000000	0.0000000	0.0000000	0.0000000	0.0000000	0.0000000	0.0000000	0.0000000	0.0000000	0.0000000	0.0000000	0.0000000	0.0000000	0.0000000	0.0000000	0.0000000	0.0000000	0.0000000	0.0000000	0.0000000	0.0000000	0.0000000	0.0000000	0.0000000	0.0000000	0.0000000	1.0403006e-10	2.3740051e-08	2.5510312e-06	0.00013753088	0.0037917920	0.054274229	0.41823985	1.8604028	5.4149782	11.954576	22.139803	36.245302	53.773571	73.052317	91.030478	103.56321	106.37249	96.915800	76.422429	50.547736	27.005289	11.221094	3.5387950	0.86031449	0.17251498	0.031185211	0.0054523826	0.00096107112	0.00017451407	3.2870203e-05	6.4349922e-06	1.2332912e-06	0.0000000	0.0000000	0.0000000	0.0000000	0.0000000	0.0000000	0.0000000	0.0000000	0.0000000
12.6800	0.0000000	0.0000000	0.0000000	0.0000000	0.0000000	0.0000000	0.0000000	0.0000000	0.0000000	0.0000000	0.0000000	0.0000000	0.0000000	0.0000000	0.0000000	0.0000000	0.0000000	0.0000000	0.0000000	0.0000000	0.0000000	0.0000000	0.0000000	0.0000000	0.0000000	0.0000000	0.0000000	0.0000000	0.0000000	0.0000000	0.0000000	0.0000000	0.0000000	0.0000000	0.0000000	0.0000000	0.0000000	0.0000000	0.0000000	0.0000000	4.9724233e-10	8.2995619e-08	6.7929222e-06	0.00029085367	0.0066385968	0.081777449	0.56045235	2.2703891	6.1278420	12.632391	21.367584	31.003094	41.166169	50.665713	57.856034	60.928184	58.429841	50.040484	37.283843	23.419539	11.943666	4.7618651	1.4485707	0.34149509	0.066733472	0.011807070	0.0020281802	0.00035241397	6.3256356e-05	1.1798227e-05	2.2888904e-06	4.3465633e-07	0.0000000	0.0000000	0.0000000	0.0000000	0.0000000	0.0000000	0.0000000	0.0000000	0.0000000
11.0230	0.0000000	0.0000000	0.0000000	0.0000000	0.0000000	0.0000000	0.0000000	0.0000000	0.0000000	0.0000000	0.0000000	0.0000000	0.0000000	0.0000000	0.0000000	0.0000000	0.0000000	0.0000000	0.0000000	0.0000000	0.0000000	0.0000000	0.0000000	0.0000000	0.0000000	0.0000000	0.0000000	0.0000000	0.0000000	0.0000000	0.0000000	0.0000000	0.0000000	0.0000000	0.0000000	0.0000000	0.0000000	0.0000000	0.0000000	0.0000000	6.8805054e-11	1.5059395e-08	1.5722113e-06	8.3118466e-05	0.0022569183	0.031818537	0.24152073	1.0592397	3.0466081	6.6721687	12.323017	20.222087	30.195163	41.408208	52.181349	60.090376	62.546157	57.843835	46.392785	31.282919	17.082083	7.2698332	2.3511286	0.58642479	0.12063202	0.022359197	0.0040055113	0.00072290482	0.00013441360	2.5936564e-05	5.2041572e-06	1.0223534e-06	0.0000000	0.0000000	0.0000000	0.0000000	0.0000000	0.0000000	0.0000000	0.0000000	0.0000000
10.1150	0.0000000	0.0000000	0.0000000	0.0000000	0.0000000	0.0000000	0.0000000	0.0000000	0.0000000	0.0000000	0.0000000	0.0000000	0.0000000	0.0000000	0.0000000	0.0000000	0.0000000	0.0000000	0.0000000	0.0000000	0.0000000	0.0000000	0.0000000	0.0000000	0.0000000	0.0000000	0.0000000	0.0000000	0.0000000	0.0000000	0.0000000	0.0000000	0.0000000	0.0000000	0.0000000	0.0000000	0.0000000	0.0000000	0.0000000	0.0000000	9.1070321e-12	2.2314153e-09	2.5601805e-07	1.4671745e-05	0.00042841752	0.0064753543	0.052563365	0.24570800	0.74942451	1.7273042	3.3271161	5.6473369	8.6669086	12.163809	15.655475	18.405681	19.545739	18.415257	15.013295	10.260153	5.6598814	2.4287249	0.79176532	0.19926574	0.041433768	0.0077787456	0.0014136639	0.00025897490	4.8821494e-05	9.5252401e-06	1.9250238e-06	3.7916478e-07	0.0000000	0.0000000	0.0000000	0.0000000	0.0000000	0.0000000	0.0000000	0.0000000	0.0000000
