# DO NOT EDIT: written Thu Mar 14 18:48:37 2019 by wrt_emiss_fe17.pro
# faked emissivities [1e-23 ergs cm^3/s] for Fe17 lines from Del Zanna 2011, A&A 536, A59
# emissivities include ion balance, but not abundance, and are spline and ion balance jittered off of emiss_Fe17_00000.txt
# line 6 -- SEED, LOGT
# lines 7+ -- WVL, EMISSIVITY
      905809	4.00	4.05	4.10	4.15	4.20	4.25	4.30	4.35	4.40	4.45	4.50	4.55	4.60	4.65	4.70	4.75	4.80	4.85	4.90	4.95	5.00	5.05	5.10	5.15	5.20	5.25	5.30	5.35	5.40	5.45	5.50	5.55	5.60	5.65	5.70	5.75	5.80	5.85	5.90	5.95	6.00	6.05	6.10	6.15	6.20	6.25	6.30	6.35	6.40	6.45	6.50	6.55	6.60	6.65	6.70	6.75	6.80	6.85	6.90	6.95	7.00	7.05	7.10	7.15	7.20	7.25	7.30	7.35	7.40	7.45	7.50	7.55	7.60	7.65	7.70	7.75	7.80	7.85	7.90	7.95	8.00
15.0130	0.0000000	0.0000000	0.0000000	0.0000000	0.0000000	0.0000000	0.0000000	0.0000000	0.0000000	0.0000000	0.0000000	0.0000000	0.0000000	0.0000000	0.0000000	0.0000000	0.0000000	0.0000000	0.0000000	0.0000000	0.0000000	0.0000000	0.0000000	0.0000000	0.0000000	0.0000000	0.0000000	0.0000000	0.0000000	0.0000000	0.0000000	0.0000000	0.0000000	0.0000000	0.0000000	0.0000000	0.0000000	0.0000000	0.0000000	0.0000000	0.0000000	1.1662368e-06	0.00014811173	0.0095276653	0.31393949	5.2747659	44.639418	199.62212	551.45280	1118.1936	1875.7570	2782.8011	3772.5349	4740.1304	5540.5712	6006.4399	5984.9716	5399.3240	4315.9352	2972.6517	1705.5352	787.01354	284.07382	79.704187	17.907436	3.4420007	0.61175491	0.10675193	0.018944222	0.0034757922	0.00066244203	0.00013107240	1.6517131e-05	0.0000000	0.0000000	0.0000000	0.0000000	0.0000000	0.0000000	0.0000000	0.0000000
17.0510	0.0000000	0.0000000	0.0000000	0.0000000	0.0000000	0.0000000	0.0000000	0.0000000	0.0000000	0.0000000	0.0000000	0.0000000	0.0000000	0.0000000	0.0000000	0.0000000	0.0000000	0.0000000	0.0000000	0.0000000	0.0000000	0.0000000	0.0000000	0.0000000	0.0000000	0.0000000	0.0000000	0.0000000	0.0000000	0.0000000	0.0000000	0.0000000	0.0000000	0.0000000	0.0000000	0.0000000	0.0000000	0.0000000	0.0000000	0.0000000	0.0000000	2.5652179e-06	0.00029298387	0.017138533	0.51763644	8.0216033	62.920456	261.88451	675.74896	1283.6691	2021.9348	2821.4719	3602.0697	4265.4981	4700.7727	4805.7568	4516.6440	3843.3235	2896.8964	1880.7126	1016.8673	442.22451	150.51344	39.874361	8.4767489	1.5457612	0.26144226	0.043560982	0.0074077938	0.0013074043	0.00024057118	4.6113594e-05	5.6484712e-06	0.0000000	0.0000000	0.0000000	0.0000000	0.0000000	0.0000000	0.0000000	0.0000000
17.0960	0.0000000	0.0000000	0.0000000	0.0000000	0.0000000	0.0000000	0.0000000	0.0000000	0.0000000	0.0000000	0.0000000	0.0000000	0.0000000	0.0000000	0.0000000	0.0000000	0.0000000	0.0000000	0.0000000	0.0000000	0.0000000	0.0000000	0.0000000	0.0000000	0.0000000	0.0000000	0.0000000	0.0000000	0.0000000	0.0000000	0.0000000	0.0000000	0.0000000	0.0000000	0.0000000	0.0000000	0.0000000	0.0000000	0.0000000	0.0000000	0.0000000	2.5042590e-06	0.00027725775	0.015718616	0.46060441	6.9286967	52.771357	213.42947	536.07207	993.93600	1532.0928	2097.2484	2631.9081	3068.7919	3334.8696	3365.6387	3124.6670	2627.1068	1955.8439	1252.9928	667.59853	285.59825	95.438649	24.778412	5.1533241	0.91795479	0.15147940	0.024600481	0.0040737492	0.00069946329	0.00012509126	2.3280457e-05	2.7655013e-06	0.0000000	0.0000000	0.0000000	0.0000000	0.0000000	0.0000000	0.0000000	0.0000000
16.7760	0.0000000	0.0000000	0.0000000	0.0000000	0.0000000	0.0000000	0.0000000	0.0000000	0.0000000	0.0000000	0.0000000	0.0000000	0.0000000	0.0000000	0.0000000	0.0000000	0.0000000	0.0000000	0.0000000	0.0000000	0.0000000	0.0000000	0.0000000	0.0000000	0.0000000	0.0000000	0.0000000	0.0000000	0.0000000	0.0000000	0.0000000	0.0000000	0.0000000	0.0000000	0.0000000	0.0000000	0.0000000	0.0000000	0.0000000	0.0000000	0.0000000	1.8892546e-06	0.00020794210	0.011685868	0.33950793	5.0826786	38.779798	158.48187	406.27504	777.40406	1252.7064	1817.7444	2441.4314	3041.5134	3501.3696	3713.9443	3600.2854	3143.8227	2420.9211	1599.2279	876.59704	385.15699	132.00898	35.105826	7.4687288	1.3590825	0.22877065	0.037839837	0.0063726010	0.0011112406	0.00020166091	3.8086868e-05	4.5967501e-06	0.0000000	0.0000000	0.0000000	0.0000000	0.0000000	0.0000000	0.0000000	0.0000000
15.2620	0.0000000	0.0000000	0.0000000	0.0000000	0.0000000	0.0000000	0.0000000	0.0000000	0.0000000	0.0000000	0.0000000	0.0000000	0.0000000	0.0000000	0.0000000	0.0000000	0.0000000	0.0000000	0.0000000	0.0000000	0.0000000	0.0000000	0.0000000	0.0000000	0.0000000	0.0000000	0.0000000	0.0000000	0.0000000	0.0000000	0.0000000	0.0000000	0.0000000	0.0000000	0.0000000	0.0000000	0.0000000	0.0000000	0.0000000	0.0000000	0.0000000	3.6290855e-07	4.5223479e-05	0.0028648857	0.093232270	1.5500987	12.996762	57.648746	158.15605	318.88047	532.55581	787.61395	1065.4709	1336.6393	1560.0747	1688.3481	1678.5566	1509.7960	1202.0589	823.74825	469.80982	215.35914	77.184396	21.498307	4.7952683	0.91536745	0.16166986	0.028058868	0.0049578262	0.00090691772	0.00017260376	3.4164217e-05	4.3153273e-06	0.0000000	0.0000000	0.0000000	0.0000000	0.0000000	0.0000000	0.0000000	0.0000000
12.1240	0.0000000	0.0000000	0.0000000	0.0000000	0.0000000	0.0000000	0.0000000	0.0000000	0.0000000	0.0000000	0.0000000	0.0000000	0.0000000	0.0000000	0.0000000	0.0000000	0.0000000	0.0000000	0.0000000	0.0000000	0.0000000	0.0000000	0.0000000	0.0000000	0.0000000	0.0000000	0.0000000	0.0000000	0.0000000	0.0000000	0.0000000	0.0000000	0.0000000	0.0000000	0.0000000	0.0000000	0.0000000	0.0000000	0.0000000	0.0000000	0.0000000	3.3464088e-08	5.3056482e-06	0.00041591876	0.016343392	0.32118515	3.1254321	15.840706	48.991596	109.99637	202.24837	325.78876	475.23322	636.88811	787.49407	896.25338	930.97970	869.75556	715.37247	503.86870	293.92911	137.16435	49.824417	14.010064	3.1431454	0.60117084	0.10598055	0.018298072	0.0032074245	0.00058078521	0.00010921540	2.1328682e-05	2.6565393e-06	0.0000000	0.0000000	0.0000000	0.0000000	0.0000000	0.0000000	0.0000000	0.0000000
12.2640	0.0000000	0.0000000	0.0000000	0.0000000	0.0000000	0.0000000	0.0000000	0.0000000	0.0000000	0.0000000	0.0000000	0.0000000	0.0000000	0.0000000	0.0000000	0.0000000	0.0000000	0.0000000	0.0000000	0.0000000	0.0000000	0.0000000	0.0000000	0.0000000	0.0000000	0.0000000	0.0000000	0.0000000	0.0000000	0.0000000	0.0000000	0.0000000	0.0000000	0.0000000	0.0000000	0.0000000	0.0000000	0.0000000	0.0000000	0.0000000	0.0000000	2.8366793e-08	4.4474699e-06	0.00034611641	0.013545077	0.26570788	2.5836683	13.079947	40.347277	90.204803	164.89881	263.71947	381.54973	507.01543	621.54697	701.21724	721.86599	668.17603	544.38861	379.90563	219.75215	101.82417	36.794184	10.316223	2.3139814	0.44379367	0.078687996	0.013701595	0.0024280205	0.00044540198	8.5002904e-05	1.6871887e-05	2.1383208e-06	0.0000000	0.0000000	0.0000000	0.0000000	0.0000000	0.0000000	0.0000000	0.0000000
13.8250	0.0000000	0.0000000	0.0000000	0.0000000	0.0000000	0.0000000	0.0000000	0.0000000	0.0000000	0.0000000	0.0000000	0.0000000	0.0000000	0.0000000	0.0000000	0.0000000	0.0000000	0.0000000	0.0000000	0.0000000	0.0000000	0.0000000	0.0000000	0.0000000	0.0000000	0.0000000	0.0000000	0.0000000	0.0000000	0.0000000	0.0000000	0.0000000	0.0000000	0.0000000	0.0000000	0.0000000	0.0000000	0.0000000	0.0000000	0.0000000	0.0000000	4.8288267e-08	6.5658807e-06	0.00045331195	0.016081037	0.29158961	2.6645324	12.837624	37.999621	82.059554	145.81529	228.12032	324.96165	427.96929	523.24394	591.69834	612.71836	571.60489	469.64538	330.36710	192.50388	89.803232	32.655661	9.2102118	2.0780446	0.40109000	0.071618890	0.012566773	0.0022449593	0.00041516191	7.9841121e-05	1.5954695e-05	2.0322425e-06	0.0000000	0.0000000	0.0000000	0.0000000	0.0000000	0.0000000	0.0000000	0.0000000
15.4530	0.0000000	0.0000000	0.0000000	0.0000000	0.0000000	0.0000000	0.0000000	0.0000000	0.0000000	0.0000000	0.0000000	0.0000000	0.0000000	0.0000000	0.0000000	0.0000000	0.0000000	0.0000000	0.0000000	0.0000000	0.0000000	0.0000000	0.0000000	0.0000000	0.0000000	0.0000000	0.0000000	0.0000000	0.0000000	0.0000000	0.0000000	0.0000000	0.0000000	0.0000000	0.0000000	0.0000000	0.0000000	0.0000000	0.0000000	0.0000000	0.0000000	1.1895791e-07	1.4381828e-05	0.00088344276	0.027854867	0.44824421	3.6327869	15.545073	41.029060	79.320339	126.53441	177.98284	227.95828	269.44137	294.91486	298.06498	275.75201	230.09010	169.50471	107.26208	56.419306	23.842308	7.8818461	2.0286955	0.41944056	0.074521218	0.012311151	0.0020099540	0.00033596362	5.8420016e-05	1.0607733e-05	2.0079047e-06	2.4283770e-07	0.0000000	0.0000000	0.0000000	0.0000000	0.0000000	0.0000000	0.0000000	0.0000000
11.2500	0.0000000	0.0000000	0.0000000	0.0000000	0.0000000	0.0000000	0.0000000	0.0000000	0.0000000	0.0000000	0.0000000	0.0000000	0.0000000	0.0000000	0.0000000	0.0000000	0.0000000	0.0000000	0.0000000	0.0000000	0.0000000	0.0000000	0.0000000	0.0000000	0.0000000	0.0000000	0.0000000	0.0000000	0.0000000	0.0000000	0.0000000	0.0000000	0.0000000	0.0000000	0.0000000	0.0000000	0.0000000	0.0000000	0.0000000	0.0000000	0.0000000	6.9000761e-09	1.1986436e-06	0.00010199526	0.0043142065	0.090574797	0.93500293	4.9941318	16.182447	37.880658	72.312437	120.50236	181.29724	249.96318	317.18382	367.55176	388.13296	368.14726	307.10133	219.22724	129.57484	61.270684	22.561782	6.4361703	1.4666923	0.28541448	0.051277782	0.0090338828	0.0016170685	0.00029909765	5.7438695e-05	1.1446022e-05	1.4523782e-06	0.0000000	0.0000000	0.0000000	0.0000000	0.0000000	0.0000000	0.0000000	0.0000000
11.1290	0.0000000	0.0000000	0.0000000	0.0000000	0.0000000	0.0000000	0.0000000	0.0000000	0.0000000	0.0000000	0.0000000	0.0000000	0.0000000	0.0000000	0.0000000	0.0000000	0.0000000	0.0000000	0.0000000	0.0000000	0.0000000	0.0000000	0.0000000	0.0000000	0.0000000	0.0000000	0.0000000	0.0000000	0.0000000	0.0000000	0.0000000	0.0000000	0.0000000	0.0000000	0.0000000	0.0000000	0.0000000	0.0000000	0.0000000	0.0000000	0.0000000	3.9292548e-09	6.8263016e-07	5.8109519e-05	0.0024601493	0.051730528	0.53524200	2.8675640	9.3263758	21.931387	42.102582	70.649576	107.20087	149.33055	191.83291	226.68611	244.19324	236.22175	200.87137	146.07714	87.886731	42.266062	15.813466	4.5785747	1.0577377	0.20725796	0.037239662	0.0065614049	0.0011745906	0.00021726324	4.1721985e-05	8.3132269e-06	1.0546475e-06	0.0000000	0.0000000	0.0000000	0.0000000	0.0000000	0.0000000	0.0000000	0.0000000
16.3360	0.0000000	0.0000000	0.0000000	0.0000000	0.0000000	0.0000000	0.0000000	0.0000000	0.0000000	0.0000000	0.0000000	0.0000000	0.0000000	0.0000000	0.0000000	0.0000000	0.0000000	0.0000000	0.0000000	0.0000000	0.0000000	0.0000000	0.0000000	0.0000000	0.0000000	0.0000000	0.0000000	0.0000000	0.0000000	0.0000000	0.0000000	0.0000000	0.0000000	0.0000000	0.0000000	0.0000000	0.0000000	0.0000000	0.0000000	0.0000000	0.0000000	4.7564673e-08	5.3498761e-06	0.00030742154	0.0091304171	0.13947638	1.0810902	4.4569122	11.460430	21.865888	34.567797	48.388165	61.941607	73.529501	81.224438	84.518059	81.451779	71.458279	55.750445	37.443909	20.855896	9.2999936	3.2321631	0.87121283	0.18783952	0.034639884	0.0059100650	0.00099111790	0.00016927788	2.9940686e-05	5.5084725e-06	1.0530723e-06	1.2829326e-07	0.0000000	0.0000000	0.0000000	0.0000000	0.0000000	0.0000000	0.0000000	0.0000000
13.8900	0.0000000	0.0000000	0.0000000	0.0000000	0.0000000	0.0000000	0.0000000	0.0000000	0.0000000	0.0000000	0.0000000	0.0000000	0.0000000	0.0000000	0.0000000	0.0000000	0.0000000	0.0000000	0.0000000	0.0000000	0.0000000	0.0000000	0.0000000	0.0000000	0.0000000	0.0000000	0.0000000	0.0000000	0.0000000	0.0000000	0.0000000	0.0000000	0.0000000	0.0000000	0.0000000	0.0000000	0.0000000	0.0000000	0.0000000	0.0000000	0.0000000	1.8767988e-08	2.4418296e-06	0.00016106646	0.0054539803	0.094350182	0.82203647	3.7710659	10.598804	21.661260	36.321263	53.497191	71.646603	88.702294	102.09798	108.94776	106.78734	94.654667	74.197257	49.995760	28.008604	12.603733	4.4342367	1.2133172	0.26623211	0.050079417	0.0087309779	0.0014982497	0.00026211855	4.7524650e-05	8.9676504e-06	1.7590000e-06	2.1996936e-07	0.0000000	0.0000000	0.0000000	0.0000000	0.0000000	0.0000000	0.0000000	0.0000000
16.0040	0.0000000	0.0000000	0.0000000	0.0000000	0.0000000	0.0000000	0.0000000	0.0000000	0.0000000	0.0000000	0.0000000	0.0000000	0.0000000	0.0000000	0.0000000	0.0000000	0.0000000	0.0000000	0.0000000	0.0000000	0.0000000	0.0000000	0.0000000	0.0000000	0.0000000	0.0000000	0.0000000	0.0000000	0.0000000	0.0000000	0.0000000	0.0000000	0.0000000	0.0000000	0.0000000	0.0000000	0.0000000	0.0000000	0.0000000	0.0000000	0.0000000	3.1368012e-08	3.7276036e-06	0.00022561103	0.0070237144	0.11187140	0.89999778	3.8362493	10.127407	19.661020	31.608941	44.957486	58.411468	70.297748	78.663679	81.611230	77.798454	67.104910	51.223196	33.640043	18.376430	8.0636114	2.7656805	0.73768227	0.15779310	0.028939747	0.0049221474	0.00082483378	0.00014110676	2.5056659e-05	4.6384036e-06	8.9411056e-07	1.1005976e-07	0.0000000	0.0000000	0.0000000	0.0000000	0.0000000	0.0000000	0.0000000	0.0000000
10.7700	0.0000000	0.0000000	0.0000000	0.0000000	0.0000000	0.0000000	0.0000000	0.0000000	0.0000000	0.0000000	0.0000000	0.0000000	0.0000000	0.0000000	0.0000000	0.0000000	0.0000000	0.0000000	0.0000000	0.0000000	0.0000000	0.0000000	0.0000000	0.0000000	0.0000000	0.0000000	0.0000000	0.0000000	0.0000000	0.0000000	0.0000000	0.0000000	0.0000000	0.0000000	0.0000000	0.0000000	0.0000000	0.0000000	0.0000000	0.0000000	0.0000000	2.4458320e-09	4.5489577e-07	4.1028372e-05	0.0018174132	0.039522389	0.41854226	2.2724923	7.4159698	17.332615	32.818981	54.021278	80.162755	109.16623	137.42629	159.93542	170.98817	165.80286	142.97128	106.60467	65.851431	32.337280	12.293095	3.6017677	0.83919295	0.16584466	0.029877418	0.0052767662	0.00094662514	0.00017542388	3.3742376e-05	6.7327780e-06	8.5513993e-07	0.0000000	0.0000000	0.0000000	0.0000000	0.0000000	0.0000000	0.0000000	0.0000000
10.6570	0.0000000	0.0000000	0.0000000	0.0000000	0.0000000	0.0000000	0.0000000	0.0000000	0.0000000	0.0000000	0.0000000	0.0000000	0.0000000	0.0000000	0.0000000	0.0000000	0.0000000	0.0000000	0.0000000	0.0000000	0.0000000	0.0000000	0.0000000	0.0000000	0.0000000	0.0000000	0.0000000	0.0000000	0.0000000	0.0000000	0.0000000	0.0000000	0.0000000	0.0000000	0.0000000	0.0000000	0.0000000	0.0000000	0.0000000	0.0000000	0.0000000	1.2425091e-09	2.1786082e-07	1.8502876e-05	0.00079752901	0.017415585	0.18620878	1.0253929	3.4076559	8.1386183	15.782801	26.629417	40.468657	56.272922	71.957589	84.442443	90.172272	87.948841	84.138012	68.076811	41.893665	19.874091	7.3183408	1.9872412	0.42782978	0.079140601	0.013641523	0.0023282247	0.00040767126	7.4453660e-05	1.4240997e-05	2.8486137e-06	3.6523938e-07	0.0000000	0.0000000	0.0000000	0.0000000	0.0000000	0.0000000	0.0000000	0.0000000
12.6800	0.0000000	0.0000000	0.0000000	0.0000000	0.0000000	0.0000000	0.0000000	0.0000000	0.0000000	0.0000000	0.0000000	0.0000000	0.0000000	0.0000000	0.0000000	0.0000000	0.0000000	0.0000000	0.0000000	0.0000000	0.0000000	0.0000000	0.0000000	0.0000000	0.0000000	0.0000000	0.0000000	0.0000000	0.0000000	0.0000000	0.0000000	0.0000000	0.0000000	0.0000000	0.0000000	0.0000000	0.0000000	0.0000000	0.0000000	0.0000000	0.0000000	5.9198212e-09	8.2723793e-07	5.8280944e-05	0.0020982091	0.038393455	0.35117914	1.6728990	4.8431503	10.145174	17.375933	26.103335	35.695444	45.236524	53.344132	58.320340	58.518565	52.997242	42.339600	29.026038	16.520881	7.5433650	2.6897029	0.74506693	0.16527211	0.031370269	0.0055072801	0.00094949196	0.00016650681	3.0178520e-05	5.6798714e-06	1.1106179e-06	1.3809747e-07	0.0000000	0.0000000	0.0000000	0.0000000	0.0000000	0.0000000	0.0000000	0.0000000
11.0230	0.0000000	0.0000000	0.0000000	0.0000000	0.0000000	0.0000000	0.0000000	0.0000000	0.0000000	0.0000000	0.0000000	0.0000000	0.0000000	0.0000000	0.0000000	0.0000000	0.0000000	0.0000000	0.0000000	0.0000000	0.0000000	0.0000000	0.0000000	0.0000000	0.0000000	0.0000000	0.0000000	0.0000000	0.0000000	0.0000000	0.0000000	0.0000000	0.0000000	0.0000000	0.0000000	0.0000000	0.0000000	0.0000000	0.0000000	0.0000000	0.0000000	1.0091127e-09	1.8163068e-07	1.6027187e-05	0.00070092724	0.015114325	0.15918150	0.86222880	2.8188569	6.6356918	12.728126	21.316147	32.237823	44.686056	56.998997	66.715659	71.079372	67.973794	57.154764	41.135696	24.531107	11.710497	4.3535481	1.2533702	0.28806464	0.056509059	0.010233633	0.0018180468	0.00032873317	6.1608990e-05	1.2035734e-05	2.4508635e-06	3.1928020e-07	0.0000000	0.0000000	0.0000000	0.0000000	0.0000000	0.0000000	0.0000000	0.0000000
10.1150	0.0000000	0.0000000	0.0000000	0.0000000	0.0000000	0.0000000	0.0000000	0.0000000	0.0000000	0.0000000	0.0000000	0.0000000	0.0000000	0.0000000	0.0000000	0.0000000	0.0000000	0.0000000	0.0000000	0.0000000	0.0000000	0.0000000	0.0000000	0.0000000	0.0000000	0.0000000	0.0000000	0.0000000	0.0000000	0.0000000	0.0000000	0.0000000	0.0000000	0.0000000	0.0000000	0.0000000	0.0000000	0.0000000	0.0000000	0.0000000	0.0000000	1.5325149e-10	3.0292382e-08	2.9001681e-06	0.00013670617	0.0031714230	0.035884593	0.20832700	0.72680984	1.8130688	3.6534980	6.3766342	9.9875753	14.275164	18.731869	22.535778	24.645636	24.136583	20.714958	15.152445	9.1393850	4.3960189	1.6426186	0.47459716	0.10936494	0.021495669	0.0038976406	0.00069255455	0.00012498023	2.3306378e-05	4.5152784e-06	9.0892948e-07	1.1674421e-07	0.0000000	0.0000000	0.0000000	0.0000000	0.0000000	0.0000000	0.0000000	0.0000000
