# DO NOT EDIT: written Thu Mar 14 18:48:37 2019 by wrt_emiss_fe17.pro
# faked emissivities [1e-23 ergs cm^3/s] for Fe17 lines from Del Zanna 2011, A&A 536, A59
# emissivities include ion balance, but not abundance, and are spline and ion balance jittered off of emiss_Fe17_00000.txt
# line 6 -- SEED, LOGT
# lines 7+ -- WVL, EMISSIVITY
      934872	4.00	4.05	4.10	4.15	4.20	4.25	4.30	4.35	4.40	4.45	4.50	4.55	4.60	4.65	4.70	4.75	4.80	4.85	4.90	4.95	5.00	5.05	5.10	5.15	5.20	5.25	5.30	5.35	5.40	5.45	5.50	5.55	5.60	5.65	5.70	5.75	5.80	5.85	5.90	5.95	6.00	6.05	6.10	6.15	6.20	6.25	6.30	6.35	6.40	6.45	6.50	6.55	6.60	6.65	6.70	6.75	6.80	6.85	6.90	6.95	7.00	7.05	7.10	7.15	7.20	7.25	7.30	7.35	7.40	7.45	7.50	7.55	7.60	7.65	7.70	7.75	7.80	7.85	7.90	7.95	8.00
15.0130	0.0000000	0.0000000	0.0000000	0.0000000	0.0000000	0.0000000	0.0000000	0.0000000	0.0000000	0.0000000	0.0000000	0.0000000	0.0000000	0.0000000	0.0000000	0.0000000	0.0000000	0.0000000	0.0000000	0.0000000	0.0000000	0.0000000	0.0000000	0.0000000	0.0000000	0.0000000	0.0000000	0.0000000	0.0000000	0.0000000	0.0000000	0.0000000	0.0000000	0.0000000	0.0000000	0.0000000	0.0000000	0.0000000	0.0000000	0.0000000	5.7096028e-08	9.4146553e-06	0.00073755186	0.031057262	0.71526725	9.0339246	62.361570	242.67952	607.39097	1156.0240	1868.7132	2711.1681	3619.2693	4488.5753	5175.1326	5517.1491	5375.7299	4701.2782	3597.6750	2332.0548	1230.6549	507.81793	159.46526	38.632136	7.7240066	1.3935835	0.24351732	0.042964005	0.0078204496	0.0014778363	0.00029041922	5.7840295e-05	0.0000000	0.0000000	0.0000000	0.0000000	0.0000000	0.0000000	0.0000000	0.0000000	0.0000000
17.0510	0.0000000	0.0000000	0.0000000	0.0000000	0.0000000	0.0000000	0.0000000	0.0000000	0.0000000	0.0000000	0.0000000	0.0000000	0.0000000	0.0000000	0.0000000	0.0000000	0.0000000	0.0000000	0.0000000	0.0000000	0.0000000	0.0000000	0.0000000	0.0000000	0.0000000	0.0000000	0.0000000	0.0000000	0.0000000	0.0000000	0.0000000	0.0000000	0.0000000	0.0000000	0.0000000	0.0000000	0.0000000	0.0000000	0.0000000	0.0000000	1.2997506e-07	1.9193144e-05	0.0013658363	0.052819019	1.1258219	13.236714	85.437835	312.05538	735.49102	1322.0239	2022.7548	2781.5716	3522.6462	4146.6610	4538.9484	4594.6077	4251.5106	3531.1697	2565.8916	1578.7725	790.58766	309.52190	92.233949	21.221918	4.0357876	0.69387725	0.11579056	0.019552344	0.0034134832	0.00061989803	0.00011724310	2.2491877e-05	0.0000000	0.0000000	0.0000000	0.0000000	0.0000000	0.0000000	0.0000000	0.0000000	0.0000000
17.0960	0.0000000	0.0000000	0.0000000	0.0000000	0.0000000	0.0000000	0.0000000	0.0000000	0.0000000	0.0000000	0.0000000	0.0000000	0.0000000	0.0000000	0.0000000	0.0000000	0.0000000	0.0000000	0.0000000	0.0000000	0.0000000	0.0000000	0.0000000	0.0000000	0.0000000	0.0000000	0.0000000	0.0000000	0.0000000	0.0000000	0.0000000	0.0000000	0.0000000	0.0000000	0.0000000	0.0000000	0.0000000	0.0000000	0.0000000	0.0000000	1.2303275e-07	1.7646763e-05	0.0012208594	0.046050252	0.96251145	11.159284	71.395780	259.56378	610.39734	1095.3675	1672.0499	2290.4784	2882.8099	3362.9987	3638.8400	3632.8521	3308.3102	2698.9067	1922.4602	1157.1544	565.59347	215.62556	62.425897	13.926790	2.5636623	0.42612805	0.068697115	0.011202959	0.0018887266	0.00033127055	6.0530005e-05	1.1223221e-05	0.0000000	0.0000000	0.0000000	0.0000000	0.0000000	0.0000000	0.0000000	0.0000000	0.0000000
16.7760	0.0000000	0.0000000	0.0000000	0.0000000	0.0000000	0.0000000	0.0000000	0.0000000	0.0000000	0.0000000	0.0000000	0.0000000	0.0000000	0.0000000	0.0000000	0.0000000	0.0000000	0.0000000	0.0000000	0.0000000	0.0000000	0.0000000	0.0000000	0.0000000	0.0000000	0.0000000	0.0000000	0.0000000	0.0000000	0.0000000	0.0000000	0.0000000	0.0000000	0.0000000	0.0000000	0.0000000	0.0000000	0.0000000	0.0000000	0.0000000	9.1209353e-08	1.3448033e-05	0.00095271825	0.036643769	0.77801995	9.1344870	59.032405	216.43639	513.20449	929.39472	1433.7541	1987.9072	2535.5458	3002.2048	3302.9719	3359.2031	3122.6422	2606.1619	1904.1715	1179.0321	594.64478	234.65579	70.525055	16.372730	3.1400122	0.54363823	0.091183214	0.015455223	0.0027062556	0.00049281035	9.3491148e-05	1.8006037e-05	0.0000000	0.0000000	0.0000000	0.0000000	0.0000000	0.0000000	0.0000000	0.0000000	0.0000000
15.2620	0.0000000	0.0000000	0.0000000	0.0000000	0.0000000	0.0000000	0.0000000	0.0000000	0.0000000	0.0000000	0.0000000	0.0000000	0.0000000	0.0000000	0.0000000	0.0000000	0.0000000	0.0000000	0.0000000	0.0000000	0.0000000	0.0000000	0.0000000	0.0000000	0.0000000	0.0000000	0.0000000	0.0000000	0.0000000	0.0000000	0.0000000	0.0000000	0.0000000	0.0000000	0.0000000	0.0000000	0.0000000	0.0000000	0.0000000	0.0000000	1.7951643e-08	2.9510901e-06	0.00023141541	0.0097838493	0.22666422	2.8812522	20.005154	78.232280	196.57386	375.24473	607.87300	883.23302	1180.2779	1464.6854	1689.2519	1800.7539	1753.3919	1531.1121	1168.7280	754.71247	396.16914	162.33147	50.517749	12.101490	2.3865498	0.42354018	0.072570680	0.012508822	0.0022146671	0.00040492072	7.6653968e-05	1.4701798e-05	0.0000000	0.0000000	0.0000000	0.0000000	0.0000000	0.0000000	0.0000000	0.0000000	0.0000000
12.1240	0.0000000	0.0000000	0.0000000	0.0000000	0.0000000	0.0000000	0.0000000	0.0000000	0.0000000	0.0000000	0.0000000	0.0000000	0.0000000	0.0000000	0.0000000	0.0000000	0.0000000	0.0000000	0.0000000	0.0000000	0.0000000	0.0000000	0.0000000	0.0000000	0.0000000	0.0000000	0.0000000	0.0000000	0.0000000	0.0000000	0.0000000	0.0000000	0.0000000	0.0000000	0.0000000	0.0000000	0.0000000	0.0000000	0.0000000	0.0000000	1.1535876e-09	2.4678665e-07	2.4439176e-05	0.0012707729	0.035376768	0.52960905	4.2568362	18.991910	53.763117	114.28942	203.91221	322.84265	465.26714	616.52456	752.27064	841.40541	853.35701	771.15354	605.61658	400.20884	213.90800	88.841378	27.929279	6.7464379	1.3410469	0.24005125	0.041563306	0.0072622339	0.0013094150	0.00024534820	4.7876261e-05	9.4802654e-06	0.0000000	0.0000000	0.0000000	0.0000000	0.0000000	0.0000000	0.0000000	0.0000000	0.0000000
12.2640	0.0000000	0.0000000	0.0000000	0.0000000	0.0000000	0.0000000	0.0000000	0.0000000	0.0000000	0.0000000	0.0000000	0.0000000	0.0000000	0.0000000	0.0000000	0.0000000	0.0000000	0.0000000	0.0000000	0.0000000	0.0000000	0.0000000	0.0000000	0.0000000	0.0000000	0.0000000	0.0000000	0.0000000	0.0000000	0.0000000	0.0000000	0.0000000	0.0000000	0.0000000	0.0000000	0.0000000	0.0000000	0.0000000	0.0000000	0.0000000	1.1149534e-09	2.3315264e-07	2.2611193e-05	0.0011533579	0.031546846	0.46458297	3.6754414	16.133678	44.891676	93.741605	164.27803	255.61407	362.51292	473.67316	571.15629	632.62785	636.67265	572.03782	447.56455	295.38705	158.16782	66.041606	20.941387	5.1170968	1.0313711	0.18749839	0.032999683	0.0058619469	0.0010738998	0.00020417095	4.0342536e-05	8.0714801e-06	0.0000000	0.0000000	0.0000000	0.0000000	0.0000000	0.0000000	0.0000000	0.0000000	0.0000000
13.8250	0.0000000	0.0000000	0.0000000	0.0000000	0.0000000	0.0000000	0.0000000	0.0000000	0.0000000	0.0000000	0.0000000	0.0000000	0.0000000	0.0000000	0.0000000	0.0000000	0.0000000	0.0000000	0.0000000	0.0000000	0.0000000	0.0000000	0.0000000	0.0000000	0.0000000	0.0000000	0.0000000	0.0000000	0.0000000	0.0000000	0.0000000	0.0000000	0.0000000	0.0000000	0.0000000	0.0000000	0.0000000	0.0000000	0.0000000	0.0000000	1.9782623e-09	3.6677295e-07	3.2620635e-05	0.0015683908	0.041358954	0.56394124	4.2021437	17.598558	47.104544	95.208839	162.41936	247.33516	345.14218	446.23704	535.38522	592.70692	598.13399	539.90317	424.65153	281.63420	151.45672	63.483173	20.201268	4.9526198	1.0016945	0.18287863	0.032355972	0.0057837525	0.0010671417	0.00020444461	4.0713945e-05	8.2076859e-06	0.0000000	0.0000000	0.0000000	0.0000000	0.0000000	0.0000000	0.0000000	0.0000000	0.0000000
15.4530	0.0000000	0.0000000	0.0000000	0.0000000	0.0000000	0.0000000	0.0000000	0.0000000	0.0000000	0.0000000	0.0000000	0.0000000	0.0000000	0.0000000	0.0000000	0.0000000	0.0000000	0.0000000	0.0000000	0.0000000	0.0000000	0.0000000	0.0000000	0.0000000	0.0000000	0.0000000	0.0000000	0.0000000	0.0000000	0.0000000	0.0000000	0.0000000	0.0000000	0.0000000	0.0000000	0.0000000	0.0000000	0.0000000	0.0000000	0.0000000	6.9085681e-09	1.0936298e-06	8.2483312e-05	0.0033493272	0.074428530	0.90649347	6.0243610	22.520946	54.003311	98.174725	151.08573	207.96908	262.51948	306.77696	332.10402	331.32153	301.18956	245.08319	172.25572	102.25372	49.307707	18.561359	5.3117343	1.1726375	0.21384751	0.035259828	0.0056466578	0.00091625832	0.00015400772	2.6991690e-05	4.9407408e-06	9.2029680e-07	0.0000000	0.0000000	0.0000000	0.0000000	0.0000000	0.0000000	0.0000000	0.0000000	0.0000000
11.2500	0.0000000	0.0000000	0.0000000	0.0000000	0.0000000	0.0000000	0.0000000	0.0000000	0.0000000	0.0000000	0.0000000	0.0000000	0.0000000	0.0000000	0.0000000	0.0000000	0.0000000	0.0000000	0.0000000	0.0000000	0.0000000	0.0000000	0.0000000	0.0000000	0.0000000	0.0000000	0.0000000	0.0000000	0.0000000	0.0000000	0.0000000	0.0000000	0.0000000	0.0000000	0.0000000	0.0000000	0.0000000	0.0000000	0.0000000	0.0000000	2.4078387e-10	5.6860361e-08	6.1421244e-06	0.00034460475	0.010250188	0.16251113	1.3721587	6.3824708	18.711160	40.962547	74.902192	121.03944	177.42739	238.44366	294.26670	332.06866	339.03326	307.80276	242.42701	160.43567	85.783714	35.608535	11.182608	2.7025014	0.53894142	0.097031452	0.016931437	0.0029856271	0.00054369748	0.00010290071	2.0271339e-05	4.0498267e-06	0.0000000	0.0000000	0.0000000	0.0000000	0.0000000	0.0000000	0.0000000	0.0000000	0.0000000
11.1290	0.0000000	0.0000000	0.0000000	0.0000000	0.0000000	0.0000000	0.0000000	0.0000000	0.0000000	0.0000000	0.0000000	0.0000000	0.0000000	0.0000000	0.0000000	0.0000000	0.0000000	0.0000000	0.0000000	0.0000000	0.0000000	0.0000000	0.0000000	0.0000000	0.0000000	0.0000000	0.0000000	0.0000000	0.0000000	0.0000000	0.0000000	0.0000000	0.0000000	0.0000000	0.0000000	0.0000000	0.0000000	0.0000000	0.0000000	0.0000000	1.5234186e-10	3.6394103e-08	3.9740610e-06	0.00022525294	0.0067656742	0.10827388	0.92244740	4.3274322	12.788201	28.207649	51.955460	84.565120	124.87414	169.11090	210.41245	239.52266	246.85019	226.39449	180.28331	120.75374	65.429423	27.564273	8.7928652	2.1550927	0.43449579	0.078818745	0.013807239	0.0024349204	0.00044190525	8.3111980e-05	1.6234343e-05	3.2109425e-06	0.0000000	0.0000000	0.0000000	0.0000000	0.0000000	0.0000000	0.0000000	0.0000000	0.0000000
16.3360	0.0000000	0.0000000	0.0000000	0.0000000	0.0000000	0.0000000	0.0000000	0.0000000	0.0000000	0.0000000	0.0000000	0.0000000	0.0000000	0.0000000	0.0000000	0.0000000	0.0000000	0.0000000	0.0000000	0.0000000	0.0000000	0.0000000	0.0000000	0.0000000	0.0000000	0.0000000	0.0000000	0.0000000	0.0000000	0.0000000	0.0000000	0.0000000	0.0000000	0.0000000	0.0000000	0.0000000	0.0000000	0.0000000	0.0000000	0.0000000	2.8769375e-09	4.2232050e-07	2.9756239e-05	0.0011369957	0.023969004	0.27923142	1.7879269	6.4809964	15.155281	26.992103	40.868824	55.568605	69.552570	80.925080	87.603270	87.768489	80.457976	66.274194	47.812553	29.248624	14.587377	5.6992414	1.6983520	0.39154317	0.074720526	0.012905390	0.0021649960	0.00036766297	6.4554859e-05	1.1789661e-05	2.2420560e-06	4.3234290e-07	0.0000000	0.0000000	0.0000000	0.0000000	0.0000000	0.0000000	0.0000000	0.0000000	0.0000000
13.8900	0.0000000	0.0000000	0.0000000	0.0000000	0.0000000	0.0000000	0.0000000	0.0000000	0.0000000	0.0000000	0.0000000	0.0000000	0.0000000	0.0000000	0.0000000	0.0000000	0.0000000	0.0000000	0.0000000	0.0000000	0.0000000	0.0000000	0.0000000	0.0000000	0.0000000	0.0000000	0.0000000	0.0000000	0.0000000	0.0000000	0.0000000	0.0000000	0.0000000	0.0000000	0.0000000	0.0000000	0.0000000	0.0000000	0.0000000	0.0000000	8.4649430e-10	1.3819763e-07	1.0630621e-05	0.00043701564	0.010198972	0.13421472	0.96462069	3.8910952	10.002215	19.347717	31.484528	45.611885	60.434713	74.130878	84.410523	88.760493	85.175057	73.209095	54.905331	34.761445	18.362348	8.6397348	2.9552597	0.69514578	0.13510862	0.023742873	0.0040507381	0.00069962038	0.00012499245	2.3240183e-05	4.5023439e-06	8.8510801e-07	0.0000000	0.0000000	0.0000000	0.0000000	0.0000000	0.0000000	0.0000000	0.0000000	0.0000000
16.0040	0.0000000	0.0000000	0.0000000	0.0000000	0.0000000	0.0000000	0.0000000	0.0000000	0.0000000	0.0000000	0.0000000	0.0000000	0.0000000	0.0000000	0.0000000	0.0000000	0.0000000	0.0000000	0.0000000	0.0000000	0.0000000	0.0000000	0.0000000	0.0000000	0.0000000	0.0000000	0.0000000	0.0000000	0.0000000	0.0000000	0.0000000	0.0000000	0.0000000	0.0000000	0.0000000	0.0000000	0.0000000	0.0000000	0.0000000	0.0000000	1.3925925e-09	2.1585945e-07	1.6019582e-05	0.00064202624	0.014117199	0.18062390	1.2663975	4.6992691	10.732846	18.878907	28.811644	40.159784	52.177958	63.514754	72.195607	75.945464	72.847537	62.399187	46.511054	29.219170	14.876476	5.8990245	1.7743972	0.41101533	0.078526534	0.013542063	0.0022642431	0.00038288304	6.6925201e-05	1.2167633e-05	2.3037023e-06	4.4232304e-07	0.0000000	0.0000000	0.0000000	0.0000000	0.0000000	0.0000000	0.0000000	0.0000000	0.0000000
10.7700	0.0000000	0.0000000	0.0000000	0.0000000	0.0000000	0.0000000	0.0000000	0.0000000	0.0000000	0.0000000	0.0000000	0.0000000	0.0000000	0.0000000	0.0000000	0.0000000	0.0000000	0.0000000	0.0000000	0.0000000	0.0000000	0.0000000	0.0000000	0.0000000	0.0000000	0.0000000	0.0000000	0.0000000	0.0000000	0.0000000	0.0000000	0.0000000	0.0000000	0.0000000	0.0000000	0.0000000	0.0000000	0.0000000	0.0000000	0.0000000	7.7659632e-11	1.9165309e-08	2.1576304e-06	0.00012594936	0.0038937509	0.064107170	0.56142047	2.7027072	8.1708118	18.367247	34.363561	56.669906	84.649149	115.88717	145.80362	167.91913	175.16420	162.65154	131.14271	88.922079	48.765512	20.790240	6.7110379	1.6644424	0.33959014	0.062352103	0.011057847	0.0019744243	0.00036262847	6.8925152e-05	1.3574837e-05	2.6983481e-06	0.0000000	0.0000000	0.0000000	0.0000000	0.0000000	0.0000000	0.0000000	0.0000000	0.0000000
10.6570	0.0000000	0.0000000	0.0000000	0.0000000	0.0000000	0.0000000	0.0000000	0.0000000	0.0000000	0.0000000	0.0000000	0.0000000	0.0000000	0.0000000	0.0000000	0.0000000	0.0000000	0.0000000	0.0000000	0.0000000	0.0000000	0.0000000	0.0000000	0.0000000	0.0000000	0.0000000	0.0000000	0.0000000	0.0000000	0.0000000	0.0000000	0.0000000	0.0000000	0.0000000	0.0000000	0.0000000	0.0000000	0.0000000	0.0000000	0.0000000	3.4614674e-11	8.7126922e-09	9.9682330e-07	5.8936684e-05	0.0018399875	0.030508214	0.28075620	1.4307413	4.5351559	10.589732	20.381308	34.224054	51.550019	70.543738	87.995651	99.722977	101.64217	91.623741	71.304895	46.434808	24.350723	9.8899659	3.1246218	0.77061238	0.15637861	0.028575444	0.0050501769	0.00090035051	0.00016550583	3.1572647e-05	6.2599954e-06	1.2568099e-06	0.0000000	0.0000000	0.0000000	0.0000000	0.0000000	0.0000000	0.0000000	0.0000000	0.0000000
12.6800	0.0000000	0.0000000	0.0000000	0.0000000	0.0000000	0.0000000	0.0000000	0.0000000	0.0000000	0.0000000	0.0000000	0.0000000	0.0000000	0.0000000	0.0000000	0.0000000	0.0000000	0.0000000	0.0000000	0.0000000	0.0000000	0.0000000	0.0000000	0.0000000	0.0000000	0.0000000	0.0000000	0.0000000	0.0000000	0.0000000	0.0000000	0.0000000	0.0000000	0.0000000	0.0000000	0.0000000	0.0000000	0.0000000	0.0000000	0.0000000	2.8796701e-10	5.3667755e-08	4.7085121e-06	0.00022086188	0.0056450500	0.078707346	0.59361587	2.4793916	6.4939665	12.578267	20.355264	29.193196	38.231299	46.363693	52.156165	54.133396	51.216694	43.336662	31.951717	19.887906	10.054921	3.9701448	1.1929441	0.28281633	0.055420428	0.0098121715	0.0016847457	0.00029243109	5.2423625e-05	9.7646446e-06	1.8920178e-06	3.7146948e-07	0.0000000	0.0000000	0.0000000	0.0000000	0.0000000	0.0000000	0.0000000	0.0000000	0.0000000
11.0230	0.0000000	0.0000000	0.0000000	0.0000000	0.0000000	0.0000000	0.0000000	0.0000000	0.0000000	0.0000000	0.0000000	0.0000000	0.0000000	0.0000000	0.0000000	0.0000000	0.0000000	0.0000000	0.0000000	0.0000000	0.0000000	0.0000000	0.0000000	0.0000000	0.0000000	0.0000000	0.0000000	0.0000000	0.0000000	0.0000000	0.0000000	0.0000000	0.0000000	0.0000000	0.0000000	0.0000000	0.0000000	0.0000000	0.0000000	0.0000000	2.9533481e-11	7.1876829e-09	8.0512306e-07	4.7016856e-05	0.0014552018	0.023905484	0.20818039	0.99448801	2.9833823	6.6693158	12.454160	20.569915	30.837492	42.394598	53.501962	61.658221	64.199612	59.396125	47.673908	32.181804	17.583948	7.4746449	2.4066054	0.59541490	0.12118116	0.022198956	0.0039309992	0.00070194866	0.00012934567	2.4785240e-05	4.9510995e-06	1.0051418e-06	0.0000000	0.0000000	0.0000000	0.0000000	0.0000000	0.0000000	0.0000000	0.0000000	0.0000000
10.1150	0.0000000	0.0000000	0.0000000	0.0000000	0.0000000	0.0000000	0.0000000	0.0000000	0.0000000	0.0000000	0.0000000	0.0000000	0.0000000	0.0000000	0.0000000	0.0000000	0.0000000	0.0000000	0.0000000	0.0000000	0.0000000	0.0000000	0.0000000	0.0000000	0.0000000	0.0000000	0.0000000	0.0000000	0.0000000	0.0000000	0.0000000	0.0000000	0.0000000	0.0000000	0.0000000	0.0000000	0.0000000	0.0000000	0.0000000	0.0000000	3.5122084e-12	9.5028936e-10	1.1649118e-07	7.3668268e-06	0.00024587152	0.0043612293	0.041114483	0.21310612	0.69435837	1.6825831	3.3836429	5.9646597	9.4495763	13.586543	17.768331	21.092679	22.514837	21.258108	17.334878	11.835328	6.5147490	2.7848190	0.90230332	0.22528940	0.046443735	0.0086501942	0.0015621259	0.00028499252	5.3645192e-05	1.0479706e-05	2.1270351e-06	4.3686606e-07	0.0000000	0.0000000	0.0000000	0.0000000	0.0000000	0.0000000	0.0000000	0.0000000	0.0000000
