# DO NOT EDIT: written Thu Mar 14 18:48:37 2019 by wrt_emiss_fe17.pro
# faked emissivities [1e-23 ergs cm^3/s] for Fe17 lines from Del Zanna 2011, A&A 536, A59
# emissivities include ion balance, but not abundance, and are spline and ion balance jittered off of emiss_Fe17_00000.txt
# line 6 -- SEED, LOGT
# lines 7+ -- WVL, EMISSIVITY
      173430	4.00	4.05	4.10	4.15	4.20	4.25	4.30	4.35	4.40	4.45	4.50	4.55	4.60	4.65	4.70	4.75	4.80	4.85	4.90	4.95	5.00	5.05	5.10	5.15	5.20	5.25	5.30	5.35	5.40	5.45	5.50	5.55	5.60	5.65	5.70	5.75	5.80	5.85	5.90	5.95	6.00	6.05	6.10	6.15	6.20	6.25	6.30	6.35	6.40	6.45	6.50	6.55	6.60	6.65	6.70	6.75	6.80	6.85	6.90	6.95	7.00	7.05	7.10	7.15	7.20	7.25	7.30	7.35	7.40	7.45	7.50	7.55	7.60	7.65	7.70	7.75	7.80	7.85	7.90	7.95	8.00
15.0130	0.0000000	0.0000000	0.0000000	0.0000000	0.0000000	0.0000000	0.0000000	0.0000000	0.0000000	0.0000000	0.0000000	0.0000000	0.0000000	0.0000000	0.0000000	0.0000000	0.0000000	0.0000000	0.0000000	0.0000000	0.0000000	0.0000000	0.0000000	0.0000000	0.0000000	0.0000000	0.0000000	0.0000000	0.0000000	0.0000000	0.0000000	0.0000000	0.0000000	0.0000000	0.0000000	0.0000000	0.0000000	0.0000000	0.0000000	0.0000000	5.8787332e-08	9.6936509e-06	0.00076239766	0.032193363	0.74274713	9.3956978	65.060336	254.53791	641.02619	1226.7161	1990.2841	2891.0664	3853.6248	4759.0429	5450.6553	5760.5223	5554.6683	4800.8141	3627.1090	2319.7527	1207.5474	491.61821	152.41090	36.490873	7.2206904	1.2916391	0.22425732	0.039410146	0.0071647267	0.0013562451	0.00026783362	5.3765251e-05	0.0000000	0.0000000	0.0000000	0.0000000	0.0000000	0.0000000	0.0000000	0.0000000	0.0000000
17.0510	0.0000000	0.0000000	0.0000000	0.0000000	0.0000000	0.0000000	0.0000000	0.0000000	0.0000000	0.0000000	0.0000000	0.0000000	0.0000000	0.0000000	0.0000000	0.0000000	0.0000000	0.0000000	0.0000000	0.0000000	0.0000000	0.0000000	0.0000000	0.0000000	0.0000000	0.0000000	0.0000000	0.0000000	0.0000000	0.0000000	0.0000000	0.0000000	0.0000000	0.0000000	0.0000000	0.0000000	0.0000000	0.0000000	0.0000000	0.0000000	1.1364539e-07	1.6493797e-05	0.0011582497	0.044161815	0.92751073	10.749580	68.554255	248.23222	581.45196	1043.2388	1601.0132	2210.4818	2812.9702	3329.5611	3666.7311	3735.9853	3480.8860	2911.8972	2131.5726	1321.4748	666.85720	263.13907	79.043782	18.335988	3.5157436	0.60943501	0.10252411	0.017449548	0.0030698288	0.00056162217	0.00010697248	2.0634557e-05	0.0000000	0.0000000	0.0000000	0.0000000	0.0000000	0.0000000	0.0000000	0.0000000	0.0000000
17.0960	0.0000000	0.0000000	0.0000000	0.0000000	0.0000000	0.0000000	0.0000000	0.0000000	0.0000000	0.0000000	0.0000000	0.0000000	0.0000000	0.0000000	0.0000000	0.0000000	0.0000000	0.0000000	0.0000000	0.0000000	0.0000000	0.0000000	0.0000000	0.0000000	0.0000000	0.0000000	0.0000000	0.0000000	0.0000000	0.0000000	0.0000000	0.0000000	0.0000000	0.0000000	0.0000000	0.0000000	0.0000000	0.0000000	0.0000000	0.0000000	1.1764366e-07	1.6779813e-05	0.0011596952	0.043645621	0.90854280	10.472291	66.562119	240.34973	561.11573	999.05007	1512.7929	2056.6104	2571.7879	2985.4751	3218.7970	3205.3413	2913.8523	2374.2087	1689.6666	1016.2677	496.34869	189.05233	54.666609	12.175438	2.2363219	0.37077389	0.059617319	0.0096988868	0.0016320345	0.00028593259	5.2246796e-05	9.6904632e-06	0.0000000	0.0000000	0.0000000	0.0000000	0.0000000	0.0000000	0.0000000	0.0000000	0.0000000
16.7760	0.0000000	0.0000000	0.0000000	0.0000000	0.0000000	0.0000000	0.0000000	0.0000000	0.0000000	0.0000000	0.0000000	0.0000000	0.0000000	0.0000000	0.0000000	0.0000000	0.0000000	0.0000000	0.0000000	0.0000000	0.0000000	0.0000000	0.0000000	0.0000000	0.0000000	0.0000000	0.0000000	0.0000000	0.0000000	0.0000000	0.0000000	0.0000000	0.0000000	0.0000000	0.0000000	0.0000000	0.0000000	0.0000000	0.0000000	0.0000000	1.1107399e-07	1.6235289e-05	0.0011437714	0.043670999	0.91915287	10.693572	68.591283	250.27753	591.67195	1069.0875	1645.9165	2277.4778	2898.7994	3424.6551	3758.7023	3812.7605	3534.2584	2940.6540	2141.4380	1321.2171	663.83508	260.92320	78.099638	18.057782	3.4519620	0.59676085	0.10015998	0.017015769	0.0029894756	0.00054646078	0.00010405264	2.0076881e-05	0.0000000	0.0000000	0.0000000	0.0000000	0.0000000	0.0000000	0.0000000	0.0000000	0.0000000
15.2620	0.0000000	0.0000000	0.0000000	0.0000000	0.0000000	0.0000000	0.0000000	0.0000000	0.0000000	0.0000000	0.0000000	0.0000000	0.0000000	0.0000000	0.0000000	0.0000000	0.0000000	0.0000000	0.0000000	0.0000000	0.0000000	0.0000000	0.0000000	0.0000000	0.0000000	0.0000000	0.0000000	0.0000000	0.0000000	0.0000000	0.0000000	0.0000000	0.0000000	0.0000000	0.0000000	0.0000000	0.0000000	0.0000000	0.0000000	0.0000000	1.7816317e-08	2.8898886e-06	0.00022419941	0.0093577299	0.21365073	2.6747479	18.315928	70.821331	176.25367	333.47834	535.56546	771.54494	1022.3078	1258.0080	1438.8773	1521.6678	1470.9155	1276.5262	969.81719	624.49176	327.64158	134.55532	42.105574	10.179960	2.0340160	0.36709317	0.064202755	0.011339176	0.0020659932	0.00039075220	7.6847571e-05	1.5295859e-05	0.0000000	0.0000000	0.0000000	0.0000000	0.0000000	0.0000000	0.0000000	0.0000000	0.0000000
12.1240	0.0000000	0.0000000	0.0000000	0.0000000	0.0000000	0.0000000	0.0000000	0.0000000	0.0000000	0.0000000	0.0000000	0.0000000	0.0000000	0.0000000	0.0000000	0.0000000	0.0000000	0.0000000	0.0000000	0.0000000	0.0000000	0.0000000	0.0000000	0.0000000	0.0000000	0.0000000	0.0000000	0.0000000	0.0000000	0.0000000	0.0000000	0.0000000	0.0000000	0.0000000	0.0000000	0.0000000	0.0000000	0.0000000	0.0000000	0.0000000	1.2922789e-09	2.7422610e-07	2.6983065e-05	0.0013895458	0.038202450	0.56389589	4.4713697	19.715942	55.219185	116.15142	205.00089	320.94508	457.19715	598.63460	721.54340	796.98683	798.04212	711.84481	551.69758	359.72266	189.74350	77.918853	24.306539	5.8565352	1.1693131	0.21207419	0.037590719	0.0068030195	0.0012864062	0.00025463995	5.2162267e-05	1.0681088e-05	0.0000000	0.0000000	0.0000000	0.0000000	0.0000000	0.0000000	0.0000000	0.0000000	0.0000000
12.2640	0.0000000	0.0000000	0.0000000	0.0000000	0.0000000	0.0000000	0.0000000	0.0000000	0.0000000	0.0000000	0.0000000	0.0000000	0.0000000	0.0000000	0.0000000	0.0000000	0.0000000	0.0000000	0.0000000	0.0000000	0.0000000	0.0000000	0.0000000	0.0000000	0.0000000	0.0000000	0.0000000	0.0000000	0.0000000	0.0000000	0.0000000	0.0000000	0.0000000	0.0000000	0.0000000	0.0000000	0.0000000	0.0000000	0.0000000	0.0000000	1.1465618e-09	2.3722705e-07	2.2875351e-05	0.0011599887	0.031539708	0.46209842	3.6468329	16.027483	44.769002	93.987085	165.73422	259.62691	370.82691	488.08398	592.88107	661.50346	670.49547	606.58200	477.71487	317.24533	170.86189	71.729486	22.859456	5.6114001	1.1355671	0.20713649	0.036550441	0.0065038002	0.0011923580	0.00022661470	4.4709240e-05	8.9097801e-06	0.0000000	0.0000000	0.0000000	0.0000000	0.0000000	0.0000000	0.0000000	0.0000000	0.0000000
13.8250	0.0000000	0.0000000	0.0000000	0.0000000	0.0000000	0.0000000	0.0000000	0.0000000	0.0000000	0.0000000	0.0000000	0.0000000	0.0000000	0.0000000	0.0000000	0.0000000	0.0000000	0.0000000	0.0000000	0.0000000	0.0000000	0.0000000	0.0000000	0.0000000	0.0000000	0.0000000	0.0000000	0.0000000	0.0000000	0.0000000	0.0000000	0.0000000	0.0000000	0.0000000	0.0000000	0.0000000	0.0000000	0.0000000	0.0000000	0.0000000	2.6094879e-09	4.5680005e-07	3.8155437e-05	0.0017148318	0.042225290	0.57119576	4.2296540	17.652501	47.175293	95.283943	162.48598	247.37466	345.12512	446.12082	535.11898	592.24471	597.46239	539.07429	423.79703	280.91987	150.99258	63.258694	19.200547	4.4103077	0.84070849	0.14794640	0.025783554	0.0046271269	0.00087037051	0.00017191402	3.5548879e-05	7.4556741e-06	0.0000000	0.0000000	0.0000000	0.0000000	0.0000000	0.0000000	0.0000000	0.0000000	0.0000000
15.4530	0.0000000	0.0000000	0.0000000	0.0000000	0.0000000	0.0000000	0.0000000	0.0000000	0.0000000	0.0000000	0.0000000	0.0000000	0.0000000	0.0000000	0.0000000	0.0000000	0.0000000	0.0000000	0.0000000	0.0000000	0.0000000	0.0000000	0.0000000	0.0000000	0.0000000	0.0000000	0.0000000	0.0000000	0.0000000	0.0000000	0.0000000	0.0000000	0.0000000	0.0000000	0.0000000	0.0000000	0.0000000	0.0000000	0.0000000	0.0000000	6.9807053e-09	1.0990096e-06	8.2634584e-05	0.0033370808	0.073595976	0.88864531	5.8603765	21.783296	51.994359	94.088859	144.05528	197.11838	247.12026	286.54940	307.60696	304.19019	274.06644	221.06616	155.72935	92.803535	45.005546	17.076438	4.9389019	1.1050747	0.20466300	0.034298453	0.0055821734	0.00092013095	0.00015698307	2.7895034e-05	5.1691600e-06	9.7175239e-07	0.0000000	0.0000000	0.0000000	0.0000000	0.0000000	0.0000000	0.0000000	0.0000000	0.0000000
11.2500	0.0000000	0.0000000	0.0000000	0.0000000	0.0000000	0.0000000	0.0000000	0.0000000	0.0000000	0.0000000	0.0000000	0.0000000	0.0000000	0.0000000	0.0000000	0.0000000	0.0000000	0.0000000	0.0000000	0.0000000	0.0000000	0.0000000	0.0000000	0.0000000	0.0000000	0.0000000	0.0000000	0.0000000	0.0000000	0.0000000	0.0000000	0.0000000	0.0000000	0.0000000	0.0000000	0.0000000	0.0000000	0.0000000	0.0000000	0.0000000	1.9846797e-10	4.6277574e-08	4.9536748e-06	0.00027507329	0.0080911589	0.12688853	1.0621799	5.2303687	16.374477	38.083783	73.599594	125.06855	184.94128	249.40828	309.24135	351.05814	361.08074	330.76899	263.31870	176.48335	95.782062	40.459929	12.956111	3.1915555	0.64752547	0.11405699	0.018399099	0.0027563569	0.00050618695	9.6382445e-05	1.9056195e-05	3.8070456e-06	0.0000000	0.0000000	0.0000000	0.0000000	0.0000000	0.0000000	0.0000000	0.0000000	0.0000000
11.1290	0.0000000	0.0000000	0.0000000	0.0000000	0.0000000	0.0000000	0.0000000	0.0000000	0.0000000	0.0000000	0.0000000	0.0000000	0.0000000	0.0000000	0.0000000	0.0000000	0.0000000	0.0000000	0.0000000	0.0000000	0.0000000	0.0000000	0.0000000	0.0000000	0.0000000	0.0000000	0.0000000	0.0000000	0.0000000	0.0000000	0.0000000	0.0000000	0.0000000	0.0000000	0.0000000	0.0000000	0.0000000	0.0000000	0.0000000	0.0000000	1.6765834e-10	3.9659380e-08	4.3000354e-06	0.00024151793	0.0071762214	0.11353609	0.95754627	4.4577420	13.092884	28.718758	52.605453	85.144459	125.01762	168.34323	208.27848	235.79044	241.72111	220.58922	174.86213	116.65498	63.001259	26.478183	8.4355974	2.0675073	0.41741782	0.075942388	0.013364873	0.0023721069	0.00043390246	8.2316654e-05	1.6221061e-05	3.2311097e-06	0.0000000	0.0000000	0.0000000	0.0000000	0.0000000	0.0000000	0.0000000	0.0000000	0.0000000
16.3360	0.0000000	0.0000000	0.0000000	0.0000000	0.0000000	0.0000000	0.0000000	0.0000000	0.0000000	0.0000000	0.0000000	0.0000000	0.0000000	0.0000000	0.0000000	0.0000000	0.0000000	0.0000000	0.0000000	0.0000000	0.0000000	0.0000000	0.0000000	0.0000000	0.0000000	0.0000000	0.0000000	0.0000000	0.0000000	0.0000000	0.0000000	0.0000000	0.0000000	0.0000000	0.0000000	0.0000000	0.0000000	0.0000000	0.0000000	0.0000000	3.1758726e-09	4.7057536e-07	3.3549960e-05	0.0012938385	0.027463849	0.32173465	2.0729773	7.5745613	17.869686	32.101392	48.986476	67.061116	84.415089	98.657333	107.14013	107.54129	98.628751	81.160592	58.406066	35.585332	17.146364	5.9860990	1.5703271	0.34134691	0.064473043	0.011020619	0.0018305566	0.00030809146	5.4805454e-05	1.0533341e-05	2.1028377e-06	4.2176937e-07	0.0000000	0.0000000	0.0000000	0.0000000	0.0000000	0.0000000	0.0000000	0.0000000	0.0000000
13.8900	0.0000000	0.0000000	0.0000000	0.0000000	0.0000000	0.0000000	0.0000000	0.0000000	0.0000000	0.0000000	0.0000000	0.0000000	0.0000000	0.0000000	0.0000000	0.0000000	0.0000000	0.0000000	0.0000000	0.0000000	0.0000000	0.0000000	0.0000000	0.0000000	0.0000000	0.0000000	0.0000000	0.0000000	0.0000000	0.0000000	0.0000000	0.0000000	0.0000000	0.0000000	0.0000000	0.0000000	0.0000000	0.0000000	0.0000000	0.0000000	8.2407781e-10	1.3898183e-07	1.1154073e-05	0.00048116745	0.011381694	0.14827570	1.0612653	4.2984739	11.189010	22.101288	36.994053	55.327624	75.691930	95.600223	111.66711	119.99408	115.10745	98.895539	74.134208	46.910903	24.096788	9.6594076	2.9437693	0.69229750	0.13454228	0.023642798	0.0040337265	0.00069670722	0.00012447734	2.3145469e-05	4.4841854e-06	8.8054944e-07	0.0000000	0.0000000	0.0000000	0.0000000	0.0000000	0.0000000	0.0000000	0.0000000	0.0000000
16.0040	0.0000000	0.0000000	0.0000000	0.0000000	0.0000000	0.0000000	0.0000000	0.0000000	0.0000000	0.0000000	0.0000000	0.0000000	0.0000000	0.0000000	0.0000000	0.0000000	0.0000000	0.0000000	0.0000000	0.0000000	0.0000000	0.0000000	0.0000000	0.0000000	0.0000000	0.0000000	0.0000000	0.0000000	0.0000000	0.0000000	0.0000000	0.0000000	0.0000000	0.0000000	0.0000000	0.0000000	0.0000000	0.0000000	0.0000000	0.0000000	1.6210287e-09	2.4967378e-07	1.8482066e-05	0.00073812959	0.016164243	0.19462136	1.2856193	4.8105598	11.621643	21.394538	33.475233	47.002920	60.687051	72.721481	80.934920	83.216196	78.131255	65.760862	48.344300	30.037073	15.158501	5.9696615	1.7864344	0.41230751	0.078589576	0.013535611	0.0022622118	0.00038264056	6.6935631e-05	1.2183759e-05	2.3099924e-06	4.4367884e-07	0.0000000	0.0000000	0.0000000	0.0000000	0.0000000	0.0000000	0.0000000	0.0000000	0.0000000
10.7700	0.0000000	0.0000000	0.0000000	0.0000000	0.0000000	0.0000000	0.0000000	0.0000000	0.0000000	0.0000000	0.0000000	0.0000000	0.0000000	0.0000000	0.0000000	0.0000000	0.0000000	0.0000000	0.0000000	0.0000000	0.0000000	0.0000000	0.0000000	0.0000000	0.0000000	0.0000000	0.0000000	0.0000000	0.0000000	0.0000000	0.0000000	0.0000000	0.0000000	0.0000000	0.0000000	0.0000000	0.0000000	0.0000000	0.0000000	0.0000000	8.9119200e-11	2.2169649e-08	2.5224013e-06	0.00014842179	0.0046131318	0.075381869	0.65611723	3.1473351	9.4968714	21.319598	39.834968	65.593159	97.796758	133.58418	165.42000	185.15160	186.22202	165.18834	125.84889	79.623649	40.387590	17.141894	5.5114845	1.3624504	0.27728711	0.050833370	0.0090105289	0.0016100110	0.00029631973	5.6529305e-05	1.1194566e-05	2.2393801e-06	0.0000000	0.0000000	0.0000000	0.0000000	0.0000000	0.0000000	0.0000000	0.0000000	0.0000000
10.6570	0.0000000	0.0000000	0.0000000	0.0000000	0.0000000	0.0000000	0.0000000	0.0000000	0.0000000	0.0000000	0.0000000	0.0000000	0.0000000	0.0000000	0.0000000	0.0000000	0.0000000	0.0000000	0.0000000	0.0000000	0.0000000	0.0000000	0.0000000	0.0000000	0.0000000	0.0000000	0.0000000	0.0000000	0.0000000	0.0000000	0.0000000	0.0000000	0.0000000	0.0000000	0.0000000	0.0000000	0.0000000	0.0000000	0.0000000	0.0000000	4.5503916e-11	1.1413416e-08	1.3055725e-06	7.7049242e-05	0.0023974870	0.039597349	0.34742528	1.6760170	5.0782419	11.438833	21.435038	35.386494	52.877742	72.349317	90.855603	104.29316	108.26578	99.894092	79.932194	53.738477	29.200414	12.328903	3.9403608	0.96758745	0.19549633	0.035567599	0.0062584788	0.0011109344	0.00020334562	3.8629424e-05	7.6278452e-06	1.5235043e-06	0.0000000	0.0000000	0.0000000	0.0000000	0.0000000	0.0000000	0.0000000	0.0000000	0.0000000
12.6800	0.0000000	0.0000000	0.0000000	0.0000000	0.0000000	0.0000000	0.0000000	0.0000000	0.0000000	0.0000000	0.0000000	0.0000000	0.0000000	0.0000000	0.0000000	0.0000000	0.0000000	0.0000000	0.0000000	0.0000000	0.0000000	0.0000000	0.0000000	0.0000000	0.0000000	0.0000000	0.0000000	0.0000000	0.0000000	0.0000000	0.0000000	0.0000000	0.0000000	0.0000000	0.0000000	0.0000000	0.0000000	0.0000000	0.0000000	0.0000000	2.4693519e-10	4.6204151e-08	4.0872608e-06	0.00019320828	0.0049758436	0.069935598	0.53215580	2.2431354	5.9484960	11.726903	19.224056	27.814356	36.628385	44.561779	50.216384	52.185116	49.462058	41.997536	31.153889	19.560919	9.9993586	4.0001260	1.2198207	0.28775331	0.056200755	0.0099372724	0.0017071677	0.00029700094	5.3450538e-05	1.0009703e-05	1.9526752e-06	3.8602891e-07	0.0000000	0.0000000	0.0000000	0.0000000	0.0000000	0.0000000	0.0000000	0.0000000	0.0000000
11.0230	0.0000000	0.0000000	0.0000000	0.0000000	0.0000000	0.0000000	0.0000000	0.0000000	0.0000000	0.0000000	0.0000000	0.0000000	0.0000000	0.0000000	0.0000000	0.0000000	0.0000000	0.0000000	0.0000000	0.0000000	0.0000000	0.0000000	0.0000000	0.0000000	0.0000000	0.0000000	0.0000000	0.0000000	0.0000000	0.0000000	0.0000000	0.0000000	0.0000000	0.0000000	0.0000000	0.0000000	0.0000000	0.0000000	0.0000000	0.0000000	3.6158594e-11	8.6991453e-09	9.6624179e-07	5.5813241e-05	0.0016932060	0.027236462	0.23253292	1.0918071	3.2254456	7.1085035	13.097743	21.364519	31.665980	43.098185	53.933418	61.754318	64.031076	59.126910	47.466480	32.109934	17.613982	7.5298331	2.4419924	0.60942811	0.12527216	0.023204982	0.0041596103	0.00075263771	0.00014065178	2.7354435e-05	5.5493615e-06	1.1433175e-06	0.0000000	0.0000000	0.0000000	0.0000000	0.0000000	0.0000000	0.0000000	0.0000000	0.0000000
10.1150	0.0000000	0.0000000	0.0000000	0.0000000	0.0000000	0.0000000	0.0000000	0.0000000	0.0000000	0.0000000	0.0000000	0.0000000	0.0000000	0.0000000	0.0000000	0.0000000	0.0000000	0.0000000	0.0000000	0.0000000	0.0000000	0.0000000	0.0000000	0.0000000	0.0000000	0.0000000	0.0000000	0.0000000	0.0000000	0.0000000	0.0000000	0.0000000	0.0000000	0.0000000	0.0000000	0.0000000	0.0000000	0.0000000	0.0000000	0.0000000	3.8981538e-12	1.0651493e-09	1.3189011e-07	8.3800806e-06	0.00027941825	0.0049253557	0.045963645	0.23505371	0.75213251	1.7806447	3.4894563	5.9971160	9.2934019	13.146497	17.031715	20.136481	21.507997	20.430277	16.845283	11.670691	6.5322793	2.8407287	0.93531479	0.23670905	0.049323922	0.0092610779	0.0016818063	0.00030783307	5.8011506e-05	1.1323998e-05	2.2926790e-06	4.6845411e-07	0.0000000	0.0000000	0.0000000	0.0000000	0.0000000	0.0000000	0.0000000	0.0000000	0.0000000
