# DO NOT EDIT: written Thu Mar 14 18:48:37 2019 by wrt_emiss_fe17.pro
# faked emissivities [1e-23 ergs cm^3/s] for Fe17 lines from Del Zanna 2011, A&A 536, A59
# emissivities include ion balance, but not abundance, and are spline and ion balance jittered off of emiss_Fe17_00000.txt
# line 6 -- SEED, LOGT
# lines 7+ -- WVL, EMISSIVITY
      275845	4.00	4.05	4.10	4.15	4.20	4.25	4.30	4.35	4.40	4.45	4.50	4.55	4.60	4.65	4.70	4.75	4.80	4.85	4.90	4.95	5.00	5.05	5.10	5.15	5.20	5.25	5.30	5.35	5.40	5.45	5.50	5.55	5.60	5.65	5.70	5.75	5.80	5.85	5.90	5.95	6.00	6.05	6.10	6.15	6.20	6.25	6.30	6.35	6.40	6.45	6.50	6.55	6.60	6.65	6.70	6.75	6.80	6.85	6.90	6.95	7.00	7.05	7.10	7.15	7.20	7.25	7.30	7.35	7.40	7.45	7.50	7.55	7.60	7.65	7.70	7.75	7.80	7.85	7.90	7.95	8.00
15.0130	0.0000000	0.0000000	0.0000000	0.0000000	0.0000000	0.0000000	0.0000000	0.0000000	0.0000000	0.0000000	0.0000000	0.0000000	0.0000000	0.0000000	0.0000000	0.0000000	0.0000000	0.0000000	0.0000000	0.0000000	0.0000000	0.0000000	0.0000000	0.0000000	0.0000000	0.0000000	0.0000000	0.0000000	0.0000000	0.0000000	0.0000000	0.0000000	0.0000000	0.0000000	0.0000000	0.0000000	0.0000000	0.0000000	0.0000000	0.0000000	1.5144895e-07	2.2344317e-05	0.0016337030	0.061956430	1.2329103	13.003663	75.844747	265.98643	635.65959	1188.5976	1908.6706	2760.3197	3674.0459	4537.1358	5197.6302	5489.7645	5281.1321	4542.4217	3406.1383	2156.8460	1110.5121	447.77772	138.03459	33.024794	6.5532105	1.1770335	0.20508858	0.036115484	0.0065642808	0.0012390502	0.00024324765	4.5841307e-05	0.0000000	0.0000000	0.0000000	0.0000000	0.0000000	0.0000000	0.0000000	0.0000000	0.0000000
17.0510	0.0000000	0.0000000	0.0000000	0.0000000	0.0000000	0.0000000	0.0000000	0.0000000	0.0000000	0.0000000	0.0000000	0.0000000	0.0000000	0.0000000	0.0000000	0.0000000	0.0000000	0.0000000	0.0000000	0.0000000	0.0000000	0.0000000	0.0000000	0.0000000	0.0000000	0.0000000	0.0000000	0.0000000	0.0000000	0.0000000	0.0000000	0.0000000	0.0000000	0.0000000	0.0000000	0.0000000	0.0000000	0.0000000	0.0000000	0.0000000	3.5648630e-07	4.6039451e-05	0.0029864122	0.10153127	1.8247981	17.484212	93.079444	299.24502	658.38813	1138.1727	1696.4182	2285.0001	2841.1053	3286.0371	3533.8531	3511.6437	3185.5282	2589.3339	1838.5116	1104.4324	540.52453	207.62572	61.130301	14.015763	2.6761138	0.46461681	0.078636324	0.013517259	0.0024099999	0.00044836043	8.7114902e-05	1.6283858e-05	0.0000000	0.0000000	0.0000000	0.0000000	0.0000000	0.0000000	0.0000000	0.0000000	0.0000000
17.0960	0.0000000	0.0000000	0.0000000	0.0000000	0.0000000	0.0000000	0.0000000	0.0000000	0.0000000	0.0000000	0.0000000	0.0000000	0.0000000	0.0000000	0.0000000	0.0000000	0.0000000	0.0000000	0.0000000	0.0000000	0.0000000	0.0000000	0.0000000	0.0000000	0.0000000	0.0000000	0.0000000	0.0000000	0.0000000	0.0000000	0.0000000	0.0000000	0.0000000	0.0000000	0.0000000	0.0000000	0.0000000	0.0000000	0.0000000	0.0000000	3.3617349e-07	4.3205020e-05	0.0027911083	0.094724702	1.7055206	16.418966	87.971968	284.70705	630.00860	1093.5383	1633.1524	2199.7379	2729.3896	3143.5971	3359.6473	3310.9010	2971.9679	2384.8678	1667.3498	983.32882	470.87280	176.30227	50.397712	11.174964	2.0556378	0.34258452	0.055471102	0.0090932952	0.0015412330	0.00027171784	4.9877256e-05	8.7926088e-06	0.0000000	0.0000000	0.0000000	0.0000000	0.0000000	0.0000000	0.0000000	0.0000000	0.0000000
16.7760	0.0000000	0.0000000	0.0000000	0.0000000	0.0000000	0.0000000	0.0000000	0.0000000	0.0000000	0.0000000	0.0000000	0.0000000	0.0000000	0.0000000	0.0000000	0.0000000	0.0000000	0.0000000	0.0000000	0.0000000	0.0000000	0.0000000	0.0000000	0.0000000	0.0000000	0.0000000	0.0000000	0.0000000	0.0000000	0.0000000	0.0000000	0.0000000	0.0000000	0.0000000	0.0000000	0.0000000	0.0000000	0.0000000	0.0000000	0.0000000	2.5228587e-07	3.2738365e-05	0.0021295786	0.072644411	1.3147174	12.749008	69.088219	227.41389	514.62590	917.61207	1412.2578	1963.1870	2512.7605	2981.0149	3275.4202	3310.9401	3040.1048	2487.5426	1767.1437	1054.6547	510.46444	193.92158	56.462796	12.797474	2.4140381	0.41374050	0.069064532	0.011696825	0.0020521880	0.00037518576	7.1538093e-05	1.3120740e-05	0.0000000	0.0000000	0.0000000	0.0000000	0.0000000	0.0000000	0.0000000	0.0000000	0.0000000
15.2620	0.0000000	0.0000000	0.0000000	0.0000000	0.0000000	0.0000000	0.0000000	0.0000000	0.0000000	0.0000000	0.0000000	0.0000000	0.0000000	0.0000000	0.0000000	0.0000000	0.0000000	0.0000000	0.0000000	0.0000000	0.0000000	0.0000000	0.0000000	0.0000000	0.0000000	0.0000000	0.0000000	0.0000000	0.0000000	0.0000000	0.0000000	0.0000000	0.0000000	0.0000000	0.0000000	0.0000000	0.0000000	0.0000000	0.0000000	0.0000000	4.7462837e-08	6.9548104e-06	0.00050633142	0.019155573	0.38062342	4.0077946	23.312205	81.446738	193.74186	360.39682	575.65440	828.32283	1097.3703	1349.2896	1539.6725	1620.7235	1554.8785	1334.6855	999.41480	632.29519	325.40665	131.19557	40.449273	9.6811740	1.9222510	0.34555402	0.060273016	0.010625112	0.0019328149	0.00036496972	7.1627815e-05	1.3480817e-05	0.0000000	0.0000000	0.0000000	0.0000000	0.0000000	0.0000000	0.0000000	0.0000000	0.0000000
12.1240	0.0000000	0.0000000	0.0000000	0.0000000	0.0000000	0.0000000	0.0000000	0.0000000	0.0000000	0.0000000	0.0000000	0.0000000	0.0000000	0.0000000	0.0000000	0.0000000	0.0000000	0.0000000	0.0000000	0.0000000	0.0000000	0.0000000	0.0000000	0.0000000	0.0000000	0.0000000	0.0000000	0.0000000	0.0000000	0.0000000	0.0000000	0.0000000	0.0000000	0.0000000	0.0000000	0.0000000	0.0000000	0.0000000	0.0000000	0.0000000	3.8213932e-09	7.2393514e-07	6.6045576e-05	0.0030457329	0.072006769	0.88357044	5.8850930	23.201360	61.512011	126.11738	219.75359	341.60690	484.49080	632.34399	760.05978	837.01427	835.02778	741.37809	571.52985	370.72556	194.89313	80.002990	25.044976	6.0742710	1.2203825	0.22169965	0.039033993	0.0069390403	0.0012498126	0.00021733117	3.9520411e-05	6.9877958e-06	0.0000000	0.0000000	0.0000000	0.0000000	0.0000000	0.0000000	0.0000000	0.0000000	0.0000000
12.2640	0.0000000	0.0000000	0.0000000	0.0000000	0.0000000	0.0000000	0.0000000	0.0000000	0.0000000	0.0000000	0.0000000	0.0000000	0.0000000	0.0000000	0.0000000	0.0000000	0.0000000	0.0000000	0.0000000	0.0000000	0.0000000	0.0000000	0.0000000	0.0000000	0.0000000	0.0000000	0.0000000	0.0000000	0.0000000	0.0000000	0.0000000	0.0000000	0.0000000	0.0000000	0.0000000	0.0000000	0.0000000	0.0000000	0.0000000	0.0000000	3.4512704e-09	6.4607565e-07	5.8452625e-05	0.0026819855	0.063265579	0.77622885	5.1756275	20.424172	54.149532	110.92492	192.99403	299.49499	424.14231	553.15313	664.74638	732.06721	730.24513	647.96671	498.86802	322.98295	169.41878	69.383036	21.669805	5.2439209	1.0512173	0.19050203	0.033444719	0.0059247148	0.0010813766	0.00020457075	4.0155388e-05	7.5459451e-06	0.0000000	0.0000000	0.0000000	0.0000000	0.0000000	0.0000000	0.0000000	0.0000000	0.0000000
13.8250	0.0000000	0.0000000	0.0000000	0.0000000	0.0000000	0.0000000	0.0000000	0.0000000	0.0000000	0.0000000	0.0000000	0.0000000	0.0000000	0.0000000	0.0000000	0.0000000	0.0000000	0.0000000	0.0000000	0.0000000	0.0000000	0.0000000	0.0000000	0.0000000	0.0000000	0.0000000	0.0000000	0.0000000	0.0000000	0.0000000	0.0000000	0.0000000	0.0000000	0.0000000	0.0000000	0.0000000	0.0000000	0.0000000	0.0000000	0.0000000	6.6606815e-09	1.0472394e-06	8.1551374e-05	0.0032982144	0.070127886	0.79122449	4.9331103	18.432450	46.637997	91.715489	154.01758	231.87194	320.20896	409.42981	484.99091	528.75553	523.77064	462.31232	354.21419	228.07865	118.90079	48.376749	15.011741	3.6110181	0.72038854	0.13019192	0.022854830	0.0040607501	0.00074578778	0.00014243987	2.8322762e-05	5.4086850e-06	0.0000000	0.0000000	0.0000000	0.0000000	0.0000000	0.0000000	0.0000000	0.0000000	0.0000000
15.4530	0.0000000	0.0000000	0.0000000	0.0000000	0.0000000	0.0000000	0.0000000	0.0000000	0.0000000	0.0000000	0.0000000	0.0000000	0.0000000	0.0000000	0.0000000	0.0000000	0.0000000	0.0000000	0.0000000	0.0000000	0.0000000	0.0000000	0.0000000	0.0000000	0.0000000	0.0000000	0.0000000	0.0000000	0.0000000	0.0000000	0.0000000	0.0000000	0.0000000	0.0000000	0.0000000	0.0000000	0.0000000	0.0000000	0.0000000	0.0000000	1.6390142e-08	2.3018701e-06	0.00016044441	0.0058043213	0.11017321	1.1073641	6.1451586	20.468014	46.368469	82.034868	124.42283	169.69050	212.68103	246.90550	265.44616	262.77230	236.71273	190.46915	133.45677	78.864879	37.850038	14.211954	4.0771417	0.90813460	0.16799450	0.028189219	0.0046009407	0.00076116868	0.00013036561	2.3255484e-05	4.3250985e-06	7.7348907e-07	0.0000000	0.0000000	0.0000000	0.0000000	0.0000000	0.0000000	0.0000000	0.0000000	0.0000000
11.2500	0.0000000	0.0000000	0.0000000	0.0000000	0.0000000	0.0000000	0.0000000	0.0000000	0.0000000	0.0000000	0.0000000	0.0000000	0.0000000	0.0000000	0.0000000	0.0000000	0.0000000	0.0000000	0.0000000	0.0000000	0.0000000	0.0000000	0.0000000	0.0000000	0.0000000	0.0000000	0.0000000	0.0000000	0.0000000	0.0000000	0.0000000	0.0000000	0.0000000	0.0000000	0.0000000	0.0000000	0.0000000	0.0000000	0.0000000	0.0000000	6.1676428e-10	1.2847487e-07	1.2767332e-05	0.00063616676	0.016138050	0.21120309	1.4924410	6.2119413	17.312195	37.176563	67.630510	109.45198	161.21381	218.03864	270.95671	307.79976	316.03800	288.13987	227.59317	150.94570	80.978584	33.860506	10.778770	2.6538721	0.54045240	0.099376093	0.017591764	0.0031405841	0.00057786408	0.00011025707	2.1840913e-05	4.1441507e-06	0.0000000	0.0000000	0.0000000	0.0000000	0.0000000	0.0000000	0.0000000	0.0000000	0.0000000
11.1290	0.0000000	0.0000000	0.0000000	0.0000000	0.0000000	0.0000000	0.0000000	0.0000000	0.0000000	0.0000000	0.0000000	0.0000000	0.0000000	0.0000000	0.0000000	0.0000000	0.0000000	0.0000000	0.0000000	0.0000000	0.0000000	0.0000000	0.0000000	0.0000000	0.0000000	0.0000000	0.0000000	0.0000000	0.0000000	0.0000000	0.0000000	0.0000000	0.0000000	0.0000000	0.0000000	0.0000000	0.0000000	0.0000000	0.0000000	0.0000000	4.0058683e-10	8.4221630e-08	8.4316235e-06	0.00042246693	0.010757182	0.14105031	0.99667433	4.1400531	11.493952	24.553374	44.391736	71.367256	104.42267	140.35848	173.49088	196.24542	200.92280	182.96655	144.62130	96.190591	51.877717	21.866859	7.0378560	1.7576264	0.36326136	0.067447909	0.012063741	0.0021672078	0.00039964675	7.6164855e-05	1.5028907e-05	2.8344903e-06	0.0000000	0.0000000	0.0000000	0.0000000	0.0000000	0.0000000	0.0000000	0.0000000	0.0000000
16.3360	0.0000000	0.0000000	0.0000000	0.0000000	0.0000000	0.0000000	0.0000000	0.0000000	0.0000000	0.0000000	0.0000000	0.0000000	0.0000000	0.0000000	0.0000000	0.0000000	0.0000000	0.0000000	0.0000000	0.0000000	0.0000000	0.0000000	0.0000000	0.0000000	0.0000000	0.0000000	0.0000000	0.0000000	0.0000000	0.0000000	0.0000000	0.0000000	0.0000000	0.0000000	0.0000000	0.0000000	0.0000000	0.0000000	0.0000000	0.0000000	6.9119978e-09	9.2093159e-07	6.1346924e-05	0.0021355520	0.039296484	0.38574552	2.1037112	6.9220311	15.558474	27.394736	41.455929	56.528605	70.960554	82.659943	89.333437	89.015966	80.785660	65.535393	46.314645	27.617265	13.382199	5.0784302	1.4747476	0.33313159	0.062632307	0.010706720	0.0017852092	0.00030264889	5.3266912e-05	9.7818224e-06	1.8741085e-06	3.4516888e-07	0.0000000	0.0000000	0.0000000	0.0000000	0.0000000	0.0000000	0.0000000	0.0000000	0.0000000
13.8900	0.0000000	0.0000000	0.0000000	0.0000000	0.0000000	0.0000000	0.0000000	0.0000000	0.0000000	0.0000000	0.0000000	0.0000000	0.0000000	0.0000000	0.0000000	0.0000000	0.0000000	0.0000000	0.0000000	0.0000000	0.0000000	0.0000000	0.0000000	0.0000000	0.0000000	0.0000000	0.0000000	0.0000000	0.0000000	0.0000000	0.0000000	0.0000000	0.0000000	0.0000000	0.0000000	0.0000000	0.0000000	0.0000000	0.0000000	0.0000000	2.3734338e-09	3.5974747e-07	2.6937714e-05	0.0010455559	0.021311033	0.23036611	1.3753696	4.9152496	11.864548	22.191234	35.346788	50.367322	65.751244	79.467119	89.081158	92.065895	86.636080	72.826929	53.278741	32.839140	16.428130	6.4295300	1.9236604	0.44719863	0.086417047	0.015160739	0.0025890973	0.00044846767	8.0463080e-05	1.5043001e-05	2.9333486e-06	5.5028067e-07	0.0000000	0.0000000	0.0000000	0.0000000	0.0000000	0.0000000	0.0000000	0.0000000	0.0000000
16.0040	0.0000000	0.0000000	0.0000000	0.0000000	0.0000000	0.0000000	0.0000000	0.0000000	0.0000000	0.0000000	0.0000000	0.0000000	0.0000000	0.0000000	0.0000000	0.0000000	0.0000000	0.0000000	0.0000000	0.0000000	0.0000000	0.0000000	0.0000000	0.0000000	0.0000000	0.0000000	0.0000000	0.0000000	0.0000000	0.0000000	0.0000000	0.0000000	0.0000000	0.0000000	0.0000000	0.0000000	0.0000000	0.0000000	0.0000000	0.0000000	5.3218979e-09	7.3394764e-07	5.0459134e-05	0.0018051785	0.033953399	0.33888148	1.8717402	6.2214854	14.107052	25.043548	38.182685	52.408847	66.155078	77.416189	84.003541	84.036631	76.588754	62.421122	44.347446	26.599753	12.968451	4.9500780	1.4446220	0.32757621	0.061733405	0.010558408	0.0017574316	0.00029666713	5.1870421e-05	9.4494344e-06	1.7950191e-06	3.2787420e-07	0.0000000	0.0000000	0.0000000	0.0000000	0.0000000	0.0000000	0.0000000	0.0000000	0.0000000
10.7700	0.0000000	0.0000000	0.0000000	0.0000000	0.0000000	0.0000000	0.0000000	0.0000000	0.0000000	0.0000000	0.0000000	0.0000000	0.0000000	0.0000000	0.0000000	0.0000000	0.0000000	0.0000000	0.0000000	0.0000000	0.0000000	0.0000000	0.0000000	0.0000000	0.0000000	0.0000000	0.0000000	0.0000000	0.0000000	0.0000000	0.0000000	0.0000000	0.0000000	0.0000000	0.0000000	0.0000000	0.0000000	0.0000000	0.0000000	0.0000000	2.2799788e-10	5.0062244e-08	5.2193724e-06	0.00027178803	0.0071806439	0.097536918	0.71249596	3.0503438	8.6888959	18.941603	34.774238	56.523069	83.319749	112.52414	139.47635	157.92380	161.52161	146.61244	115.23065	76.003026	40.535163	16.849680	5.3334919	1.3064255	0.26487782	0.048540335	0.0086174321	0.0015438724	0.00028504662	5.4567927e-05	1.0844153e-05	2.0640192e-06	0.0000000	0.0000000	0.0000000	0.0000000	0.0000000	0.0000000	0.0000000	0.0000000	0.0000000
10.6570	0.0000000	0.0000000	0.0000000	0.0000000	0.0000000	0.0000000	0.0000000	0.0000000	0.0000000	0.0000000	0.0000000	0.0000000	0.0000000	0.0000000	0.0000000	0.0000000	0.0000000	0.0000000	0.0000000	0.0000000	0.0000000	0.0000000	0.0000000	0.0000000	0.0000000	0.0000000	0.0000000	0.0000000	0.0000000	0.0000000	0.0000000	0.0000000	0.0000000	0.0000000	0.0000000	0.0000000	0.0000000	0.0000000	0.0000000	0.0000000	9.9374619e-11	2.2260021e-08	2.3605730e-06	0.00012468587	0.0033333990	0.046733088	0.37343632	1.7212160	5.2023813	11.881887	22.617103	37.128108	55.048488	74.760925	93.133841	105.90438	108.67882	98.872126	77.808866	50.614785	26.419620	10.713405	3.2988270	0.78418555	0.15401904	0.027313332	0.0046929533	0.00081472454	0.00014609270	2.7250558e-05	5.2989976e-06	1.0059945e-06	0.0000000	0.0000000	0.0000000	0.0000000	0.0000000	0.0000000	0.0000000	0.0000000	0.0000000
12.6800	0.0000000	0.0000000	0.0000000	0.0000000	0.0000000	0.0000000	0.0000000	0.0000000	0.0000000	0.0000000	0.0000000	0.0000000	0.0000000	0.0000000	0.0000000	0.0000000	0.0000000	0.0000000	0.0000000	0.0000000	0.0000000	0.0000000	0.0000000	0.0000000	0.0000000	0.0000000	0.0000000	0.0000000	0.0000000	0.0000000	0.0000000	0.0000000	0.0000000	0.0000000	0.0000000	0.0000000	0.0000000	0.0000000	0.0000000	0.0000000	7.4154602e-10	1.2261878e-07	9.9416141e-06	0.00041541681	0.0090682947	0.10433631	0.65711473	2.4458949	6.0877581	11.661467	18.927170	27.402076	36.337421	44.678011	50.964255	53.591844	51.283619	43.785207	32.490450	20.307487	10.301529	4.0875064	1.2394571	0.29187052	0.057067709	0.010111916	0.0017401538	0.00030291098	5.4452201e-05	1.0166924e-05	1.9733313e-06	3.6724680e-07	0.0000000	0.0000000	0.0000000	0.0000000	0.0000000	0.0000000	0.0000000	0.0000000	0.0000000
11.0230	0.0000000	0.0000000	0.0000000	0.0000000	0.0000000	0.0000000	0.0000000	0.0000000	0.0000000	0.0000000	0.0000000	0.0000000	0.0000000	0.0000000	0.0000000	0.0000000	0.0000000	0.0000000	0.0000000	0.0000000	0.0000000	0.0000000	0.0000000	0.0000000	0.0000000	0.0000000	0.0000000	0.0000000	0.0000000	0.0000000	0.0000000	0.0000000	0.0000000	0.0000000	0.0000000	0.0000000	0.0000000	0.0000000	0.0000000	0.0000000	8.7477752e-11	1.8839891e-08	1.9410078e-06	0.00010031290	0.0026301473	0.035318879	0.25418711	1.0703773	3.0017349	6.4658093	11.795153	19.161166	28.358757	38.574187	48.233768	55.119264	56.923270	52.213236	41.518149	27.749345	15.024026	6.3477430	2.0429262	0.50855030	0.10467093	0.019446042	0.0034958571	0.00063365429	0.00011839258	2.2966050e-05	4.6337721e-06	8.9746469e-07	0.0000000	0.0000000	0.0000000	0.0000000	0.0000000	0.0000000	0.0000000	0.0000000	0.0000000
10.1150	0.0000000	0.0000000	0.0000000	0.0000000	0.0000000	0.0000000	0.0000000	0.0000000	0.0000000	0.0000000	0.0000000	0.0000000	0.0000000	0.0000000	0.0000000	0.0000000	0.0000000	0.0000000	0.0000000	0.0000000	0.0000000	0.0000000	0.0000000	0.0000000	0.0000000	0.0000000	0.0000000	0.0000000	0.0000000	0.0000000	0.0000000	0.0000000	0.0000000	0.0000000	0.0000000	0.0000000	0.0000000	0.0000000	0.0000000	0.0000000	1.2974494e-11	3.1465742e-09	3.5899561e-07	2.0292443e-05	0.00057787745	0.0084087245	0.065444976	0.29708669	0.89340871	2.0468879	3.9320387	6.6631800	10.210145	14.301989	18.359654	21.509455	22.736857	21.296854	17.240027	11.686600	6.3918735	2.7209668	0.88145598	0.22094649	0.045852786	0.0086053174	0.0015652657	0.00028732870	5.4337399e-05	1.0648317e-05	2.1645390e-06	4.2103713e-07	0.0000000	0.0000000	0.0000000	0.0000000	0.0000000	0.0000000	0.0000000	0.0000000	0.0000000
