# DO NOT EDIT: written Thu Mar 14 18:48:37 2019 by wrt_emiss_fe17.pro
# faked emissivities [1e-23 ergs cm^3/s] for Fe17 lines from Del Zanna 2011, A&A 536, A59
# emissivities include ion balance, but not abundance, and are spline and ion balance jittered off of emiss_Fe17_00000.txt
# line 6 -- SEED, LOGT
# lines 7+ -- WVL, EMISSIVITY
      728557	4.00	4.05	4.10	4.15	4.20	4.25	4.30	4.35	4.40	4.45	4.50	4.55	4.60	4.65	4.70	4.75	4.80	4.85	4.90	4.95	5.00	5.05	5.10	5.15	5.20	5.25	5.30	5.35	5.40	5.45	5.50	5.55	5.60	5.65	5.70	5.75	5.80	5.85	5.90	5.95	6.00	6.05	6.10	6.15	6.20	6.25	6.30	6.35	6.40	6.45	6.50	6.55	6.60	6.65	6.70	6.75	6.80	6.85	6.90	6.95	7.00	7.05	7.10	7.15	7.20	7.25	7.30	7.35	7.40	7.45	7.50	7.55	7.60	7.65	7.70	7.75	7.80	7.85	7.90	7.95	8.00
15.0130	0.0000000	0.0000000	0.0000000	0.0000000	0.0000000	0.0000000	0.0000000	0.0000000	0.0000000	0.0000000	0.0000000	0.0000000	0.0000000	0.0000000	0.0000000	0.0000000	0.0000000	0.0000000	0.0000000	0.0000000	0.0000000	0.0000000	0.0000000	0.0000000	0.0000000	0.0000000	0.0000000	0.0000000	0.0000000	0.0000000	0.0000000	0.0000000	0.0000000	0.0000000	0.0000000	0.0000000	0.0000000	0.0000000	0.0000000	0.0000000	0.0000000	1.0488053e-06	0.00013289555	0.0085368607	0.28153092	4.7492820	40.547019	183.95336	516.63742	1062.6142	1803.6856	2704.8573	3706.2017	4708.0691	5565.3066	6102.4689	6150.8986	5613.3681	4539.5471	3164.4519	1839.2916	860.79555	315.20457	89.510946	20.250021	3.8967501	0.69029000	0.11970053	0.021065187	0.0038274372	0.00072150953	0.00014106260	1.8954575e-05	0.0000000	0.0000000	0.0000000	0.0000000	0.0000000	0.0000000	0.0000000	0.0000000
17.0510	0.0000000	0.0000000	0.0000000	0.0000000	0.0000000	0.0000000	0.0000000	0.0000000	0.0000000	0.0000000	0.0000000	0.0000000	0.0000000	0.0000000	0.0000000	0.0000000	0.0000000	0.0000000	0.0000000	0.0000000	0.0000000	0.0000000	0.0000000	0.0000000	0.0000000	0.0000000	0.0000000	0.0000000	0.0000000	0.0000000	0.0000000	0.0000000	0.0000000	0.0000000	0.0000000	0.0000000	0.0000000	0.0000000	0.0000000	0.0000000	0.0000000	2.2599921e-06	0.00025544196	0.014796611	0.44344050	6.8387942	53.630723	224.44272	583.78377	1116.1554	1766.8749	2477.3717	3179.6931	3788.6621	4204.9420	4333.0956	4108.2850	3529.7431	2689.4191	1767.7610	969.88117	429.08215	148.82383	40.148448	8.6613744	1.5965678	0.27230955	0.045722666	0.0078394774	0.0013970276	0.00026005657	5.0551427e-05	6.7994198e-06	0.0000000	0.0000000	0.0000000	0.0000000	0.0000000	0.0000000	0.0000000	0.0000000
17.0960	0.0000000	0.0000000	0.0000000	0.0000000	0.0000000	0.0000000	0.0000000	0.0000000	0.0000000	0.0000000	0.0000000	0.0000000	0.0000000	0.0000000	0.0000000	0.0000000	0.0000000	0.0000000	0.0000000	0.0000000	0.0000000	0.0000000	0.0000000	0.0000000	0.0000000	0.0000000	0.0000000	0.0000000	0.0000000	0.0000000	0.0000000	0.0000000	0.0000000	0.0000000	0.0000000	0.0000000	0.0000000	0.0000000	0.0000000	0.0000000	0.0000000	2.5219028e-06	0.00028152964	0.016123407	0.47890108	7.3344396	57.169342	237.69952	613.42510	1161.3945	1816.7434	2501.6091	3126.4658	3619.6676	3896.8829	3889.8563	3568.4242	2963.8065	2180.9877	1383.0453	731.11698	311.19324	103.70041	26.847656	5.5540639	0.98121371	0.16032820	0.025778579	0.0042298879	0.00072077800	0.00012816363	2.3767177e-05	3.0451310e-06	0.0000000	0.0000000	0.0000000	0.0000000	0.0000000	0.0000000	0.0000000	0.0000000
16.7760	0.0000000	0.0000000	0.0000000	0.0000000	0.0000000	0.0000000	0.0000000	0.0000000	0.0000000	0.0000000	0.0000000	0.0000000	0.0000000	0.0000000	0.0000000	0.0000000	0.0000000	0.0000000	0.0000000	0.0000000	0.0000000	0.0000000	0.0000000	0.0000000	0.0000000	0.0000000	0.0000000	0.0000000	0.0000000	0.0000000	0.0000000	0.0000000	0.0000000	0.0000000	0.0000000	0.0000000	0.0000000	0.0000000	0.0000000	0.0000000	0.0000000	1.5008629e-06	0.00016867883	0.0096913449	0.28807369	4.4111395	34.404071	143.48950	372.75490	720.00390	1153.9628	1637.5310	2124.0456	2553.5563	2856.5254	2964.8639	2830.3343	2448.4482	1905.8464	1294.5759	738.31920	341.46341	124.41826	35.201558	7.8714731	1.4728384	0.24731249	0.039158136	0.0064180604	0.0013267044	0.00025190026	4.8388207e-05	6.4090010e-06	0.0000000	0.0000000	0.0000000	0.0000000	0.0000000	0.0000000	0.0000000	0.0000000
15.2620	0.0000000	0.0000000	0.0000000	0.0000000	0.0000000	0.0000000	0.0000000	0.0000000	0.0000000	0.0000000	0.0000000	0.0000000	0.0000000	0.0000000	0.0000000	0.0000000	0.0000000	0.0000000	0.0000000	0.0000000	0.0000000	0.0000000	0.0000000	0.0000000	0.0000000	0.0000000	0.0000000	0.0000000	0.0000000	0.0000000	0.0000000	0.0000000	0.0000000	0.0000000	0.0000000	0.0000000	0.0000000	0.0000000	0.0000000	0.0000000	0.0000000	3.2855712e-07	4.1357293e-05	0.0026477341	0.087196721	1.4697008	12.528391	56.695062	158.65182	324.77232	548.11968	816.57200	1110.3073	1397.7622	1635.4467	1773.3806	1766.3778	1592.3006	1271.6656	875.40430	502.56310	232.40347	84.138930	23.643588	5.2990354	1.0116702	0.17811350	0.030760908	0.0054045945	0.00098314306	0.00018614688	3.6684958e-05	4.9873493e-06	0.0000000	0.0000000	0.0000000	0.0000000	0.0000000	0.0000000	0.0000000	0.0000000
12.1240	0.0000000	0.0000000	0.0000000	0.0000000	0.0000000	0.0000000	0.0000000	0.0000000	0.0000000	0.0000000	0.0000000	0.0000000	0.0000000	0.0000000	0.0000000	0.0000000	0.0000000	0.0000000	0.0000000	0.0000000	0.0000000	0.0000000	0.0000000	0.0000000	0.0000000	0.0000000	0.0000000	0.0000000	0.0000000	0.0000000	0.0000000	0.0000000	0.0000000	0.0000000	0.0000000	0.0000000	0.0000000	0.0000000	0.0000000	0.0000000	0.0000000	2.8875177e-08	4.5434696e-06	0.00035357071	0.013815052	0.27066779	2.6369245	13.450936	41.944992	94.709957	174.65713	281.81257	411.62738	552.44211	684.31324	780.62191	813.29256	762.77026	630.59333	447.13562	263.09974	124.07897	45.584728	12.937286	2.9144395	0.55635029	0.097370842	0.016612869	0.0028713584	0.00052809062	0.00010090172	2.0018246e-05	2.7334167e-06	0.0000000	0.0000000	0.0000000	0.0000000	0.0000000	0.0000000	0.0000000	0.0000000
12.2640	0.0000000	0.0000000	0.0000000	0.0000000	0.0000000	0.0000000	0.0000000	0.0000000	0.0000000	0.0000000	0.0000000	0.0000000	0.0000000	0.0000000	0.0000000	0.0000000	0.0000000	0.0000000	0.0000000	0.0000000	0.0000000	0.0000000	0.0000000	0.0000000	0.0000000	0.0000000	0.0000000	0.0000000	0.0000000	0.0000000	0.0000000	0.0000000	0.0000000	0.0000000	0.0000000	0.0000000	0.0000000	0.0000000	0.0000000	0.0000000	0.0000000	2.3972936e-08	3.7345208e-06	0.00028852595	0.011217575	0.21901020	2.1271510	10.808309	33.521079	75.183648	137.61784	220.36416	319.60119	426.41573	525.77892	597.70632	621.20183	581.72040	480.61616	341.02021	201.16296	95.329129	35.291234	10.125818	2.3144890	0.45003787	0.080571500	0.014125689	0.0025199293	0.00049421284	9.9602115e-05	2.0634963e-05	2.9140892e-06	0.0000000	0.0000000	0.0000000	0.0000000	0.0000000	0.0000000	0.0000000	0.0000000
13.8250	0.0000000	0.0000000	0.0000000	0.0000000	0.0000000	0.0000000	0.0000000	0.0000000	0.0000000	0.0000000	0.0000000	0.0000000	0.0000000	0.0000000	0.0000000	0.0000000	0.0000000	0.0000000	0.0000000	0.0000000	0.0000000	0.0000000	0.0000000	0.0000000	0.0000000	0.0000000	0.0000000	0.0000000	0.0000000	0.0000000	0.0000000	0.0000000	0.0000000	0.0000000	0.0000000	0.0000000	0.0000000	0.0000000	0.0000000	0.0000000	0.0000000	5.2515152e-08	7.0676702e-06	0.00048313780	0.016997210	0.30638668	2.7941331	13.500352	40.136533	86.820092	154.12704	240.64093	342.13787	450.04921	550.21121	623.08222	647.33478	607.25981	503.05326	357.85266	211.57816	100.48032	37.279167	10.721114	2.4576387	0.47982784	0.086381899	0.015089636	0.0025919464	0.00046711336	8.9021570e-05	1.7906582e-05	2.5058316e-06	0.0000000	0.0000000	0.0000000	0.0000000	0.0000000	0.0000000	0.0000000	0.0000000
15.4530	0.0000000	0.0000000	0.0000000	0.0000000	0.0000000	0.0000000	0.0000000	0.0000000	0.0000000	0.0000000	0.0000000	0.0000000	0.0000000	0.0000000	0.0000000	0.0000000	0.0000000	0.0000000	0.0000000	0.0000000	0.0000000	0.0000000	0.0000000	0.0000000	0.0000000	0.0000000	0.0000000	0.0000000	0.0000000	0.0000000	0.0000000	0.0000000	0.0000000	0.0000000	0.0000000	0.0000000	0.0000000	0.0000000	0.0000000	0.0000000	0.0000000	1.0502376e-07	1.2778849e-05	0.00079029472	0.025140635	0.40959656	3.3792080	14.821253	40.256627	80.106180	131.61337	191.16182	253.84152	309.39773	341.30071	348.30124	325.96455	275.65901	206.22502	132.80521	71.252831	30.775076	10.405096	2.7325065	0.57314612	0.10260821	0.016979407	0.0027631614	0.00045865126	7.9021181e-05	1.4198977e-05	2.6591796e-06	3.4383079e-07	0.0000000	0.0000000	0.0000000	0.0000000	0.0000000	0.0000000	0.0000000	0.0000000
11.2500	0.0000000	0.0000000	0.0000000	0.0000000	0.0000000	0.0000000	0.0000000	0.0000000	0.0000000	0.0000000	0.0000000	0.0000000	0.0000000	0.0000000	0.0000000	0.0000000	0.0000000	0.0000000	0.0000000	0.0000000	0.0000000	0.0000000	0.0000000	0.0000000	0.0000000	0.0000000	0.0000000	0.0000000	0.0000000	0.0000000	0.0000000	0.0000000	0.0000000	0.0000000	0.0000000	0.0000000	0.0000000	0.0000000	0.0000000	0.0000000	0.0000000	6.4809088e-09	1.1078661e-06	9.2730859e-05	0.0038625793	0.080029986	0.81850620	4.3536218	14.076924	32.819006	62.298482	103.26108	154.78664	213.16738	270.93128	317.01568	338.60702	325.33829	275.29135	199.60967	119.99549	57.762889	21.641152	6.2581844	1.4364162	0.27966648	0.050019069	0.0087446188	0.0015503746	0.00028380285	5.3929336e-05	1.0639331e-05	1.4447980e-06	0.0000000	0.0000000	0.0000000	0.0000000	0.0000000	0.0000000	0.0000000	0.0000000
11.1290	0.0000000	0.0000000	0.0000000	0.0000000	0.0000000	0.0000000	0.0000000	0.0000000	0.0000000	0.0000000	0.0000000	0.0000000	0.0000000	0.0000000	0.0000000	0.0000000	0.0000000	0.0000000	0.0000000	0.0000000	0.0000000	0.0000000	0.0000000	0.0000000	0.0000000	0.0000000	0.0000000	0.0000000	0.0000000	0.0000000	0.0000000	0.0000000	0.0000000	0.0000000	0.0000000	0.0000000	0.0000000	0.0000000	0.0000000	0.0000000	0.0000000	3.8541820e-09	6.6172276e-07	5.5889111e-05	0.0023585443	0.049671083	0.51760005	2.8090024	9.2703098	22.048893	42.646503	71.886765	109.29973	152.18679	194.90132	229.07742	245.17183	235.61396	199.17763	144.20138	86.562726	41.639844	15.610687	4.5258446	1.0433897	0.20434865	0.036804468	0.0064837946	0.0011586798	0.00021375808	4.0914270e-05	8.1227464e-06	1.1085369e-06	0.0000000	0.0000000	0.0000000	0.0000000	0.0000000	0.0000000	0.0000000	0.0000000
16.3360	0.0000000	0.0000000	0.0000000	0.0000000	0.0000000	0.0000000	0.0000000	0.0000000	0.0000000	0.0000000	0.0000000	0.0000000	0.0000000	0.0000000	0.0000000	0.0000000	0.0000000	0.0000000	0.0000000	0.0000000	0.0000000	0.0000000	0.0000000	0.0000000	0.0000000	0.0000000	0.0000000	0.0000000	0.0000000	0.0000000	0.0000000	0.0000000	0.0000000	0.0000000	0.0000000	0.0000000	0.0000000	0.0000000	0.0000000	0.0000000	0.0000000	4.3665362e-08	4.9897417e-06	0.00029102899	0.0087732343	0.13609146	1.0728273	4.5076087	11.748513	22.444625	35.404099	49.354722	62.870170	74.258414	81.644636	83.625838	78.984701	67.575957	51.243064	33.505330	18.279272	8.0381811	2.7698156	0.74196603	0.15884926	0.029037745	0.0049077132	0.00081581756	0.00013831797	2.4336091e-05	4.4638160e-06	8.5292438e-07	1.1268238e-07	0.0000000	0.0000000	0.0000000	0.0000000	0.0000000	0.0000000	0.0000000	0.0000000
13.8900	0.0000000	0.0000000	0.0000000	0.0000000	0.0000000	0.0000000	0.0000000	0.0000000	0.0000000	0.0000000	0.0000000	0.0000000	0.0000000	0.0000000	0.0000000	0.0000000	0.0000000	0.0000000	0.0000000	0.0000000	0.0000000	0.0000000	0.0000000	0.0000000	0.0000000	0.0000000	0.0000000	0.0000000	0.0000000	0.0000000	0.0000000	0.0000000	0.0000000	0.0000000	0.0000000	0.0000000	0.0000000	0.0000000	0.0000000	0.0000000	0.0000000	1.4333547e-08	1.8674858e-06	0.00012338479	0.0041914518	0.072918236	0.64140563	2.9849694	8.5226225	17.643010	29.877086	44.377379	59.908656	74.764171	86.748037	93.309329	92.181313	85.805782	70.726831	49.650716	28.777346	13.326235	4.8008046	1.3363704	0.29581519	0.055678506	0.0096544939	0.0016414840	0.00028393253	5.0864403e-05	9.4861477e-06	1.8415714e-06	2.4664224e-07	0.0000000	0.0000000	0.0000000	0.0000000	0.0000000	0.0000000	0.0000000	0.0000000
16.0040	0.0000000	0.0000000	0.0000000	0.0000000	0.0000000	0.0000000	0.0000000	0.0000000	0.0000000	0.0000000	0.0000000	0.0000000	0.0000000	0.0000000	0.0000000	0.0000000	0.0000000	0.0000000	0.0000000	0.0000000	0.0000000	0.0000000	0.0000000	0.0000000	0.0000000	0.0000000	0.0000000	0.0000000	0.0000000	0.0000000	0.0000000	0.0000000	0.0000000	0.0000000	0.0000000	0.0000000	0.0000000	0.0000000	0.0000000	0.0000000	0.0000000	3.2748916e-08	3.8814701e-06	0.00023391282	0.0072499807	0.11507653	0.92513059	3.9563529	10.488549	20.385219	32.718647	46.412645	60.164696	72.332755	81.001517	84.259642	80.695965	70.075370	53.979300	35.867909	19.882842	8.8786028	3.1042043	0.84304189	0.18283745	0.033827899	0.0057811121	0.00097079452	0.00016609569	2.9454445e-05	5.4377871e-06	1.0442596e-06	1.3815818e-07	0.0000000	0.0000000	0.0000000	0.0000000	0.0000000	0.0000000	0.0000000	0.0000000
10.7700	0.0000000	0.0000000	0.0000000	0.0000000	0.0000000	0.0000000	0.0000000	0.0000000	0.0000000	0.0000000	0.0000000	0.0000000	0.0000000	0.0000000	0.0000000	0.0000000	0.0000000	0.0000000	0.0000000	0.0000000	0.0000000	0.0000000	0.0000000	0.0000000	0.0000000	0.0000000	0.0000000	0.0000000	0.0000000	0.0000000	0.0000000	0.0000000	0.0000000	0.0000000	0.0000000	0.0000000	0.0000000	0.0000000	0.0000000	0.0000000	0.0000000	2.2397284e-09	4.0405299e-07	3.5627728e-05	0.0015610680	0.033969259	0.36404504	2.0217899	6.7889483	16.331773	31.794229	53.748540	81.774545	113.84296	145.84631	171.64939	184.10080	177.39772	150.41368	109.23732	65.786659	31.755096	11.949647	3.4787237	0.80558387	0.15854716	0.028704576	0.0050842998	0.00091360010	0.00016947397	3.2613725e-05	6.5085401e-06	8.9252787e-07	0.0000000	0.0000000	0.0000000	0.0000000	0.0000000	0.0000000	0.0000000	0.0000000
10.6570	0.0000000	0.0000000	0.0000000	0.0000000	0.0000000	0.0000000	0.0000000	0.0000000	0.0000000	0.0000000	0.0000000	0.0000000	0.0000000	0.0000000	0.0000000	0.0000000	0.0000000	0.0000000	0.0000000	0.0000000	0.0000000	0.0000000	0.0000000	0.0000000	0.0000000	0.0000000	0.0000000	0.0000000	0.0000000	0.0000000	0.0000000	0.0000000	0.0000000	0.0000000	0.0000000	0.0000000	0.0000000	0.0000000	0.0000000	0.0000000	0.0000000	1.3337798e-09	2.4069588e-07	2.1148892e-05	0.00092050032	0.019845999	0.21030834	1.1536893	3.8276329	9.1108942	17.586592	29.556994	44.832754	62.372751	79.996452	94.389855	101.59835	98.317813	83.761996	61.146617	37.019878	17.960840	6.7903733	1.9847471	0.46112981	0.090998696	0.016516809	0.0029335246	0.00052877185	9.8439461e-05	1.9019914e-05	3.8122014e-06	5.2511734e-07	0.0000000	0.0000000	0.0000000	0.0000000	0.0000000	0.0000000	0.0000000	0.0000000
12.6800	0.0000000	0.0000000	0.0000000	0.0000000	0.0000000	0.0000000	0.0000000	0.0000000	0.0000000	0.0000000	0.0000000	0.0000000	0.0000000	0.0000000	0.0000000	0.0000000	0.0000000	0.0000000	0.0000000	0.0000000	0.0000000	0.0000000	0.0000000	0.0000000	0.0000000	0.0000000	0.0000000	0.0000000	0.0000000	0.0000000	0.0000000	0.0000000	0.0000000	0.0000000	0.0000000	0.0000000	0.0000000	0.0000000	0.0000000	0.0000000	0.0000000	4.7432931e-09	6.6741203e-07	4.7317139e-05	0.0017147348	0.031606206	0.29174457	1.4058346	4.1121377	8.6573090	14.827519	22.202089	30.201480	38.028414	44.528435	48.330746	48.158649	43.346906	34.465224	23.562950	13.410574	6.1405892	2.2003053	0.61222266	0.13597299	0.025744687	0.0051263062	0.00094577904	0.00013600127	2.4289872e-05	4.5618987e-06	8.9068450e-07	1.1980538e-07	0.0000000	0.0000000	0.0000000	0.0000000	0.0000000	0.0000000	0.0000000	0.0000000
11.0230	0.0000000	0.0000000	0.0000000	0.0000000	0.0000000	0.0000000	0.0000000	0.0000000	0.0000000	0.0000000	0.0000000	0.0000000	0.0000000	0.0000000	0.0000000	0.0000000	0.0000000	0.0000000	0.0000000	0.0000000	0.0000000	0.0000000	0.0000000	0.0000000	0.0000000	0.0000000	0.0000000	0.0000000	0.0000000	0.0000000	0.0000000	0.0000000	0.0000000	0.0000000	0.0000000	0.0000000	0.0000000	0.0000000	0.0000000	0.0000000	0.0000000	9.1284506e-10	1.6430930e-07	1.4523181e-05	0.00063787519	0.013856533	0.14765073	0.81323105	2.7072699	6.4699920	12.560476	21.256033	32.465088	45.443510	58.548081	69.245689	74.591868	72.184692	61.493569	44.910415	27.229866	13.241282	5.0185197	1.4699971	0.34200656	0.067517372	0.012245967	0.0021711950	0.00039070442	7.2704633e-05	1.4070850e-05	2.8325316e-06	3.9310289e-07	0.0000000	0.0000000	0.0000000	0.0000000	0.0000000	0.0000000	0.0000000	0.0000000
10.1150	0.0000000	0.0000000	0.0000000	0.0000000	0.0000000	0.0000000	0.0000000	0.0000000	0.0000000	0.0000000	0.0000000	0.0000000	0.0000000	0.0000000	0.0000000	0.0000000	0.0000000	0.0000000	0.0000000	0.0000000	0.0000000	0.0000000	0.0000000	0.0000000	0.0000000	0.0000000	0.0000000	0.0000000	0.0000000	0.0000000	0.0000000	0.0000000	0.0000000	0.0000000	0.0000000	0.0000000	0.0000000	0.0000000	0.0000000	0.0000000	0.0000000	1.2706081e-10	2.5098763e-08	2.4016346e-06	0.00011330005	0.0026362355	0.030025919	0.17626452	0.62257774	1.5675338	3.1785597	5.5744197	8.7699755	12.593896	16.614249	20.113999	22.163623	21.906259	19.014960	14.104957	8.6555467	4.2501287	1.6253400	0.48059841	0.11302359	0.022593151	0.0041551801	0.00074745886	0.00013633367	2.5683939e-05	5.0428247e-06	1.0357728e-06	1.4725171e-07	0.0000000	0.0000000	0.0000000	0.0000000	0.0000000	0.0000000	0.0000000	0.0000000
