# DO NOT EDIT: written Thu Mar 14 18:48:37 2019 by wrt_emiss_fe17.pro
# faked emissivities [1e-23 ergs cm^3/s] for Fe17 lines from Del Zanna 2011, A&A 536, A59
# emissivities include ion balance, but not abundance, and are spline and ion balance jittered off of emiss_Fe17_00000.txt
# line 6 -- SEED, LOGT
# lines 7+ -- WVL, EMISSIVITY
      185114	4.00	4.05	4.10	4.15	4.20	4.25	4.30	4.35	4.40	4.45	4.50	4.55	4.60	4.65	4.70	4.75	4.80	4.85	4.90	4.95	5.00	5.05	5.10	5.15	5.20	5.25	5.30	5.35	5.40	5.45	5.50	5.55	5.60	5.65	5.70	5.75	5.80	5.85	5.90	5.95	6.00	6.05	6.10	6.15	6.20	6.25	6.30	6.35	6.40	6.45	6.50	6.55	6.60	6.65	6.70	6.75	6.80	6.85	6.90	6.95	7.00	7.05	7.10	7.15	7.20	7.25	7.30	7.35	7.40	7.45	7.50	7.55	7.60	7.65	7.70	7.75	7.80	7.85	7.90	7.95	8.00
15.0130	0.0000000	0.0000000	0.0000000	0.0000000	0.0000000	0.0000000	0.0000000	0.0000000	0.0000000	0.0000000	0.0000000	0.0000000	0.0000000	0.0000000	0.0000000	0.0000000	0.0000000	0.0000000	0.0000000	0.0000000	0.0000000	0.0000000	0.0000000	0.0000000	0.0000000	0.0000000	0.0000000	0.0000000	0.0000000	0.0000000	0.0000000	0.0000000	0.0000000	0.0000000	0.0000000	0.0000000	0.0000000	0.0000000	0.0000000	0.0000000	0.0000000	1.3613632e-06	0.00017124880	0.010926002	0.35685327	5.9322257	49.455822	216.48198	584.69906	1166.6651	1938.6412	2859.8288	3861.3397	4833.7805	5626.0317	6065.5316	5998.2926	5354.5784	4217.7765	2847.5182	1591.0713	710.10920	246.63327	66.652290	14.551134	2.7493947	0.48479155	0.084418709	0.015005388	0.0027636592	0.00052974375	0.00010557521	1.0771229e-05	0.0000000	0.0000000	0.0000000	0.0000000	0.0000000	0.0000000	0.0000000	0.0000000
17.0510	0.0000000	0.0000000	0.0000000	0.0000000	0.0000000	0.0000000	0.0000000	0.0000000	0.0000000	0.0000000	0.0000000	0.0000000	0.0000000	0.0000000	0.0000000	0.0000000	0.0000000	0.0000000	0.0000000	0.0000000	0.0000000	0.0000000	0.0000000	0.0000000	0.0000000	0.0000000	0.0000000	0.0000000	0.0000000	0.0000000	0.0000000	0.0000000	0.0000000	0.0000000	0.0000000	0.0000000	0.0000000	0.0000000	0.0000000	0.0000000	0.0000000	2.8624100e-06	0.00032117183	0.018451242	0.54598348	8.2574086	62.797714	251.22394	620.99661	1137.0592	1742.7476	2389.1994	3023.9061	3575.5632	3956.3009	4077.0110	3871.2520	3329.7632	2533.0767	1653.7744	894.06648	386.03402	129.63683	33.853558	7.1365970	1.3008425	0.22112234	0.037109544	0.0063576436	0.0011289828	0.00020870747	4.0116043e-05	3.9472761e-06	0.0000000	0.0000000	0.0000000	0.0000000	0.0000000	0.0000000	0.0000000	0.0000000
17.0960	0.0000000	0.0000000	0.0000000	0.0000000	0.0000000	0.0000000	0.0000000	0.0000000	0.0000000	0.0000000	0.0000000	0.0000000	0.0000000	0.0000000	0.0000000	0.0000000	0.0000000	0.0000000	0.0000000	0.0000000	0.0000000	0.0000000	0.0000000	0.0000000	0.0000000	0.0000000	0.0000000	0.0000000	0.0000000	0.0000000	0.0000000	0.0000000	0.0000000	0.0000000	0.0000000	0.0000000	0.0000000	0.0000000	0.0000000	0.0000000	0.0000000	2.1890716e-06	0.00024339747	0.013896501	0.41048876	6.2238420	47.615257	192.09295	479.68293	886.98684	1368.2733	1876.2342	2356.7223	2745.7602	2974.9298	2985.9594	2749.0902	2284.3204	1673.8049	1050.0200	544.38854	225.08143	72.321060	18.070554	3.6482630	0.63803183	0.10428798	0.016866514	0.0027903818	0.00047939554	8.5884355e-05	1.6021439e-05	1.5318520e-06	0.0000000	0.0000000	0.0000000	0.0000000	0.0000000	0.0000000	0.0000000	0.0000000
16.7760	0.0000000	0.0000000	0.0000000	0.0000000	0.0000000	0.0000000	0.0000000	0.0000000	0.0000000	0.0000000	0.0000000	0.0000000	0.0000000	0.0000000	0.0000000	0.0000000	0.0000000	0.0000000	0.0000000	0.0000000	0.0000000	0.0000000	0.0000000	0.0000000	0.0000000	0.0000000	0.0000000	0.0000000	0.0000000	0.0000000	0.0000000	0.0000000	0.0000000	0.0000000	0.0000000	0.0000000	0.0000000	0.0000000	0.0000000	0.0000000	0.0000000	2.1919419e-06	0.00024781634	0.014347300	0.42906898	6.5853409	51.059085	209.27761	532.57144	1006.5378	1590.8489	2238.3565	2885.6322	3450.2521	3837.0582	3954.6643	3741.0123	3196.8502	2412.2304	1560.9061	836.31198	358.03950	119.33223	30.972663	6.4158122	1.0772303	0.16624933	0.025022931	0.0043042262	0.00076824862	0.00014284341	2.7623072e-05	2.7342681e-06	0.0000000	0.0000000	0.0000000	0.0000000	0.0000000	0.0000000	0.0000000	0.0000000
15.2620	0.0000000	0.0000000	0.0000000	0.0000000	0.0000000	0.0000000	0.0000000	0.0000000	0.0000000	0.0000000	0.0000000	0.0000000	0.0000000	0.0000000	0.0000000	0.0000000	0.0000000	0.0000000	0.0000000	0.0000000	0.0000000	0.0000000	0.0000000	0.0000000	0.0000000	0.0000000	0.0000000	0.0000000	0.0000000	0.0000000	0.0000000	0.0000000	0.0000000	0.0000000	0.0000000	0.0000000	0.0000000	0.0000000	0.0000000	0.0000000	0.0000000	3.7199195e-07	4.6941733e-05	0.0030133638	0.099185492	1.6618519	13.947980	61.372315	166.34493	332.50830	552.74007	815.01105	1099.2149	1373.6960	1595.2322	1715.0995	1690.6299	1503.7424	1179.7768	793.05227	441.06920	195.88565	67.682651	18.193222	3.9502991	0.74237437	0.13021172	0.022560402	0.0039912933	0.00073197335	0.00013978227	2.7769406e-05	2.8258316e-06	0.0000000	0.0000000	0.0000000	0.0000000	0.0000000	0.0000000	0.0000000	0.0000000
12.1240	0.0000000	0.0000000	0.0000000	0.0000000	0.0000000	0.0000000	0.0000000	0.0000000	0.0000000	0.0000000	0.0000000	0.0000000	0.0000000	0.0000000	0.0000000	0.0000000	0.0000000	0.0000000	0.0000000	0.0000000	0.0000000	0.0000000	0.0000000	0.0000000	0.0000000	0.0000000	0.0000000	0.0000000	0.0000000	0.0000000	0.0000000	0.0000000	0.0000000	0.0000000	0.0000000	0.0000000	0.0000000	0.0000000	0.0000000	0.0000000	0.0000000	3.3509249e-08	5.2414832e-06	0.00040565586	0.015717029	0.30378798	2.8928952	14.251060	42.787722	93.894243	169.98293	270.91908	392.24036	522.89968	644.27572	731.74440	759.36318	709.16853	583.00981	410.02390	238.29684	110.41165	39.705921	11.076736	2.4873455	0.48129943	0.086512761	0.015292062	0.0027483866	0.00050997750	9.8129715e-05	1.9559335e-05	1.9890498e-06	0.0000000	0.0000000	0.0000000	0.0000000	0.0000000	0.0000000	0.0000000	0.0000000
12.2640	0.0000000	0.0000000	0.0000000	0.0000000	0.0000000	0.0000000	0.0000000	0.0000000	0.0000000	0.0000000	0.0000000	0.0000000	0.0000000	0.0000000	0.0000000	0.0000000	0.0000000	0.0000000	0.0000000	0.0000000	0.0000000	0.0000000	0.0000000	0.0000000	0.0000000	0.0000000	0.0000000	0.0000000	0.0000000	0.0000000	0.0000000	0.0000000	0.0000000	0.0000000	0.0000000	0.0000000	0.0000000	0.0000000	0.0000000	0.0000000	0.0000000	3.3079164e-08	5.1143020e-06	0.00039273073	0.015151051	0.29246879	2.7876174	13.758887	41.387034	90.962389	164.87558	263.02685	381.13227	508.53424	626.87925	711.58746	736.78606	684.95565	558.95954	389.05922	223.12947	101.79343	36.002951	9.8766318	2.1822798	0.41595648	0.073720846	0.012852401	0.0022774672	0.00041633543	7.8906695e-05	1.5502120e-05	1.5565767e-06	0.0000000	0.0000000	0.0000000	0.0000000	0.0000000	0.0000000	0.0000000	0.0000000
13.8250	0.0000000	0.0000000	0.0000000	0.0000000	0.0000000	0.0000000	0.0000000	0.0000000	0.0000000	0.0000000	0.0000000	0.0000000	0.0000000	0.0000000	0.0000000	0.0000000	0.0000000	0.0000000	0.0000000	0.0000000	0.0000000	0.0000000	0.0000000	0.0000000	0.0000000	0.0000000	0.0000000	0.0000000	0.0000000	0.0000000	0.0000000	0.0000000	0.0000000	0.0000000	0.0000000	0.0000000	0.0000000	0.0000000	0.0000000	0.0000000	0.0000000	5.5923643e-08	7.5074576e-06	0.00051239044	0.017954604	0.32089707	2.8766789	13.506343	38.911400	82.322506	144.31552	223.70352	316.50169	414.53375	504.35735	567.68167	584.90751	542.38180	442.05414	307.42733	176.23580	80.418137	28.477385	7.8316779	1.7379937	0.33361486	0.059733443	0.010556924	0.0019031907	0.00035515970	6.8866537e-05	1.3851456e-05	1.4221882e-06	0.0000000	0.0000000	0.0000000	0.0000000	0.0000000	0.0000000	0.0000000	0.0000000
15.4530	0.0000000	0.0000000	0.0000000	0.0000000	0.0000000	0.0000000	0.0000000	0.0000000	0.0000000	0.0000000	0.0000000	0.0000000	0.0000000	0.0000000	0.0000000	0.0000000	0.0000000	0.0000000	0.0000000	0.0000000	0.0000000	0.0000000	0.0000000	0.0000000	0.0000000	0.0000000	0.0000000	0.0000000	0.0000000	0.0000000	0.0000000	0.0000000	0.0000000	0.0000000	0.0000000	0.0000000	0.0000000	0.0000000	0.0000000	0.0000000	0.0000000	1.2331540e-07	1.4695182e-05	0.00089919906	0.028571546	0.46932128	3.9073228	16.957950	45.039694	87.719968	141.33158	200.93794	260.03097	308.98941	338.85864	343.38471	318.45117	266.02633	195.70350	123.16744	64.061194	26.528306	8.4989176	2.1174575	0.42635934	0.074392579	0.012135530	0.0019595583	0.00032384056	5.5610973e-05	9.9645117e-06	1.8603672e-06	1.7813751e-07	0.0000000	0.0000000	0.0000000	0.0000000	0.0000000	0.0000000	0.0000000	0.0000000
11.2500	0.0000000	0.0000000	0.0000000	0.0000000	0.0000000	0.0000000	0.0000000	0.0000000	0.0000000	0.0000000	0.0000000	0.0000000	0.0000000	0.0000000	0.0000000	0.0000000	0.0000000	0.0000000	0.0000000	0.0000000	0.0000000	0.0000000	0.0000000	0.0000000	0.0000000	0.0000000	0.0000000	0.0000000	0.0000000	0.0000000	0.0000000	0.0000000	0.0000000	0.0000000	0.0000000	0.0000000	0.0000000	0.0000000	0.0000000	0.0000000	0.0000000	7.0885464e-09	1.2203909e-06	0.00010302731	0.0043189710	0.089648640	0.91035839	4.7497884	15.009412	34.474666	64.994734	107.37203	160.43531	219.83032	277.23086	320.91891	337.99157	318.97762	263.85157	185.91683	107.81280	49.680042	17.731812	4.9052911	1.0927442	0.21009689	0.037595312	0.0066267359	0.0011894272	0.00022070541	4.2518972e-05	8.4941090e-06	8.6642071e-07	0.0000000	0.0000000	0.0000000	0.0000000	0.0000000	0.0000000	0.0000000	0.0000000
11.1290	0.0000000	0.0000000	0.0000000	0.0000000	0.0000000	0.0000000	0.0000000	0.0000000	0.0000000	0.0000000	0.0000000	0.0000000	0.0000000	0.0000000	0.0000000	0.0000000	0.0000000	0.0000000	0.0000000	0.0000000	0.0000000	0.0000000	0.0000000	0.0000000	0.0000000	0.0000000	0.0000000	0.0000000	0.0000000	0.0000000	0.0000000	0.0000000	0.0000000	0.0000000	0.0000000	0.0000000	0.0000000	0.0000000	0.0000000	0.0000000	0.0000000	5.4797386e-09	9.5956916e-07	8.1875305e-05	0.0034449096	0.071231476	0.71570513	3.6741094	11.372090	25.503758	46.871154	75.485668	110.16234	147.99346	184.03530	211.35403	222.02772	209.95093	174.64946	124.10869	72.731644	33.914632	12.257613	3.4349151	0.77525533	0.15100775	0.027366457	0.0048822357	0.00088614160	0.00016608229	3.2271939e-05	6.4918115e-06	6.6547586e-07	0.0000000	0.0000000	0.0000000	0.0000000	0.0000000	0.0000000	0.0000000	0.0000000
16.3360	0.0000000	0.0000000	0.0000000	0.0000000	0.0000000	0.0000000	0.0000000	0.0000000	0.0000000	0.0000000	0.0000000	0.0000000	0.0000000	0.0000000	0.0000000	0.0000000	0.0000000	0.0000000	0.0000000	0.0000000	0.0000000	0.0000000	0.0000000	0.0000000	0.0000000	0.0000000	0.0000000	0.0000000	0.0000000	0.0000000	0.0000000	0.0000000	0.0000000	0.0000000	0.0000000	0.0000000	0.0000000	0.0000000	0.0000000	0.0000000	0.0000000	6.3259616e-08	7.2691344e-06	0.00042506672	0.012820376	0.19813139	1.5431162	6.3337131	16.084731	30.223218	47.347531	65.909175	84.031650	99.394730	109.37363	111.54377	104.39853	88.231480	65.791720	41.449958	21.520461	8.8950089	2.8553866	0.71439412	0.14519572	0.025770827	0.0043084482	0.00071722018	0.00012271534	2.1872524e-05	4.0712378e-06	7.8894935e-07	7.8225739e-08	0.0000000	0.0000000	0.0000000	0.0000000	0.0000000	0.0000000	0.0000000	0.0000000
13.8900	0.0000000	0.0000000	0.0000000	0.0000000	0.0000000	0.0000000	0.0000000	0.0000000	0.0000000	0.0000000	0.0000000	0.0000000	0.0000000	0.0000000	0.0000000	0.0000000	0.0000000	0.0000000	0.0000000	0.0000000	0.0000000	0.0000000	0.0000000	0.0000000	0.0000000	0.0000000	0.0000000	0.0000000	0.0000000	0.0000000	0.0000000	0.0000000	0.0000000	0.0000000	0.0000000	0.0000000	0.0000000	0.0000000	0.0000000	0.0000000	0.0000000	2.0225663e-08	2.6304285e-06	0.00017356826	0.0058717619	0.10122459	0.87442200	3.9493708	10.910302	22.050898	36.801957	54.154882	72.586892	89.985144	103.65915	110.55505	108.05846	95.191801	73.812489	48.900164	26.737999	11.653568	3.9476744	1.0403844	0.22167227	0.040936601	0.0070673832	0.0012073239	0.00021095062	3.8263418e-05	7.2334062e-06	1.4228539e-06	1.4331932e-07	0.0000000	0.0000000	0.0000000	0.0000000	0.0000000	0.0000000	0.0000000	0.0000000
16.0040	0.0000000	0.0000000	0.0000000	0.0000000	0.0000000	0.0000000	0.0000000	0.0000000	0.0000000	0.0000000	0.0000000	0.0000000	0.0000000	0.0000000	0.0000000	0.0000000	0.0000000	0.0000000	0.0000000	0.0000000	0.0000000	0.0000000	0.0000000	0.0000000	0.0000000	0.0000000	0.0000000	0.0000000	0.0000000	0.0000000	0.0000000	0.0000000	0.0000000	0.0000000	0.0000000	0.0000000	0.0000000	0.0000000	0.0000000	0.0000000	0.0000000	3.5851393e-08	4.2547145e-06	0.00025726248	0.0079881496	0.12653288	1.0068741	4.2142971	10.904483	20.873129	33.298744	47.169022	61.139814	73.447259	82.023274	84.863806	80.566002	69.055890	52.214852	33.818813	18.113445	7.7418453	2.5730281	0.66546480	0.13915022	0.025213668	0.0042703344	0.00071558822	0.00012263076	2.1810918e-05	4.0408967e-06	7.7833615e-07	7.6683021e-08	0.0000000	0.0000000	0.0000000	0.0000000	0.0000000	0.0000000	0.0000000	0.0000000
10.7700	0.0000000	0.0000000	0.0000000	0.0000000	0.0000000	0.0000000	0.0000000	0.0000000	0.0000000	0.0000000	0.0000000	0.0000000	0.0000000	0.0000000	0.0000000	0.0000000	0.0000000	0.0000000	0.0000000	0.0000000	0.0000000	0.0000000	0.0000000	0.0000000	0.0000000	0.0000000	0.0000000	0.0000000	0.0000000	0.0000000	0.0000000	0.0000000	0.0000000	0.0000000	0.0000000	0.0000000	0.0000000	0.0000000	0.0000000	0.0000000	0.0000000	2.5679072e-09	4.6496839e-07	4.1215398e-05	0.0018118900	0.039389752	0.41815180	2.2738829	7.4539462	17.661262	34.173324	57.689619	87.778794	122.16734	156.21623	183.05625	194.84409	185.53236	154.58909	109.54437	63.795865	29.491971	10.552650	2.9252893	0.65284214	0.12573801	0.022537088	0.0039784192	0.00071499688	0.00013280984	2.5605906e-05	5.1180272e-06	5.2215367e-07	0.0000000	0.0000000	0.0000000	0.0000000	0.0000000	0.0000000	0.0000000	0.0000000
10.6570	0.0000000	0.0000000	0.0000000	0.0000000	0.0000000	0.0000000	0.0000000	0.0000000	0.0000000	0.0000000	0.0000000	0.0000000	0.0000000	0.0000000	0.0000000	0.0000000	0.0000000	0.0000000	0.0000000	0.0000000	0.0000000	0.0000000	0.0000000	0.0000000	0.0000000	0.0000000	0.0000000	0.0000000	0.0000000	0.0000000	0.0000000	0.0000000	0.0000000	0.0000000	0.0000000	0.0000000	0.0000000	0.0000000	0.0000000	0.0000000	0.0000000	1.4796272e-09	2.7283691e-07	2.4515858e-05	0.0010879230	0.023779380	0.25284924	1.3727698	4.4823324	10.561038	20.289551	33.957035	51.157525	70.434941	89.054477	103.18661	108.63799	102.39852	84.545697	59.431207	34.367427	15.788054	5.6174607	1.5493301	0.34419014	0.066031469	0.011802012	0.0020805476	0.00037402835	6.9618503e-05	1.3473639e-05	2.7078162e-06	2.7818888e-07	0.0000000	0.0000000	0.0000000	0.0000000	0.0000000	0.0000000	0.0000000	0.0000000
12.6800	0.0000000	0.0000000	0.0000000	0.0000000	0.0000000	0.0000000	0.0000000	0.0000000	0.0000000	0.0000000	0.0000000	0.0000000	0.0000000	0.0000000	0.0000000	0.0000000	0.0000000	0.0000000	0.0000000	0.0000000	0.0000000	0.0000000	0.0000000	0.0000000	0.0000000	0.0000000	0.0000000	0.0000000	0.0000000	0.0000000	0.0000000	0.0000000	0.0000000	0.0000000	0.0000000	0.0000000	0.0000000	0.0000000	0.0000000	0.0000000	0.0000000	6.9995111e-09	9.7961158e-07	6.9062327e-05	0.0024802138	0.045058715	0.40611687	1.8878218	5.3096383	10.844836	18.190341	26.816833	36.001767	44.775624	51.779966	55.464931	54.462580	48.191398	37.531973	25.005738	13.771768	6.0540156	2.0709717	0.55169165	0.11886452	0.022190306	0.0038696971	0.00066693353	0.00011739000	2.1413925e-05	4.0638950e-06	8.0112367e-07	8.0759537e-08	0.0000000	0.0000000	0.0000000	0.0000000	0.0000000	0.0000000	0.0000000	0.0000000
11.0230	0.0000000	0.0000000	0.0000000	0.0000000	0.0000000	0.0000000	0.0000000	0.0000000	0.0000000	0.0000000	0.0000000	0.0000000	0.0000000	0.0000000	0.0000000	0.0000000	0.0000000	0.0000000	0.0000000	0.0000000	0.0000000	0.0000000	0.0000000	0.0000000	0.0000000	0.0000000	0.0000000	0.0000000	0.0000000	0.0000000	0.0000000	0.0000000	0.0000000	0.0000000	0.0000000	0.0000000	0.0000000	0.0000000	0.0000000	0.0000000	0.0000000	8.8574096e-10	1.5910583e-07	1.4150469e-05	0.00062705861	0.013722892	0.14621519	0.79556744	2.6039217	6.1622167	11.938895	20.240234	30.998034	43.482175	56.054496	66.191765	70.979470	68.109662	57.232087	40.950393	24.116634	11.285396	4.0880792	1.1465841	0.25858989	0.050262212	0.0090815495	0.0016148462	0.00029246910	5.4836547e-05	1.0697273e-05	2.1693346e-06	2.2518858e-07	0.0000000	0.0000000	0.0000000	0.0000000	0.0000000	0.0000000	0.0000000	0.0000000
10.1150	0.0000000	0.0000000	0.0000000	0.0000000	0.0000000	0.0000000	0.0000000	0.0000000	0.0000000	0.0000000	0.0000000	0.0000000	0.0000000	0.0000000	0.0000000	0.0000000	0.0000000	0.0000000	0.0000000	0.0000000	0.0000000	0.0000000	0.0000000	0.0000000	0.0000000	0.0000000	0.0000000	0.0000000	0.0000000	0.0000000	0.0000000	0.0000000	0.0000000	0.0000000	0.0000000	0.0000000	0.0000000	0.0000000	0.0000000	0.0000000	0.0000000	1.5158867e-10	2.9715652e-08	2.8251086e-06	0.00013215749	0.0030371446	0.033898409	0.19295562	0.65974691	1.6250780	3.2597155	5.6940696	8.9547106	12.875160	17.012138	20.614698	22.696357	22.346092	19.232494	14.054659	8.4244801	4.0024590	1.4702665	0.41806835	0.095623965	0.018858741	0.0034566572	0.00062266277	0.00011385986	2.1441090e-05	4.1727778e-06	8.3841914e-07	8.5796086e-08	0.0000000	0.0000000	0.0000000	0.0000000	0.0000000	0.0000000	0.0000000	0.0000000
