# DO NOT EDIT: written Thu Mar 14 18:48:37 2019 by wrt_emiss_fe17.pro
# faked emissivities [1e-23 ergs cm^3/s] for Fe17 lines from Del Zanna 2011, A&A 536, A59
# emissivities include ion balance, but not abundance, and are spline and ion balance jittered off of emiss_Fe17_00000.txt
# line 6 -- SEED, LOGT
# lines 7+ -- WVL, EMISSIVITY
      694400	4.00	4.05	4.10	4.15	4.20	4.25	4.30	4.35	4.40	4.45	4.50	4.55	4.60	4.65	4.70	4.75	4.80	4.85	4.90	4.95	5.00	5.05	5.10	5.15	5.20	5.25	5.30	5.35	5.40	5.45	5.50	5.55	5.60	5.65	5.70	5.75	5.80	5.85	5.90	5.95	6.00	6.05	6.10	6.15	6.20	6.25	6.30	6.35	6.40	6.45	6.50	6.55	6.60	6.65	6.70	6.75	6.80	6.85	6.90	6.95	7.00	7.05	7.10	7.15	7.20	7.25	7.30	7.35	7.40	7.45	7.50	7.55	7.60	7.65	7.70	7.75	7.80	7.85	7.90	7.95	8.00
15.0130	0.0000000	0.0000000	0.0000000	0.0000000	0.0000000	0.0000000	0.0000000	0.0000000	0.0000000	0.0000000	0.0000000	0.0000000	0.0000000	0.0000000	0.0000000	0.0000000	0.0000000	0.0000000	0.0000000	0.0000000	0.0000000	0.0000000	0.0000000	0.0000000	0.0000000	0.0000000	0.0000000	0.0000000	0.0000000	0.0000000	0.0000000	0.0000000	0.0000000	0.0000000	0.0000000	0.0000000	0.0000000	0.0000000	0.0000000	0.0000000	6.8352549e-08	1.0758123e-05	0.00082180690	0.033304481	0.72910985	8.7034924	57.405670	218.30981	542.62722	1032.5283	1680.7219	2481.2806	3365.9964	4234.8143	4943.9320	5326.3623	5233.8963	4606.5081	3540.6672	2301.1331	1215.9403	502.06753	157.75671	38.251043	7.6543721	1.3816300	0.24135700	0.042527451	0.0077214473	0.0014539773	0.00028450830	5.5763157e-05	0.0000000	0.0000000	0.0000000	0.0000000	0.0000000	0.0000000	0.0000000	0.0000000	0.0000000
17.0510	0.0000000	0.0000000	0.0000000	0.0000000	0.0000000	0.0000000	0.0000000	0.0000000	0.0000000	0.0000000	0.0000000	0.0000000	0.0000000	0.0000000	0.0000000	0.0000000	0.0000000	0.0000000	0.0000000	0.0000000	0.0000000	0.0000000	0.0000000	0.0000000	0.0000000	0.0000000	0.0000000	0.0000000	0.0000000	0.0000000	0.0000000	0.0000000	0.0000000	0.0000000	0.0000000	0.0000000	0.0000000	0.0000000	0.0000000	0.0000000	1.8042374e-07	2.5126749e-05	0.0017229287	0.063384359	1.2699911	13.964419	85.285758	301.75333	700.97639	1251.9843	1909.9913	2622.7979	3319.1212	3905.1283	4272.3540	4321.4892	3994.1537	3311.8480	2401.2621	1473.6966	736.09272	287.61947	85.639090	19.716275	3.7558640	0.64728504	0.10830807	0.018340885	0.0032110460	0.00058473998	0.00011088030	2.1083036e-05	0.0000000	0.0000000	0.0000000	0.0000000	0.0000000	0.0000000	0.0000000	0.0000000	0.0000000
17.0960	0.0000000	0.0000000	0.0000000	0.0000000	0.0000000	0.0000000	0.0000000	0.0000000	0.0000000	0.0000000	0.0000000	0.0000000	0.0000000	0.0000000	0.0000000	0.0000000	0.0000000	0.0000000	0.0000000	0.0000000	0.0000000	0.0000000	0.0000000	0.0000000	0.0000000	0.0000000	0.0000000	0.0000000	0.0000000	0.0000000	0.0000000	0.0000000	0.0000000	0.0000000	0.0000000	0.0000000	0.0000000	0.0000000	0.0000000	0.0000000	1.7126170e-07	2.3431718e-05	0.0015776238	0.057056766	1.1267877	12.238324	73.910297	258.53173	593.07769	1044.2841	1567.7011	2115.0619	2626.0301	3027.6225	3242.8542	3209.0692	2899.9050	2349.5773	1663.4423	995.90828	484.68488	184.26021	53.301737	11.906960	2.1986574	0.36705924	0.059485875	0.0097579832	0.0016555229	0.00029230049	5.3776004e-05	9.9282141e-06	0.0000000	0.0000000	0.0000000	0.0000000	0.0000000	0.0000000	0.0000000	0.0000000	0.0000000
16.7760	0.0000000	0.0000000	0.0000000	0.0000000	0.0000000	0.0000000	0.0000000	0.0000000	0.0000000	0.0000000	0.0000000	0.0000000	0.0000000	0.0000000	0.0000000	0.0000000	0.0000000	0.0000000	0.0000000	0.0000000	0.0000000	0.0000000	0.0000000	0.0000000	0.0000000	0.0000000	0.0000000	0.0000000	0.0000000	0.0000000	0.0000000	0.0000000	0.0000000	0.0000000	0.0000000	0.0000000	0.0000000	0.0000000	0.0000000	0.0000000	1.2690386e-07	1.7829475e-05	0.0012348161	0.046056526	0.94031387	10.556141	65.701484	235.89569	553.87208	996.04874	1524.2566	2091.6926	2634.1098	3072.5490	3324.0440	3319.7284	3027.7488	2478.6908	1777.3689	1081.2902	536.61433	208.76855	62.009720	14.265437	2.7195493	0.46970793	0.078873766	0.013421457	0.0023640404	0.00043358281	8.2888480e-05	1.5903795e-05	0.0000000	0.0000000	0.0000000	0.0000000	0.0000000	0.0000000	0.0000000	0.0000000	0.0000000
15.2620	0.0000000	0.0000000	0.0000000	0.0000000	0.0000000	0.0000000	0.0000000	0.0000000	0.0000000	0.0000000	0.0000000	0.0000000	0.0000000	0.0000000	0.0000000	0.0000000	0.0000000	0.0000000	0.0000000	0.0000000	0.0000000	0.0000000	0.0000000	0.0000000	0.0000000	0.0000000	0.0000000	0.0000000	0.0000000	0.0000000	0.0000000	0.0000000	0.0000000	0.0000000	0.0000000	0.0000000	0.0000000	0.0000000	0.0000000	0.0000000	2.4663670e-08	3.9359038e-06	0.00030472521	0.012506956	0.27693868	3.3365023	22.148762	84.554459	210.50799	400.50231	647.51689	938.62648	1249.9924	1543.6968	1769.0316	1871.0045	1805.2526	1560.5823	1178.6069	752.99342	391.34093	159.02404	49.208533	11.759735	2.3216084	0.41389635	0.071507068	0.012479577	0.0022477738	0.00042042840	8.1793762e-05	1.5947568e-05	0.0000000	0.0000000	0.0000000	0.0000000	0.0000000	0.0000000	0.0000000	0.0000000	0.0000000
12.1240	0.0000000	0.0000000	0.0000000	0.0000000	0.0000000	0.0000000	0.0000000	0.0000000	0.0000000	0.0000000	0.0000000	0.0000000	0.0000000	0.0000000	0.0000000	0.0000000	0.0000000	0.0000000	0.0000000	0.0000000	0.0000000	0.0000000	0.0000000	0.0000000	0.0000000	0.0000000	0.0000000	0.0000000	0.0000000	0.0000000	0.0000000	0.0000000	0.0000000	0.0000000	0.0000000	0.0000000	0.0000000	0.0000000	0.0000000	0.0000000	1.4836297e-09	2.9865565e-07	2.8403677e-05	0.0013988340	0.036412924	0.50680458	3.8304050	16.450288	45.616002	95.799772	169.54651	266.89595	383.09340	506.35088	617.16899	690.54947	701.67517	636.31914	502.45141	334.62945	180.80713	76.203061	24.407774	6.0280722	1.2279878	0.22548725	0.040037363	0.0071635524	0.0013191673	0.00025152377	4.9728565e-05	9.8222635e-06	0.0000000	0.0000000	0.0000000	0.0000000	0.0000000	0.0000000	0.0000000	0.0000000	0.0000000
12.2640	0.0000000	0.0000000	0.0000000	0.0000000	0.0000000	0.0000000	0.0000000	0.0000000	0.0000000	0.0000000	0.0000000	0.0000000	0.0000000	0.0000000	0.0000000	0.0000000	0.0000000	0.0000000	0.0000000	0.0000000	0.0000000	0.0000000	0.0000000	0.0000000	0.0000000	0.0000000	0.0000000	0.0000000	0.0000000	0.0000000	0.0000000	0.0000000	0.0000000	0.0000000	0.0000000	0.0000000	0.0000000	0.0000000	0.0000000	0.0000000	1.7785523e-09	3.5410914e-07	3.3368858e-05	0.0016306047	0.042152610	0.58266392	4.3689755	18.569646	50.784020	104.81260	181.74780	279.69974	391.96667	505.58340	601.28658	656.43213	650.85890	576.10030	444.25832	289.31877	153.18700	63.452505	20.048622	4.9069558	0.99605656	0.18336419	0.032818301	0.0059393993	0.0011080994	0.00021402393	4.2774667e-05	8.5126658e-06	0.0000000	0.0000000	0.0000000	0.0000000	0.0000000	0.0000000	0.0000000	0.0000000	0.0000000
13.8250	0.0000000	0.0000000	0.0000000	0.0000000	0.0000000	0.0000000	0.0000000	0.0000000	0.0000000	0.0000000	0.0000000	0.0000000	0.0000000	0.0000000	0.0000000	0.0000000	0.0000000	0.0000000	0.0000000	0.0000000	0.0000000	0.0000000	0.0000000	0.0000000	0.0000000	0.0000000	0.0000000	0.0000000	0.0000000	0.0000000	0.0000000	0.0000000	0.0000000	0.0000000	0.0000000	0.0000000	0.0000000	0.0000000	0.0000000	0.0000000	3.4953596e-09	5.9779057e-07	4.9015922e-05	0.0021153708	0.049455985	0.63174420	4.4592639	18.102722	47.284724	93.570366	156.44288	233.40982	318.92690	403.58912	473.93203	513.70126	507.73392	449.01613	346.16374	225.18582	118.92615	49.046457	15.396920	3.7350753	0.74964181	0.13616157	0.024024756	0.0042928994	0.00079364355	0.00015272397	3.0626522e-05	6.1637126e-06	0.0000000	0.0000000	0.0000000	0.0000000	0.0000000	0.0000000	0.0000000	0.0000000	0.0000000
15.4530	0.0000000	0.0000000	0.0000000	0.0000000	0.0000000	0.0000000	0.0000000	0.0000000	0.0000000	0.0000000	0.0000000	0.0000000	0.0000000	0.0000000	0.0000000	0.0000000	0.0000000	0.0000000	0.0000000	0.0000000	0.0000000	0.0000000	0.0000000	0.0000000	0.0000000	0.0000000	0.0000000	0.0000000	0.0000000	0.0000000	0.0000000	0.0000000	0.0000000	0.0000000	0.0000000	0.0000000	0.0000000	0.0000000	0.0000000	0.0000000	8.5717852e-09	1.2846109e-06	9.3628116e-05	0.0036241506	0.075799587	0.86382022	5.4309479	19.651275	46.378459	83.614717	127.99530	175.45177	220.63850	256.87458	277.00836	275.21361	249.05904	201.67066	142.50161	85.102600	41.324995	15.691126	4.5399709	1.0160885	0.18832862	0.031620938	0.0051636129	0.00085487534	0.00014655567	2.6167888e-05	4.8715634e-06	9.1056806e-07	0.0000000	0.0000000	0.0000000	0.0000000	0.0000000	0.0000000	0.0000000	0.0000000	0.0000000
11.2500	0.0000000	0.0000000	0.0000000	0.0000000	0.0000000	0.0000000	0.0000000	0.0000000	0.0000000	0.0000000	0.0000000	0.0000000	0.0000000	0.0000000	0.0000000	0.0000000	0.0000000	0.0000000	0.0000000	0.0000000	0.0000000	0.0000000	0.0000000	0.0000000	0.0000000	0.0000000	0.0000000	0.0000000	0.0000000	0.0000000	0.0000000	0.0000000	0.0000000	0.0000000	0.0000000	0.0000000	0.0000000	0.0000000	0.0000000	0.0000000	3.3348488e-10	7.4448182e-08	7.7678639e-06	0.00041563685	0.011651689	0.17323120	1.3879217	6.2726090	18.182440	39.687378	72.623331	117.65344	173.07180	233.55016	289.53171	328.28102	336.80598	307.30550	243.29861	161.96640	87.247423	36.578300	11.633174	2.8491229	0.57528295	0.10473239	0.018449934	0.0032783641	0.00060032843	0.00011399610	2.2478009e-05	4.4334114e-06	0.0000000	0.0000000	0.0000000	0.0000000	0.0000000	0.0000000	0.0000000	0.0000000	0.0000000
11.1290	0.0000000	0.0000000	0.0000000	0.0000000	0.0000000	0.0000000	0.0000000	0.0000000	0.0000000	0.0000000	0.0000000	0.0000000	0.0000000	0.0000000	0.0000000	0.0000000	0.0000000	0.0000000	0.0000000	0.0000000	0.0000000	0.0000000	0.0000000	0.0000000	0.0000000	0.0000000	0.0000000	0.0000000	0.0000000	0.0000000	0.0000000	0.0000000	0.0000000	0.0000000	0.0000000	0.0000000	0.0000000	0.0000000	0.0000000	0.0000000	2.1180670e-10	4.7673633e-08	5.0063734e-06	0.00026922282	0.0075764362	0.11297446	0.90711427	4.1056683	11.910631	26.006755	47.599264	77.142794	113.57916	153.52677	190.84978	217.25519	224.10511	205.90638	164.34625	110.32320	59.886374	25.262876	8.0712548	1.9834624	0.40154298	0.073266798	0.012936393	0.0023052290	0.00042380889	8.0933029e-05	1.6081561e-05	3.2002116e-06	0.0000000	0.0000000	0.0000000	0.0000000	0.0000000	0.0000000	0.0000000	0.0000000	0.0000000
16.3360	0.0000000	0.0000000	0.0000000	0.0000000	0.0000000	0.0000000	0.0000000	0.0000000	0.0000000	0.0000000	0.0000000	0.0000000	0.0000000	0.0000000	0.0000000	0.0000000	0.0000000	0.0000000	0.0000000	0.0000000	0.0000000	0.0000000	0.0000000	0.0000000	0.0000000	0.0000000	0.0000000	0.0000000	0.0000000	0.0000000	0.0000000	0.0000000	0.0000000	0.0000000	0.0000000	0.0000000	0.0000000	0.0000000	0.0000000	0.0000000	3.8244009e-09	5.4100715e-07	3.7509194e-05	0.0013912208	0.028103344	0.31179533	1.9215561	6.8557515	16.035060	28.761060	43.946434	60.305014	76.112982	89.180563	97.060947	97.585418	89.583906	73.729731	53.025336	32.264987	15.976175	6.1884910	1.8268990	0.41712903	0.078839405	0.013487787	0.0022419456	0.00037746787	6.5763572e-05	1.1926909e-05	2.2538502e-06	4.2727372e-07	0.0000000	0.0000000	0.0000000	0.0000000	0.0000000	0.0000000	0.0000000	0.0000000	0.0000000
13.8900	0.0000000	0.0000000	0.0000000	0.0000000	0.0000000	0.0000000	0.0000000	0.0000000	0.0000000	0.0000000	0.0000000	0.0000000	0.0000000	0.0000000	0.0000000	0.0000000	0.0000000	0.0000000	0.0000000	0.0000000	0.0000000	0.0000000	0.0000000	0.0000000	0.0000000	0.0000000	0.0000000	0.0000000	0.0000000	0.0000000	0.0000000	0.0000000	0.0000000	0.0000000	0.0000000	0.0000000	0.0000000	0.0000000	0.0000000	0.0000000	1.2020431e-09	1.9461230e-07	1.5266293e-05	0.00063572314	0.014328025	0.17636148	1.1989426	4.6815699	11.848648	22.744687	36.850942	53.228959	70.365154	86.137829	97.893945	102.73502	98.374017	84.355031	63.107584	39.858144	20.446275	8.1940019	2.5008121	0.59014457	0.11528974	0.020395470	0.0035073662	0.00061130535	0.00011033130	2.0746802e-05	4.0693328e-06	8.0098967e-07	0.0000000	0.0000000	0.0000000	0.0000000	0.0000000	0.0000000	0.0000000	0.0000000	0.0000000
16.0040	0.0000000	0.0000000	0.0000000	0.0000000	0.0000000	0.0000000	0.0000000	0.0000000	0.0000000	0.0000000	0.0000000	0.0000000	0.0000000	0.0000000	0.0000000	0.0000000	0.0000000	0.0000000	0.0000000	0.0000000	0.0000000	0.0000000	0.0000000	0.0000000	0.0000000	0.0000000	0.0000000	0.0000000	0.0000000	0.0000000	0.0000000	0.0000000	0.0000000	0.0000000	0.0000000	0.0000000	0.0000000	0.0000000	0.0000000	0.0000000	2.3754243e-09	3.5255052e-07	2.5530429e-05	0.00098348034	0.020496809	0.23310979	1.4653999	5.3144407	12.607225	22.904890	35.401841	49.066649	62.452785	73.686943	80.674575	81.547073	75.246504	62.244348	44.993618	27.514650	13.686381	5.3226804	1.5767267	0.36115771	0.068478290	0.011754801	0.0019612558	0.00033167110	5.8089969e-05	1.0601377e-05	2.0180553e-06	3.8577310e-07	0.0000000	0.0000000	0.0000000	0.0000000	0.0000000	0.0000000	0.0000000	0.0000000	0.0000000
10.7700	0.0000000	0.0000000	0.0000000	0.0000000	0.0000000	0.0000000	0.0000000	0.0000000	0.0000000	0.0000000	0.0000000	0.0000000	0.0000000	0.0000000	0.0000000	0.0000000	0.0000000	0.0000000	0.0000000	0.0000000	0.0000000	0.0000000	0.0000000	0.0000000	0.0000000	0.0000000	0.0000000	0.0000000	0.0000000	0.0000000	0.0000000	0.0000000	0.0000000	0.0000000	0.0000000	0.0000000	0.0000000	0.0000000	0.0000000	0.0000000	9.6429383e-11	2.2565890e-08	2.4589932e-06	0.00013705092	0.0039940645	0.062202640	0.52171400	2.4581552	7.3815842	16.561913	30.913511	50.745461	75.243308	101.96258	126.62341	143.54693	147.00847	134.87832	107.80700	72.424319	39.351416	16.634194	5.3319319	1.3156654	0.26754525	0.049037541	0.0086933621	0.0015538235	0.00028608531	5.4598601e-05	1.0816211e-05	2.1426190e-06	0.0000000	0.0000000	0.0000000	0.0000000	0.0000000	0.0000000	0.0000000	0.0000000	0.0000000
10.6570	0.0000000	0.0000000	0.0000000	0.0000000	0.0000000	0.0000000	0.0000000	0.0000000	0.0000000	0.0000000	0.0000000	0.0000000	0.0000000	0.0000000	0.0000000	0.0000000	0.0000000	0.0000000	0.0000000	0.0000000	0.0000000	0.0000000	0.0000000	0.0000000	0.0000000	0.0000000	0.0000000	0.0000000	0.0000000	0.0000000	0.0000000	0.0000000	0.0000000	0.0000000	0.0000000	0.0000000	0.0000000	0.0000000	0.0000000	0.0000000	6.7965386e-11	1.6208797e-08	1.7936895e-06	0.00010119446	0.0029767550	0.046238434	0.38532457	1.8025981	5.3798961	12.026947	22.442545	36.954864	55.128632	75.339330	94.522401	108.40821	112.42990	103.61719	82.801438	55.590628	30.173403	11.930356	3.5809441	0.84473198	0.16809516	0.030710153	0.0054930955	0.00099611427	0.00018595208	3.5885190e-05	7.1733497e-06	1.4315494e-06	0.0000000	0.0000000	0.0000000	0.0000000	0.0000000	0.0000000	0.0000000	0.0000000	0.0000000
12.6800	0.0000000	0.0000000	0.0000000	0.0000000	0.0000000	0.0000000	0.0000000	0.0000000	0.0000000	0.0000000	0.0000000	0.0000000	0.0000000	0.0000000	0.0000000	0.0000000	0.0000000	0.0000000	0.0000000	0.0000000	0.0000000	0.0000000	0.0000000	0.0000000	0.0000000	0.0000000	0.0000000	0.0000000	0.0000000	0.0000000	0.0000000	0.0000000	0.0000000	0.0000000	0.0000000	0.0000000	0.0000000	0.0000000	0.0000000	0.0000000	4.1791828e-10	7.3796018e-08	6.2622998e-06	0.00028029341	0.0067502071	0.088170373	0.62993796	1.8884154	4.8937811	9.5637971	15.685165	22.853771	30.452606	37.614495	43.127178	45.639537	44.031354	37.985939	28.546603	18.104699	9.3249086	3.7513900	1.1489986	0.27198573	0.053249210	0.0094256325	0.0016186171	0.00028105042	5.0404413e-05	9.3927063e-06	1.8206984e-06	3.5358818e-07	0.0000000	0.0000000	0.0000000	0.0000000	0.0000000	0.0000000	0.0000000	0.0000000	0.0000000
11.0230	0.0000000	0.0000000	0.0000000	0.0000000	0.0000000	0.0000000	0.0000000	0.0000000	0.0000000	0.0000000	0.0000000	0.0000000	0.0000000	0.0000000	0.0000000	0.0000000	0.0000000	0.0000000	0.0000000	0.0000000	0.0000000	0.0000000	0.0000000	0.0000000	0.0000000	0.0000000	0.0000000	0.0000000	0.0000000	0.0000000	0.0000000	0.0000000	0.0000000	0.0000000	0.0000000	0.0000000	0.0000000	0.0000000	0.0000000	0.0000000	4.6957620e-11	1.0659426e-08	1.1332355e-06	6.1758396e-05	0.0017572795	0.026360202	0.21207344	0.95986131	2.7859081	6.1086800	11.304548	18.646202	28.081056	38.954895	49.768685	58.190272	61.539649	57.834782	47.143974	32.310237	17.921161	7.7343994	2.5294625	0.63590185	0.13148533	0.024450816	0.0043892383	0.00079311648	0.00014756153	2.8477663e-05	5.7127552e-06	1.1479160e-06	0.0000000	0.0000000	0.0000000	0.0000000	0.0000000	0.0000000	0.0000000	0.0000000	0.0000000
10.1150	0.0000000	0.0000000	0.0000000	0.0000000	0.0000000	0.0000000	0.0000000	0.0000000	0.0000000	0.0000000	0.0000000	0.0000000	0.0000000	0.0000000	0.0000000	0.0000000	0.0000000	0.0000000	0.0000000	0.0000000	0.0000000	0.0000000	0.0000000	0.0000000	0.0000000	0.0000000	0.0000000	0.0000000	0.0000000	0.0000000	0.0000000	0.0000000	0.0000000	0.0000000	0.0000000	0.0000000	0.0000000	0.0000000	0.0000000	0.0000000	4.8478024e-12	1.2517147e-09	1.4902568e-07	8.9973785e-06	0.00028192507	0.0046463915	0.040945428	0.20189740	0.63278930	1.4788662	2.8717905	4.9019786	7.5576157	10.933175	14.923259	18.592678	20.884956	20.494019	17.136817	11.871444	6.5760772	2.8117034	0.90751068	0.22519361	0.046141313	0.0085654919	0.0015474220	0.00028320015	5.3570302e-05	1.0525391e-05	2.1483935e-06	4.3834491e-07	0.0000000	0.0000000	0.0000000	0.0000000	0.0000000	0.0000000	0.0000000	0.0000000	0.0000000
