# DO NOT EDIT: written Thu Mar 14 18:48:37 2019 by wrt_emiss_fe17.pro
# faked emissivities [1e-23 ergs cm^3/s] for Fe17 lines from Del Zanna 2011, A&A 536, A59
# emissivities include ion balance, but not abundance, and are spline and ion balance jittered off of emiss_Fe17_00000.txt
# line 6 -- SEED, LOGT
# lines 7+ -- WVL, EMISSIVITY
      981756	4.00	4.05	4.10	4.15	4.20	4.25	4.30	4.35	4.40	4.45	4.50	4.55	4.60	4.65	4.70	4.75	4.80	4.85	4.90	4.95	5.00	5.05	5.10	5.15	5.20	5.25	5.30	5.35	5.40	5.45	5.50	5.55	5.60	5.65	5.70	5.75	5.80	5.85	5.90	5.95	6.00	6.05	6.10	6.15	6.20	6.25	6.30	6.35	6.40	6.45	6.50	6.55	6.60	6.65	6.70	6.75	6.80	6.85	6.90	6.95	7.00	7.05	7.10	7.15	7.20	7.25	7.30	7.35	7.40	7.45	7.50	7.55	7.60	7.65	7.70	7.75	7.80	7.85	7.90	7.95	8.00
15.0130	0.0000000	0.0000000	0.0000000	0.0000000	0.0000000	0.0000000	0.0000000	0.0000000	0.0000000	0.0000000	0.0000000	0.0000000	0.0000000	0.0000000	0.0000000	0.0000000	0.0000000	0.0000000	0.0000000	0.0000000	0.0000000	0.0000000	0.0000000	0.0000000	0.0000000	0.0000000	0.0000000	0.0000000	0.0000000	0.0000000	0.0000000	0.0000000	0.0000000	0.0000000	0.0000000	0.0000000	0.0000000	0.0000000	0.0000000	0.0000000	1.2233215e-07	1.8309039e-05	0.0013510928	0.052173372	1.0701212	11.795641	72.193423	261.90865	636.74992	1200.3738	1936.2229	2809.1980	3750.4912	4647.3656	5345.7447	5674.8187	5493.3901	4761.1571	3602.4441	2304.5240	1199.3663	488.59596	151.91527	36.575898	7.2900717	1.3136973	0.22951901	0.040508134	0.0073759508	0.0013939525	0.00027379818	5.2700547e-05	0.0000000	0.0000000	0.0000000	0.0000000	0.0000000	0.0000000	0.0000000	0.0000000	0.0000000
17.0510	0.0000000	0.0000000	0.0000000	0.0000000	0.0000000	0.0000000	0.0000000	0.0000000	0.0000000	0.0000000	0.0000000	0.0000000	0.0000000	0.0000000	0.0000000	0.0000000	0.0000000	0.0000000	0.0000000	0.0000000	0.0000000	0.0000000	0.0000000	0.0000000	0.0000000	0.0000000	0.0000000	0.0000000	0.0000000	0.0000000	0.0000000	0.0000000	0.0000000	0.0000000	0.0000000	0.0000000	0.0000000	0.0000000	0.0000000	0.0000000	2.9074714e-07	3.8528447e-05	0.0025495878	0.089154819	1.6672911	16.844851	94.893814	318.10515	717.33346	1258.9826	1897.1759	2579.0199	3233.9535	3771.4203	4089.7154	4099.1591	3752.4336	3079.8284	2209.2589	1341.1780	663.05131	256.88320	76.058664	17.466616	3.3267237	0.57393891	0.096170168	0.016303378	0.0028549924	0.00051936047	9.8209376e-05	1.8186819e-05	0.0000000	0.0000000	0.0000000	0.0000000	0.0000000	0.0000000	0.0000000	0.0000000	0.0000000
17.0960	0.0000000	0.0000000	0.0000000	0.0000000	0.0000000	0.0000000	0.0000000	0.0000000	0.0000000	0.0000000	0.0000000	0.0000000	0.0000000	0.0000000	0.0000000	0.0000000	0.0000000	0.0000000	0.0000000	0.0000000	0.0000000	0.0000000	0.0000000	0.0000000	0.0000000	0.0000000	0.0000000	0.0000000	0.0000000	0.0000000	0.0000000	0.0000000	0.0000000	0.0000000	0.0000000	0.0000000	0.0000000	0.0000000	0.0000000	0.0000000	2.3914476e-07	3.4450800e-05	0.0026090481	0.095950159	1.7798818	17.872429	100.15017	333.76957	747.14460	1298.9088	1934.2582	2592.7708	3199.2282	3664.0632	3895.2812	3821.3741	3418.2980	2631.0957	1758.6694	995.60041	460.32284	167.62726	46.908893	10.238071	1.8633691	0.30884369	0.049977718	0.0082232420	0.0014040938	0.00025009629	4.6484200e-05	8.4901897e-06	0.0000000	0.0000000	0.0000000	0.0000000	0.0000000	0.0000000	0.0000000	0.0000000	0.0000000
16.7760	0.0000000	0.0000000	0.0000000	0.0000000	0.0000000	0.0000000	0.0000000	0.0000000	0.0000000	0.0000000	0.0000000	0.0000000	0.0000000	0.0000000	0.0000000	0.0000000	0.0000000	0.0000000	0.0000000	0.0000000	0.0000000	0.0000000	0.0000000	0.0000000	0.0000000	0.0000000	0.0000000	0.0000000	0.0000000	0.0000000	0.0000000	0.0000000	0.0000000	0.0000000	0.0000000	0.0000000	0.0000000	0.0000000	0.0000000	0.0000000	1.8504435e-07	2.4820643e-05	0.0016575797	0.058433032	1.1031032	11.275017	64.407370	219.40806	503.64212	900.56494	1382.6866	1913.6382	2438.2216	2882.7147	3163.3780	3203.5605	2958.8522	2447.4191	1767.7166	1079.6001	536.42339	208.62007	61.922672	14.238359	2.7124052	0.46765772	0.078265842	0.013247160	0.0023156911	0.00042049274	7.9399645e-05	1.4707382e-05	0.0000000	0.0000000	0.0000000	0.0000000	0.0000000	0.0000000	0.0000000	0.0000000	0.0000000
15.2620	0.0000000	0.0000000	0.0000000	0.0000000	0.0000000	0.0000000	0.0000000	0.0000000	0.0000000	0.0000000	0.0000000	0.0000000	0.0000000	0.0000000	0.0000000	0.0000000	0.0000000	0.0000000	0.0000000	0.0000000	0.0000000	0.0000000	0.0000000	0.0000000	0.0000000	0.0000000	0.0000000	0.0000000	0.0000000	0.0000000	0.0000000	0.0000000	0.0000000	0.0000000	0.0000000	0.0000000	0.0000000	0.0000000	0.0000000	0.0000000	3.5001986e-08	5.1862827e-06	0.00037959764	0.014557131	0.29664426	3.2467023	19.703475	70.788733	170.26684	317.38001	506.16635	726.43777	959.98250	1178.2407	1343.3874	1414.6552	1359.6050	1171.0136	881.36066	561.43419	291.28136	118.43198	36.797749	8.8656350	1.7709443	0.32037208	0.056293136	0.010011896	0.0018406952	0.00035178483	6.9954512e-05	1.3640938e-05	0.0000000	0.0000000	0.0000000	0.0000000	0.0000000	0.0000000	0.0000000	0.0000000	0.0000000
12.1240	0.0000000	0.0000000	0.0000000	0.0000000	0.0000000	0.0000000	0.0000000	0.0000000	0.0000000	0.0000000	0.0000000	0.0000000	0.0000000	0.0000000	0.0000000	0.0000000	0.0000000	0.0000000	0.0000000	0.0000000	0.0000000	0.0000000	0.0000000	0.0000000	0.0000000	0.0000000	0.0000000	0.0000000	0.0000000	0.0000000	0.0000000	0.0000000	0.0000000	0.0000000	0.0000000	0.0000000	0.0000000	0.0000000	0.0000000	0.0000000	2.6004777e-09	5.0452297e-07	4.6869536e-05	0.0022189614	0.054478249	0.70335592	4.9453284	20.272693	54.913665	113.89772	199.84642	312.13198	444.24529	581.43890	700.49665	773.00345	772.67388	687.46847	531.26178	345.54150	182.10730	74.858079	23.415732	5.6597399	1.1308370	0.20405270	0.035668223	0.0062949468	0.0011459670	0.00021655811	4.2543484e-05	8.1922919e-06	0.0000000	0.0000000	0.0000000	0.0000000	0.0000000	0.0000000	0.0000000	0.0000000	0.0000000
12.2640	0.0000000	0.0000000	0.0000000	0.0000000	0.0000000	0.0000000	0.0000000	0.0000000	0.0000000	0.0000000	0.0000000	0.0000000	0.0000000	0.0000000	0.0000000	0.0000000	0.0000000	0.0000000	0.0000000	0.0000000	0.0000000	0.0000000	0.0000000	0.0000000	0.0000000	0.0000000	0.0000000	0.0000000	0.0000000	0.0000000	0.0000000	0.0000000	0.0000000	0.0000000	0.0000000	0.0000000	0.0000000	0.0000000	0.0000000	0.0000000	2.4206434e-09	4.6139453e-07	4.2268703e-05	0.0019803592	0.048265691	0.62014793	4.3462495	17.766766	47.971791	99.158460	173.41308	270.12643	383.90239	502.62138	606.80834	672.05525	675.09549	604.19387	469.94434	307.84052	163.51388	67.793755	21.403701	5.2248461	1.0547033	0.19226705	0.033938128	0.0060436514	0.0011088989	0.00021089998	4.1624544e-05	8.0360441e-06	0.0000000	0.0000000	0.0000000	0.0000000	0.0000000	0.0000000	0.0000000	0.0000000	0.0000000
13.8250	0.0000000	0.0000000	0.0000000	0.0000000	0.0000000	0.0000000	0.0000000	0.0000000	0.0000000	0.0000000	0.0000000	0.0000000	0.0000000	0.0000000	0.0000000	0.0000000	0.0000000	0.0000000	0.0000000	0.0000000	0.0000000	0.0000000	0.0000000	0.0000000	0.0000000	0.0000000	0.0000000	0.0000000	0.0000000	0.0000000	0.0000000	0.0000000	0.0000000	0.0000000	0.0000000	0.0000000	0.0000000	0.0000000	0.0000000	0.0000000	4.9268281e-09	7.8402330e-07	6.1445577e-05	0.0025220538	0.055071435	0.64687629	4.2155804	16.231658	41.628069	82.260293	138.36990	208.53782	288.47898	369.99481	440.44177	483.67399	483.91650	432.75258	336.97057	221.13382	117.72045	48.937318	15.499383	3.7976255	0.77012152	0.14123550	0.025120852	0.0045148406	0.00083719788	0.00016108452	3.2184377e-05	6.2912354e-06	0.0000000	0.0000000	0.0000000	0.0000000	0.0000000	0.0000000	0.0000000	0.0000000	0.0000000
15.4530	0.0000000	0.0000000	0.0000000	0.0000000	0.0000000	0.0000000	0.0000000	0.0000000	0.0000000	0.0000000	0.0000000	0.0000000	0.0000000	0.0000000	0.0000000	0.0000000	0.0000000	0.0000000	0.0000000	0.0000000	0.0000000	0.0000000	0.0000000	0.0000000	0.0000000	0.0000000	0.0000000	0.0000000	0.0000000	0.0000000	0.0000000	0.0000000	0.0000000	0.0000000	0.0000000	0.0000000	0.0000000	0.0000000	0.0000000	0.0000000	1.3367804e-08	1.9173279e-06	0.00013570085	0.0050258025	0.098794844	1.0420568	6.0892661	21.041158	48.601123	86.829812	132.42123	181.25647	227.82421	265.17403	285.84279	283.71878	256.26877	206.85692	145.51191	86.405847	41.692977	15.736078	4.5320668	1.0114670	0.18717109	0.031385394	0.0051163305	0.00084512793	0.00014449648	2.5726685e-05	4.7745584e-06	8.7036267e-07	0.0000000	0.0000000	0.0000000	0.0000000	0.0000000	0.0000000	0.0000000	0.0000000	0.0000000
11.2500	0.0000000	0.0000000	0.0000000	0.0000000	0.0000000	0.0000000	0.0000000	0.0000000	0.0000000	0.0000000	0.0000000	0.0000000	0.0000000	0.0000000	0.0000000	0.0000000	0.0000000	0.0000000	0.0000000	0.0000000	0.0000000	0.0000000	0.0000000	0.0000000	0.0000000	0.0000000	0.0000000	0.0000000	0.0000000	0.0000000	0.0000000	0.0000000	0.0000000	0.0000000	0.0000000	0.0000000	0.0000000	0.0000000	0.0000000	0.0000000	5.0257472e-10	1.0715264e-07	1.0830769e-05	0.00055309885	0.014537341	0.19960541	1.4837835	6.3965713	18.140459	39.262568	71.710100	116.38735	171.96153	233.46343	291.47619	332.96031	344.12373	316.12992	250.48206	165.63273	88.663380	36.988535	11.733387	2.8740734	0.58162332	0.10624635	0.018789131	0.0033521762	0.00061632032	0.00011749799	2.3257626e-05	4.4512897e-06	0.0000000	0.0000000	0.0000000	0.0000000	0.0000000	0.0000000	0.0000000	0.0000000	0.0000000
11.1290	0.0000000	0.0000000	0.0000000	0.0000000	0.0000000	0.0000000	0.0000000	0.0000000	0.0000000	0.0000000	0.0000000	0.0000000	0.0000000	0.0000000	0.0000000	0.0000000	0.0000000	0.0000000	0.0000000	0.0000000	0.0000000	0.0000000	0.0000000	0.0000000	0.0000000	0.0000000	0.0000000	0.0000000	0.0000000	0.0000000	0.0000000	0.0000000	0.0000000	0.0000000	0.0000000	0.0000000	0.0000000	0.0000000	0.0000000	0.0000000	3.0976271e-10	6.6915626e-08	6.8440473e-06	0.00035321955	0.0093709445	0.12971172	0.97071080	4.2063080	11.969026	25.944886	47.374524	76.736924	112.95420	152.55594	189.26432	214.65286	220.12070	200.55297	158.39977	105.09581	56.397630	23.564258	7.4789757	1.8309382	0.36987369	0.067356441	0.011858094	0.0021041773	0.00038466984	7.2946059e-05	1.4377492e-05	2.7776577e-06	0.0000000	0.0000000	0.0000000	0.0000000	0.0000000	0.0000000	0.0000000	0.0000000	0.0000000
16.3360	0.0000000	0.0000000	0.0000000	0.0000000	0.0000000	0.0000000	0.0000000	0.0000000	0.0000000	0.0000000	0.0000000	0.0000000	0.0000000	0.0000000	0.0000000	0.0000000	0.0000000	0.0000000	0.0000000	0.0000000	0.0000000	0.0000000	0.0000000	0.0000000	0.0000000	0.0000000	0.0000000	0.0000000	0.0000000	0.0000000	0.0000000	0.0000000	0.0000000	0.0000000	0.0000000	0.0000000	0.0000000	0.0000000	0.0000000	0.0000000	5.8503623e-09	7.8782595e-07	5.2689196e-05	0.0018551924	0.034908577	0.35491796	2.0110770	6.7727998	15.313511	26.868808	40.358475	54.550318	67.869866	78.405183	84.123538	83.345398	75.350992	61.031411	43.169704	25.827606	12.580593	4.8018922	1.4009561	0.31725580	0.059663276	0.010181931	0.0016917258	0.00028523204	4.9849613e-05	9.0851102e-06	1.7283496e-06	3.2342429e-07	0.0000000	0.0000000	0.0000000	0.0000000	0.0000000	0.0000000	0.0000000	0.0000000	0.0000000
13.8900	0.0000000	0.0000000	0.0000000	0.0000000	0.0000000	0.0000000	0.0000000	0.0000000	0.0000000	0.0000000	0.0000000	0.0000000	0.0000000	0.0000000	0.0000000	0.0000000	0.0000000	0.0000000	0.0000000	0.0000000	0.0000000	0.0000000	0.0000000	0.0000000	0.0000000	0.0000000	0.0000000	0.0000000	0.0000000	0.0000000	0.0000000	0.0000000	0.0000000	0.0000000	0.0000000	0.0000000	0.0000000	0.0000000	0.0000000	0.0000000	1.8490007e-09	2.8678142e-07	2.1819246e-05	0.00086629786	0.018246698	0.20628061	1.2909695	4.7597261	11.638299	21.822070	34.675238	49.179920	63.838266	76.701230	85.500777	87.944269	82.767033	70.379308	52.123631	32.541478	16.486950	6.5269996	1.9704871	0.46079664	0.089323314	0.015686701	0.0026774346	0.00046289647	8.2799553e-05	1.5722876e-05	3.1385273e-06	6.1805333e-07	0.0000000	0.0000000	0.0000000	0.0000000	0.0000000	0.0000000	0.0000000	0.0000000	0.0000000
16.0040	0.0000000	0.0000000	0.0000000	0.0000000	0.0000000	0.0000000	0.0000000	0.0000000	0.0000000	0.0000000	0.0000000	0.0000000	0.0000000	0.0000000	0.0000000	0.0000000	0.0000000	0.0000000	0.0000000	0.0000000	0.0000000	0.0000000	0.0000000	0.0000000	0.0000000	0.0000000	0.0000000	0.0000000	0.0000000	0.0000000	0.0000000	0.0000000	0.0000000	0.0000000	0.0000000	0.0000000	0.0000000	0.0000000	0.0000000	0.0000000	3.8560168e-09	5.4828525e-07	3.8629246e-05	0.0014267725	0.027994117	0.29487122	1.7220272	5.9546256	13.789629	24.739971	37.931319	52.232375	66.073114	77.456939	84.206723	84.448300	77.231079	63.246417	45.214015	27.325798	13.434984	5.1710961	1.5199939	0.34658900	0.065603122	0.011262960	0.0018815065	0.00031875341	5.5933756e-05	1.0225678e-05	1.9490248e-06	3.6486002e-07	0.0000000	0.0000000	0.0000000	0.0000000	0.0000000	0.0000000	0.0000000	0.0000000	0.0000000
10.7700	0.0000000	0.0000000	0.0000000	0.0000000	0.0000000	0.0000000	0.0000000	0.0000000	0.0000000	0.0000000	0.0000000	0.0000000	0.0000000	0.0000000	0.0000000	0.0000000	0.0000000	0.0000000	0.0000000	0.0000000	0.0000000	0.0000000	0.0000000	0.0000000	0.0000000	0.0000000	0.0000000	0.0000000	0.0000000	0.0000000	0.0000000	0.0000000	0.0000000	0.0000000	0.0000000	0.0000000	0.0000000	0.0000000	0.0000000	0.0000000	1.9103069e-10	4.3010543e-08	4.5688871e-06	0.00024419760	0.0066917993	0.095410164	0.73294648	3.2452276	9.3759268	20.481796	37.412536	60.228362	87.705850	116.90417	143.09602	160.32874	162.74385	147.05827	115.41489	76.236235	40.812378	17.050320	5.4245363	1.3348027	0.27178017	0.050023109	0.0089232583	0.0016070279	0.00029837078	5.7447779e-05	1.1482017e-05	2.2452048e-06	0.0000000	0.0000000	0.0000000	0.0000000	0.0000000	0.0000000	0.0000000	0.0000000	0.0000000
10.6570	0.0000000	0.0000000	0.0000000	0.0000000	0.0000000	0.0000000	0.0000000	0.0000000	0.0000000	0.0000000	0.0000000	0.0000000	0.0000000	0.0000000	0.0000000	0.0000000	0.0000000	0.0000000	0.0000000	0.0000000	0.0000000	0.0000000	0.0000000	0.0000000	0.0000000	0.0000000	0.0000000	0.0000000	0.0000000	0.0000000	0.0000000	0.0000000	0.0000000	0.0000000	0.0000000	0.0000000	0.0000000	0.0000000	0.0000000	0.0000000	8.5934356e-11	1.9508682e-08	2.0854137e-06	0.00011199901	0.0030814232	0.044096909	0.34008259	1.5133351	4.4048478	9.7286792	18.042549	29.616543	44.121839	60.288953	75.699528	86.949104	90.356450	83.474379	66.846199	44.916352	24.357417	10.252146	3.2646089	0.79784234	0.16009804	0.028872470	0.0050292940	0.00088353756	0.00016021940	3.0234808e-05	5.9568308e-06	1.1573190e-06	0.0000000	0.0000000	0.0000000	0.0000000	0.0000000	0.0000000	0.0000000	0.0000000	0.0000000
12.6800	0.0000000	0.0000000	0.0000000	0.0000000	0.0000000	0.0000000	0.0000000	0.0000000	0.0000000	0.0000000	0.0000000	0.0000000	0.0000000	0.0000000	0.0000000	0.0000000	0.0000000	0.0000000	0.0000000	0.0000000	0.0000000	0.0000000	0.0000000	0.0000000	0.0000000	0.0000000	0.0000000	0.0000000	0.0000000	0.0000000	0.0000000	0.0000000	0.0000000	0.0000000	0.0000000	0.0000000	0.0000000	0.0000000	0.0000000	0.0000000	5.7443509e-10	9.6173441e-08	7.8542029e-06	0.00033346529	0.0074854231	0.089775476	0.59159864	2.2705880	5.7284891	11.019485	17.891206	25.876757	34.276859	42.121457	48.069569	50.641490	48.635579	41.760488	31.232504	19.717065	10.118578	4.0645234	1.2472226	0.29695483	0.058684130	0.010515000	0.0018311013	0.00032219658	5.8398047e-05	1.0967485e-05	2.1369337e-06	4.0723135e-07	0.0000000	0.0000000	0.0000000	0.0000000	0.0000000	0.0000000	0.0000000	0.0000000	0.0000000
11.0230	0.0000000	0.0000000	0.0000000	0.0000000	0.0000000	0.0000000	0.0000000	0.0000000	0.0000000	0.0000000	0.0000000	0.0000000	0.0000000	0.0000000	0.0000000	0.0000000	0.0000000	0.0000000	0.0000000	0.0000000	0.0000000	0.0000000	0.0000000	0.0000000	0.0000000	0.0000000	0.0000000	0.0000000	0.0000000	0.0000000	0.0000000	0.0000000	0.0000000	0.0000000	0.0000000	0.0000000	0.0000000	0.0000000	0.0000000	0.0000000	6.8133579e-11	1.4910575e-08	1.5548154e-06	8.2118751e-05	0.0022285545	0.031414757	0.23829291	1.0422794	2.9837952	6.4958693	11.917380	19.416600	28.777909	39.173891	49.016944	56.080090	58.043118	53.437831	42.726526	28.769856	15.717490	6.7065087	2.1795912	0.54751430	0.11363279	0.021278371	0.0038545814	0.00070379719	0.00013239995	2.5839876e-05	5.2402128e-06	1.0409377e-06	0.0000000	0.0000000	0.0000000	0.0000000	0.0000000	0.0000000	0.0000000	0.0000000	0.0000000
10.1150	0.0000000	0.0000000	0.0000000	0.0000000	0.0000000	0.0000000	0.0000000	0.0000000	0.0000000	0.0000000	0.0000000	0.0000000	0.0000000	0.0000000	0.0000000	0.0000000	0.0000000	0.0000000	0.0000000	0.0000000	0.0000000	0.0000000	0.0000000	0.0000000	0.0000000	0.0000000	0.0000000	0.0000000	0.0000000	0.0000000	0.0000000	0.0000000	0.0000000	0.0000000	0.0000000	0.0000000	0.0000000	0.0000000	0.0000000	0.0000000	7.4012599e-12	1.8300415e-09	2.1166018e-07	1.2228956e-05	0.00036011220	0.0054911216	0.044944631	0.21142210	0.64762760	1.4972018	2.8903672	4.9143530	7.5516993	10.608781	13.663555	16.071768	17.073211	16.089814	13.262934	9.2032481	5.1535505	2.2439636	0.74188086	0.18923456	0.039859191	0.0075777078	0.0013942624	0.00025858497	4.9356280e-05	9.7519348e-06	1.9966274e-06	3.9925366e-07	0.0000000	0.0000000	0.0000000	0.0000000	0.0000000	0.0000000	0.0000000	0.0000000	0.0000000
