# DO NOT EDIT: written Thu Mar 14 18:48:37 2019 by wrt_emiss_fe17.pro
# faked emissivities [1e-23 ergs cm^3/s] for Fe17 lines from Del Zanna 2011, A&A 536, A59
# emissivities include ion balance, but not abundance, and are spline and ion balance jittered off of emiss_Fe17_00000.txt
# line 6 -- SEED, LOGT
# lines 7+ -- WVL, EMISSIVITY
      969564	4.00	4.05	4.10	4.15	4.20	4.25	4.30	4.35	4.40	4.45	4.50	4.55	4.60	4.65	4.70	4.75	4.80	4.85	4.90	4.95	5.00	5.05	5.10	5.15	5.20	5.25	5.30	5.35	5.40	5.45	5.50	5.55	5.60	5.65	5.70	5.75	5.80	5.85	5.90	5.95	6.00	6.05	6.10	6.15	6.20	6.25	6.30	6.35	6.40	6.45	6.50	6.55	6.60	6.65	6.70	6.75	6.80	6.85	6.90	6.95	7.00	7.05	7.10	7.15	7.20	7.25	7.30	7.35	7.40	7.45	7.50	7.55	7.60	7.65	7.70	7.75	7.80	7.85	7.90	7.95	8.00
15.0130	0.0000000	0.0000000	0.0000000	0.0000000	0.0000000	0.0000000	0.0000000	0.0000000	0.0000000	0.0000000	0.0000000	0.0000000	0.0000000	0.0000000	0.0000000	0.0000000	0.0000000	0.0000000	0.0000000	0.0000000	0.0000000	0.0000000	0.0000000	0.0000000	0.0000000	0.0000000	0.0000000	0.0000000	0.0000000	0.0000000	0.0000000	0.0000000	0.0000000	0.0000000	0.0000000	0.0000000	0.0000000	0.0000000	0.0000000	0.0000000	7.4300328e-08	1.2021186e-05	0.00095327413	0.040151825	0.90362706	10.842541	69.381366	249.79709	590.42942	1074.8684	1675.7484	2428.1158	3242.3591	4017.1578	4620.8054	4907.9304	4757.8829	4134.4222	3140.1350	2018.4653	1055.9178	432.07984	134.69275	32.438450	6.5740356	1.2052921	0.21414675	0.038418733	0.0071076817	0.0013639328	0.00027182249	5.4223151e-05	0.0000000	0.0000000	0.0000000	0.0000000	0.0000000	0.0000000	0.0000000	0.0000000	0.0000000
17.0510	0.0000000	0.0000000	0.0000000	0.0000000	0.0000000	0.0000000	0.0000000	0.0000000	0.0000000	0.0000000	0.0000000	0.0000000	0.0000000	0.0000000	0.0000000	0.0000000	0.0000000	0.0000000	0.0000000	0.0000000	0.0000000	0.0000000	0.0000000	0.0000000	0.0000000	0.0000000	0.0000000	0.0000000	0.0000000	0.0000000	0.0000000	0.0000000	0.0000000	0.0000000	0.0000000	0.0000000	0.0000000	0.0000000	0.0000000	0.0000000	1.6165743e-07	2.2463496e-05	0.0015431491	0.057118791	1.1553306	12.852787	79.467405	284.40721	667.34255	1201.7891	1844.3778	2540.4129	3213.9625	3769.7770	4102.8851	4122.4791	3781.7271	3111.6402	2239.7650	1365.9871	678.76215	264.11566	78.389265	18.006089	3.4254032	0.59006991	0.098781358	0.016751036	0.0029395312	0.00053704454	0.00010226562	1.9556710e-05	0.0000000	0.0000000	0.0000000	0.0000000	0.0000000	0.0000000	0.0000000	0.0000000	0.0000000
17.0960	0.0000000	0.0000000	0.0000000	0.0000000	0.0000000	0.0000000	0.0000000	0.0000000	0.0000000	0.0000000	0.0000000	0.0000000	0.0000000	0.0000000	0.0000000	0.0000000	0.0000000	0.0000000	0.0000000	0.0000000	0.0000000	0.0000000	0.0000000	0.0000000	0.0000000	0.0000000	0.0000000	0.0000000	0.0000000	0.0000000	0.0000000	0.0000000	0.0000000	0.0000000	0.0000000	0.0000000	0.0000000	0.0000000	0.0000000	0.0000000	1.8998433e-07	2.6291152e-05	0.0017859356	0.065066452	1.2923158	14.092619	85.262226	297.98014	681.38691	1193.7803	1780.5374	2383.6287	2933.2644	3348.4997	3547.9877	3470.5285	3097.9087	2478.1797	1731.7856	1023.3574	491.65018	184.57414	52.755113	11.653246	2.1299821	0.35244642	0.056701236	0.0092503901	0.0015641318	0.00027589261	5.0841809e-05	9.4314830e-06	0.0000000	0.0000000	0.0000000	0.0000000	0.0000000	0.0000000	0.0000000	0.0000000	0.0000000
16.7760	0.0000000	0.0000000	0.0000000	0.0000000	0.0000000	0.0000000	0.0000000	0.0000000	0.0000000	0.0000000	0.0000000	0.0000000	0.0000000	0.0000000	0.0000000	0.0000000	0.0000000	0.0000000	0.0000000	0.0000000	0.0000000	0.0000000	0.0000000	0.0000000	0.0000000	0.0000000	0.0000000	0.0000000	0.0000000	0.0000000	0.0000000	0.0000000	0.0000000	0.0000000	0.0000000	0.0000000	0.0000000	0.0000000	0.0000000	0.0000000	1.1199290e-07	1.5660064e-05	0.0010733260	0.039419997	0.78956940	8.6975595	53.304802	189.45672	442.50758	795.11954	1249.0258	1793.9177	2367.1440	2892.1586	3271.6411	3405.9824	3223.9698	2723.4798	2001.3432	1239.3920	622.40674	243.76358	72.559990	16.664228	3.1613824	0.54199240	0.090172726	0.015184490	0.0026453802	0.00047996920	9.0845489e-05	1.7283065e-05	0.0000000	0.0000000	0.0000000	0.0000000	0.0000000	0.0000000	0.0000000	0.0000000	0.0000000
15.2620	0.0000000	0.0000000	0.0000000	0.0000000	0.0000000	0.0000000	0.0000000	0.0000000	0.0000000	0.0000000	0.0000000	0.0000000	0.0000000	0.0000000	0.0000000	0.0000000	0.0000000	0.0000000	0.0000000	0.0000000	0.0000000	0.0000000	0.0000000	0.0000000	0.0000000	0.0000000	0.0000000	0.0000000	0.0000000	0.0000000	0.0000000	0.0000000	0.0000000	0.0000000	0.0000000	0.0000000	0.0000000	0.0000000	0.0000000	0.0000000	2.2660541e-08	3.5145291e-06	0.00026534327	0.010664903	0.23216620	2.7594446	18.117687	68.529681	169.35226	320.49582	516.57381	748.19774	997.80768	1236.7560	1425.6135	1520.0062	1481.7476	1296.8676	992.92879	643.33035	338.88003	139.36901	43.544888	10.474094	2.0748326	0.37023851	0.063901575	0.011126514	0.0019979243	0.00037248277	7.2260712e-05	1.4071328e-05	0.0000000	0.0000000	0.0000000	0.0000000	0.0000000	0.0000000	0.0000000	0.0000000	0.0000000
12.1240	0.0000000	0.0000000	0.0000000	0.0000000	0.0000000	0.0000000	0.0000000	0.0000000	0.0000000	0.0000000	0.0000000	0.0000000	0.0000000	0.0000000	0.0000000	0.0000000	0.0000000	0.0000000	0.0000000	0.0000000	0.0000000	0.0000000	0.0000000	0.0000000	0.0000000	0.0000000	0.0000000	0.0000000	0.0000000	0.0000000	0.0000000	0.0000000	0.0000000	0.0000000	0.0000000	0.0000000	0.0000000	0.0000000	0.0000000	0.0000000	1.4337107e-09	2.9103506e-07	2.8002554e-05	0.0013997530	0.037062132	0.52513273	4.0368180	17.589795	49.330552	104.41963	185.69773	292.97644	420.52905	554.76115	673.76114	750.13942	757.58933	682.22936	534.57756	353.13177	189.18641	79.027534	25.076980	6.1340418	1.2377123	0.22521480	0.039657955	0.0070447621	0.0012898370	0.00024493017	4.8304670e-05	9.5361193e-06	0.0000000	0.0000000	0.0000000	0.0000000	0.0000000	0.0000000	0.0000000	0.0000000	0.0000000
12.2640	0.0000000	0.0000000	0.0000000	0.0000000	0.0000000	0.0000000	0.0000000	0.0000000	0.0000000	0.0000000	0.0000000	0.0000000	0.0000000	0.0000000	0.0000000	0.0000000	0.0000000	0.0000000	0.0000000	0.0000000	0.0000000	0.0000000	0.0000000	0.0000000	0.0000000	0.0000000	0.0000000	0.0000000	0.0000000	0.0000000	0.0000000	0.0000000	0.0000000	0.0000000	0.0000000	0.0000000	0.0000000	0.0000000	0.0000000	0.0000000	1.6071472e-09	3.2056472e-07	3.0283627e-05	0.0014863443	0.038666555	0.53880286	4.0772370	17.498363	48.359699	100.98983	177.38690	276.71155	393.14297	513.94538	619.01171	683.67823	684.88249	611.46591	474.64557	310.38888	164.54631	68.012316	21.361165	5.1747700	1.0348379	0.18675199	0.032638655	0.0057590236	0.0010483114	0.00019811598	3.8931881e-05	7.6688988e-06	0.0000000	0.0000000	0.0000000	0.0000000	0.0000000	0.0000000	0.0000000	0.0000000	0.0000000
13.8250	0.0000000	0.0000000	0.0000000	0.0000000	0.0000000	0.0000000	0.0000000	0.0000000	0.0000000	0.0000000	0.0000000	0.0000000	0.0000000	0.0000000	0.0000000	0.0000000	0.0000000	0.0000000	0.0000000	0.0000000	0.0000000	0.0000000	0.0000000	0.0000000	0.0000000	0.0000000	0.0000000	0.0000000	0.0000000	0.0000000	0.0000000	0.0000000	0.0000000	0.0000000	0.0000000	0.0000000	0.0000000	0.0000000	0.0000000	0.0000000	2.6618841e-09	4.4061539e-07	3.5805425e-05	0.0015479074	0.036272309	0.46457899	3.2870193	13.362705	35.282093	70.866159	121.13193	186.17708	262.56843	343.33260	416.69606	466.56703	475.94292	433.89854	344.33683	230.17625	124.65921	52.596229	16.846603	4.1572336	0.84596089	0.15522974	0.027560961	0.0049345220	0.00091012863	0.00017402451	3.4545576e-05	6.8621097e-06	0.0000000	0.0000000	0.0000000	0.0000000	0.0000000	0.0000000	0.0000000	0.0000000	0.0000000
15.4530	0.0000000	0.0000000	0.0000000	0.0000000	0.0000000	0.0000000	0.0000000	0.0000000	0.0000000	0.0000000	0.0000000	0.0000000	0.0000000	0.0000000	0.0000000	0.0000000	0.0000000	0.0000000	0.0000000	0.0000000	0.0000000	0.0000000	0.0000000	0.0000000	0.0000000	0.0000000	0.0000000	0.0000000	0.0000000	0.0000000	0.0000000	0.0000000	0.0000000	0.0000000	0.0000000	0.0000000	0.0000000	0.0000000	0.0000000	0.0000000	8.1810174e-09	1.2445479e-06	9.2077209e-05	0.0036218346	0.077055910	0.89390383	5.7205723	21.053097	50.503412	92.515565	143.86073	200.26170	255.65606	302.01815	330.29446	329.02055	298.17771	241.73240	170.96488	102.15828	49.613808	18.831306	5.4431957	1.2162206	0.22488467	0.037639491	0.0061220876	0.0010090064	0.00017218877	3.0613920e-05	5.6774145e-06	1.0581703e-06	0.0000000	0.0000000	0.0000000	0.0000000	0.0000000	0.0000000	0.0000000	0.0000000	0.0000000
11.2500	0.0000000	0.0000000	0.0000000	0.0000000	0.0000000	0.0000000	0.0000000	0.0000000	0.0000000	0.0000000	0.0000000	0.0000000	0.0000000	0.0000000	0.0000000	0.0000000	0.0000000	0.0000000	0.0000000	0.0000000	0.0000000	0.0000000	0.0000000	0.0000000	0.0000000	0.0000000	0.0000000	0.0000000	0.0000000	0.0000000	0.0000000	0.0000000	0.0000000	0.0000000	0.0000000	0.0000000	0.0000000	0.0000000	0.0000000	0.0000000	3.2555938e-10	7.2393647e-08	7.4923256e-06	0.00039672192	0.010988028	0.16122357	1.2733583	5.6672901	16.176804	34.809083	62.924265	100.94173	147.37510	197.83025	244.49977	276.96553	284.48532	260.39343	207.21578	138.88617	75.425662	31.912296	10.249250	2.5358377	0.51730074	0.095128781	0.016921350	0.0030346988	0.00056059014	0.00010732335	2.1322045e-05	4.2364710e-06	0.0000000	0.0000000	0.0000000	0.0000000	0.0000000	0.0000000	0.0000000	0.0000000	0.0000000
11.1290	0.0000000	0.0000000	0.0000000	0.0000000	0.0000000	0.0000000	0.0000000	0.0000000	0.0000000	0.0000000	0.0000000	0.0000000	0.0000000	0.0000000	0.0000000	0.0000000	0.0000000	0.0000000	0.0000000	0.0000000	0.0000000	0.0000000	0.0000000	0.0000000	0.0000000	0.0000000	0.0000000	0.0000000	0.0000000	0.0000000	0.0000000	0.0000000	0.0000000	0.0000000	0.0000000	0.0000000	0.0000000	0.0000000	0.0000000	0.0000000	2.2360318e-10	5.0561698e-08	5.3300810e-06	0.00028782574	0.0081358677	0.12184997	0.98186130	4.4528643	12.925180	28.208057	51.557525	83.375287	122.38799	164.80250	203.91115	230.83741	236.57955	215.77134	170.89430	113.89102	61.457063	25.825128	8.2361497	2.0235743	0.41003399	0.074931895	0.013252592	0.0023643024	0.00043464748	8.2841755e-05	1.6390270e-05	3.2440292e-06	0.0000000	0.0000000	0.0000000	0.0000000	0.0000000	0.0000000	0.0000000	0.0000000	0.0000000
16.3360	0.0000000	0.0000000	0.0000000	0.0000000	0.0000000	0.0000000	0.0000000	0.0000000	0.0000000	0.0000000	0.0000000	0.0000000	0.0000000	0.0000000	0.0000000	0.0000000	0.0000000	0.0000000	0.0000000	0.0000000	0.0000000	0.0000000	0.0000000	0.0000000	0.0000000	0.0000000	0.0000000	0.0000000	0.0000000	0.0000000	0.0000000	0.0000000	0.0000000	0.0000000	0.0000000	0.0000000	0.0000000	0.0000000	0.0000000	0.0000000	3.2348403e-09	4.5390263e-07	3.1483602e-05	0.0011678942	0.023591957	0.26168114	1.6109867	5.7338408	13.364621	23.874981	36.324750	49.629473	62.369381	72.770425	78.961225	81.276013	76.806176	65.432196	48.849062	30.716834	15.538033	6.0380999	1.7430646	0.37560257	0.064001570	0.010651837	0.0017695230	0.00029790700	5.1927911e-05	9.4281448e-06	1.7848423e-06	3.3940515e-07	0.0000000	0.0000000	0.0000000	0.0000000	0.0000000	0.0000000	0.0000000	0.0000000	0.0000000
13.8900	0.0000000	0.0000000	0.0000000	0.0000000	0.0000000	0.0000000	0.0000000	0.0000000	0.0000000	0.0000000	0.0000000	0.0000000	0.0000000	0.0000000	0.0000000	0.0000000	0.0000000	0.0000000	0.0000000	0.0000000	0.0000000	0.0000000	0.0000000	0.0000000	0.0000000	0.0000000	0.0000000	0.0000000	0.0000000	0.0000000	0.0000000	0.0000000	0.0000000	0.0000000	0.0000000	0.0000000	0.0000000	0.0000000	0.0000000	0.0000000	1.1456186e-09	1.8545076e-07	1.4538477e-05	0.00060548235	0.013658997	0.16838941	1.1465120	4.4810570	11.347729	21.797329	35.350687	51.135650	67.732536	83.131146	94.786785	99.873311	96.092661	82.853321	62.354677	39.625534	20.450575	8.2425895	2.5284261	0.59916647	0.11741513	0.020808805	0.0035794836	0.00062298388	0.00011206145	2.0956083e-05	4.0779990e-06	7.9550336e-07	0.0000000	0.0000000	0.0000000	0.0000000	0.0000000	0.0000000	0.0000000	0.0000000	0.0000000
16.0040	0.0000000	0.0000000	0.0000000	0.0000000	0.0000000	0.0000000	0.0000000	0.0000000	0.0000000	0.0000000	0.0000000	0.0000000	0.0000000	0.0000000	0.0000000	0.0000000	0.0000000	0.0000000	0.0000000	0.0000000	0.0000000	0.0000000	0.0000000	0.0000000	0.0000000	0.0000000	0.0000000	0.0000000	0.0000000	0.0000000	0.0000000	0.0000000	0.0000000	0.0000000	0.0000000	0.0000000	0.0000000	0.0000000	0.0000000	0.0000000	2.5303434e-09	3.6933118e-07	2.6124025e-05	0.00097561541	0.019520767	0.21102599	1.2553576	4.3243277	10.248420	18.609918	28.765947	41.689013	59.380876	79.940077	89.218447	90.422486	83.687272	69.455920	50.385076	30.926719	15.442623	6.0288126	1.7926457	0.41210515	0.078406612	0.013502088	0.0022593409	0.00038306098	6.7235378e-05	1.2291051e-05	2.3423599e-06	4.4827828e-07	0.0000000	0.0000000	0.0000000	0.0000000	0.0000000	0.0000000	0.0000000	0.0000000	0.0000000
10.7700	0.0000000	0.0000000	0.0000000	0.0000000	0.0000000	0.0000000	0.0000000	0.0000000	0.0000000	0.0000000	0.0000000	0.0000000	0.0000000	0.0000000	0.0000000	0.0000000	0.0000000	0.0000000	0.0000000	0.0000000	0.0000000	0.0000000	0.0000000	0.0000000	0.0000000	0.0000000	0.0000000	0.0000000	0.0000000	0.0000000	0.0000000	0.0000000	0.0000000	0.0000000	0.0000000	0.0000000	0.0000000	0.0000000	0.0000000	0.0000000	1.0291952e-10	2.4043805e-08	2.6173413e-06	0.00014598198	0.0042645977	0.066046977	0.55038518	2.5789703	7.7156664	17.296617	32.374167	53.478491	80.045507	109.79539	138.34346	159.44640	166.28987	154.22002	124.08104	83.902785	45.880228	19.513835	6.2916615	1.5609896	0.31903612	0.058743089	0.010456326	0.0018754716	0.00034629801	6.6233911e-05	1.3139728e-05	2.6058090e-06	0.0000000	0.0000000	0.0000000	0.0000000	0.0000000	0.0000000	0.0000000	0.0000000	0.0000000
10.6570	0.0000000	0.0000000	0.0000000	0.0000000	0.0000000	0.0000000	0.0000000	0.0000000	0.0000000	0.0000000	0.0000000	0.0000000	0.0000000	0.0000000	0.0000000	0.0000000	0.0000000	0.0000000	0.0000000	0.0000000	0.0000000	0.0000000	0.0000000	0.0000000	0.0000000	0.0000000	0.0000000	0.0000000	0.0000000	0.0000000	0.0000000	0.0000000	0.0000000	0.0000000	0.0000000	0.0000000	0.0000000	0.0000000	0.0000000	0.0000000	5.4339937e-11	1.2982746e-08	1.4395247e-06	8.1477065e-05	0.0024074434	0.037597103	0.31504999	1.4812015	4.4408347	9.9718055	18.690944	30.916661	46.330662	63.602130	80.150896	92.321094	96.139700	88.945967	71.329419	48.039668	26.144703	11.057928	3.5423290	0.87242614	0.17684473	0.032275976	0.0056957287	0.0010136642	0.00018596653	3.5401635e-05	7.0044484e-06	1.3885550e-06	0.0000000	0.0000000	0.0000000	0.0000000	0.0000000	0.0000000	0.0000000	0.0000000	0.0000000
12.6800	0.0000000	0.0000000	0.0000000	0.0000000	0.0000000	0.0000000	0.0000000	0.0000000	0.0000000	0.0000000	0.0000000	0.0000000	0.0000000	0.0000000	0.0000000	0.0000000	0.0000000	0.0000000	0.0000000	0.0000000	0.0000000	0.0000000	0.0000000	0.0000000	0.0000000	0.0000000	0.0000000	0.0000000	0.0000000	0.0000000	0.0000000	0.0000000	0.0000000	0.0000000	0.0000000	0.0000000	0.0000000	0.0000000	0.0000000	0.0000000	4.1179252e-10	7.2847196e-08	6.1890562e-06	0.00027749188	0.0066981114	0.087724297	0.62822582	2.5470728	6.6166775	12.934791	21.217286	30.917635	41.201482	50.896050	58.361379	61.768979	59.601615	51.428007	38.656771	24.522631	12.633589	5.0835871	1.5572909	0.36867141	0.072181524	0.012776979	0.0021941111	0.00038097052	6.8322986e-05	1.2731500e-05	2.4678463e-06	4.7952440e-07	0.0000000	0.0000000	0.0000000	0.0000000	0.0000000	0.0000000	0.0000000	0.0000000	0.0000000
11.0230	0.0000000	0.0000000	0.0000000	0.0000000	0.0000000	0.0000000	0.0000000	0.0000000	0.0000000	0.0000000	0.0000000	0.0000000	0.0000000	0.0000000	0.0000000	0.0000000	0.0000000	0.0000000	0.0000000	0.0000000	0.0000000	0.0000000	0.0000000	0.0000000	0.0000000	0.0000000	0.0000000	0.0000000	0.0000000	0.0000000	0.0000000	0.0000000	0.0000000	0.0000000	0.0000000	0.0000000	0.0000000	0.0000000	0.0000000	0.0000000	4.0381601e-11	9.2774275e-09	1.0010335e-06	5.5594355e-05	0.0016171431	0.024839154	0.20452093	0.94485198	2.7875549	6.1788412	11.485779	18.927777	28.360443	39.027693	49.376387	57.135629	59.830640	55.747659	45.112332	30.729581	16.958952	7.2895191	2.3764030	0.59600554	0.12303747	0.022859882	0.0041029911	0.00074178601	0.00013817671	2.6715703e-05	5.3725702e-06	1.0835005e-06	0.0000000	0.0000000	0.0000000	0.0000000	0.0000000	0.0000000	0.0000000	0.0000000	0.0000000
10.1150	0.0000000	0.0000000	0.0000000	0.0000000	0.0000000	0.0000000	0.0000000	0.0000000	0.0000000	0.0000000	0.0000000	0.0000000	0.0000000	0.0000000	0.0000000	0.0000000	0.0000000	0.0000000	0.0000000	0.0000000	0.0000000	0.0000000	0.0000000	0.0000000	0.0000000	0.0000000	0.0000000	0.0000000	0.0000000	0.0000000	0.0000000	0.0000000	0.0000000	0.0000000	0.0000000	0.0000000	0.0000000	0.0000000	0.0000000	0.0000000	5.0099101e-12	1.2955241e-09	1.5478784e-07	9.4049199e-06	0.00029730948	0.0049527461	0.044151324	0.22019482	0.69781568	1.6485908	3.2351391	5.5773789	8.6779082	12.331172	16.050257	19.064183	20.442088	19.445441	16.008128	11.048168	6.1521019	2.6611410	0.87232716	0.22013600	0.045807641	0.0086001009	0.0015632240	0.00028661779	5.4137541e-05	1.0597012e-05	2.1521458e-06	4.3701355e-07	0.0000000	0.0000000	0.0000000	0.0000000	0.0000000	0.0000000	0.0000000	0.0000000	0.0000000
