# DO NOT EDIT: written Thu Mar 14 18:48:37 2019 by wrt_emiss_fe17.pro
# faked emissivities [1e-23 ergs cm^3/s] for Fe17 lines from Del Zanna 2011, A&A 536, A59
# emissivities include ion balance, but not abundance, and are spline and ion balance jittered off of emiss_Fe17_00000.txt
# line 6 -- SEED, LOGT
# lines 7+ -- WVL, EMISSIVITY
      200208	4.00	4.05	4.10	4.15	4.20	4.25	4.30	4.35	4.40	4.45	4.50	4.55	4.60	4.65	4.70	4.75	4.80	4.85	4.90	4.95	5.00	5.05	5.10	5.15	5.20	5.25	5.30	5.35	5.40	5.45	5.50	5.55	5.60	5.65	5.70	5.75	5.80	5.85	5.90	5.95	6.00	6.05	6.10	6.15	6.20	6.25	6.30	6.35	6.40	6.45	6.50	6.55	6.60	6.65	6.70	6.75	6.80	6.85	6.90	6.95	7.00	7.05	7.10	7.15	7.20	7.25	7.30	7.35	7.40	7.45	7.50	7.55	7.60	7.65	7.70	7.75	7.80	7.85	7.90	7.95	8.00
15.0130	0.0000000	0.0000000	0.0000000	0.0000000	0.0000000	0.0000000	0.0000000	0.0000000	0.0000000	0.0000000	0.0000000	0.0000000	0.0000000	0.0000000	0.0000000	0.0000000	0.0000000	0.0000000	0.0000000	0.0000000	0.0000000	0.0000000	0.0000000	0.0000000	0.0000000	0.0000000	0.0000000	0.0000000	0.0000000	0.0000000	0.0000000	0.0000000	0.0000000	0.0000000	0.0000000	0.0000000	0.0000000	0.0000000	0.0000000	0.0000000	2.7850491e-08	5.5598065e-06	0.00048219284	0.022948511	0.60202210	8.5690615	64.481224	262.99131	673.26417	1296.2158	2108.5460	3069.2222	4103.1200	5089.9139	5865.6883	6248.4665	6083.8075	5318.2780	4069.7531	2638.7825	1392.7623	574.42699	180.06717	43.485824	8.6582790	1.5549394	0.27045317	0.047503423	0.0086100597	0.0016204144	0.00031718045	6.3709347e-05	0.0000000	0.0000000	0.0000000	0.0000000	0.0000000	0.0000000	0.0000000	0.0000000	0.0000000
17.0510	0.0000000	0.0000000	0.0000000	0.0000000	0.0000000	0.0000000	0.0000000	0.0000000	0.0000000	0.0000000	0.0000000	0.0000000	0.0000000	0.0000000	0.0000000	0.0000000	0.0000000	0.0000000	0.0000000	0.0000000	0.0000000	0.0000000	0.0000000	0.0000000	0.0000000	0.0000000	0.0000000	0.0000000	0.0000000	0.0000000	0.0000000	0.0000000	0.0000000	0.0000000	0.0000000	0.0000000	0.0000000	0.0000000	0.0000000	0.0000000	6.6542361e-08	1.1719411e-05	0.00090931781	0.039169529	0.93800109	12.270236	85.325319	323.21290	772.15081	1393.5554	2133.6639	2933.1426	3713.2734	4371.4070	4754.6686	4713.0617	4252.5447	3426.8579	2401.0682	1413.4683	674.43237	259.76756	82.046098	20.785331	4.2397513	0.76127134	0.12806270	0.021682393	0.0037968722	0.00069192561	0.00012924997	2.4692053e-05	0.0000000	0.0000000	0.0000000	0.0000000	0.0000000	0.0000000	0.0000000	0.0000000	0.0000000
17.0960	0.0000000	0.0000000	0.0000000	0.0000000	0.0000000	0.0000000	0.0000000	0.0000000	0.0000000	0.0000000	0.0000000	0.0000000	0.0000000	0.0000000	0.0000000	0.0000000	0.0000000	0.0000000	0.0000000	0.0000000	0.0000000	0.0000000	0.0000000	0.0000000	0.0000000	0.0000000	0.0000000	0.0000000	0.0000000	0.0000000	0.0000000	0.0000000	0.0000000	0.0000000	0.0000000	0.0000000	0.0000000	0.0000000	0.0000000	0.0000000	5.7024515e-08	9.8916225e-06	0.00075581662	0.032085782	0.75882512	9.8190315	67.576774	253.14766	597.07168	1061.4873	1597.1507	2153.0751	2667.7341	3068.3002	3278.9957	3239.3297	2924.8844	2370.6553	1680.9583	1008.9107	492.32913	187.49231	54.216882	12.077220	2.2198809	0.36863074	0.059425974	0.0097021640	0.0016398553	0.00028878478	5.3068554e-05	1.0037332e-05	0.0000000	0.0000000	0.0000000	0.0000000	0.0000000	0.0000000	0.0000000	0.0000000	0.0000000
16.7760	0.0000000	0.0000000	0.0000000	0.0000000	0.0000000	0.0000000	0.0000000	0.0000000	0.0000000	0.0000000	0.0000000	0.0000000	0.0000000	0.0000000	0.0000000	0.0000000	0.0000000	0.0000000	0.0000000	0.0000000	0.0000000	0.0000000	0.0000000	0.0000000	0.0000000	0.0000000	0.0000000	0.0000000	0.0000000	0.0000000	0.0000000	0.0000000	0.0000000	0.0000000	0.0000000	0.0000000	0.0000000	0.0000000	0.0000000	0.0000000	4.4599058e-08	7.9142722e-06	0.00061444959	0.026331848	0.62522069	8.0880308	55.469436	206.57673	483.38293	850.81722	1264.2576	1680.0454	2143.8942	2539.3836	2795.1840	2845.1951	2648.4184	2214.6570	1622.0788	1007.1140	509.22324	201.27901	60.498911	14.022893	2.6836317	0.46406192	0.077873867	0.013224095	0.0023221480	0.00042424779	8.0741459e-05	1.5784932e-05	0.0000000	0.0000000	0.0000000	0.0000000	0.0000000	0.0000000	0.0000000	0.0000000	0.0000000
15.2620	0.0000000	0.0000000	0.0000000	0.0000000	0.0000000	0.0000000	0.0000000	0.0000000	0.0000000	0.0000000	0.0000000	0.0000000	0.0000000	0.0000000	0.0000000	0.0000000	0.0000000	0.0000000	0.0000000	0.0000000	0.0000000	0.0000000	0.0000000	0.0000000	0.0000000	0.0000000	0.0000000	0.0000000	0.0000000	0.0000000	0.0000000	0.0000000	0.0000000	0.0000000	0.0000000	0.0000000	0.0000000	0.0000000	0.0000000	0.0000000	7.8782558e-09	1.5545016e-06	0.00013320180	0.0062605359	0.16208753	2.2744177	16.850444	67.625400	170.41626	323.38387	519.35530	747.82603	990.83300	1220.2299	1398.1162	1482.7278	1438.8758	1254.8975	958.88375	621.28920	327.91164	135.32341	42.468407	10.273038	2.0499243	0.36916052	0.064421927	0.011359538	0.0020682098	0.00039122866	7.7019441e-05	1.5568156e-05	0.0000000	0.0000000	0.0000000	0.0000000	0.0000000	0.0000000	0.0000000	0.0000000	0.0000000
12.1240	0.0000000	0.0000000	0.0000000	0.0000000	0.0000000	0.0000000	0.0000000	0.0000000	0.0000000	0.0000000	0.0000000	0.0000000	0.0000000	0.0000000	0.0000000	0.0000000	0.0000000	0.0000000	0.0000000	0.0000000	0.0000000	0.0000000	0.0000000	0.0000000	0.0000000	0.0000000	0.0000000	0.0000000	0.0000000	0.0000000	0.0000000	0.0000000	0.0000000	0.0000000	0.0000000	0.0000000	0.0000000	0.0000000	0.0000000	0.0000000	5.3716691e-10	1.3726049e-07	1.4814255e-05	0.00085515117	0.026579399	0.43870259	3.7540380	17.117903	48.282790	101.12529	176.98459	274.51894	387.78367	504.57066	606.30445	670.51187	675.81147	610.64648	482.89705	323.84492	177.11638	75.901179	24.810613	6.2767738	1.3157408	0.24936740	0.045717878	0.0084285344	0.0015841555	0.00030045853	5.9200364e-05	1.1953279e-05	0.0000000	0.0000000	0.0000000	0.0000000	0.0000000	0.0000000	0.0000000	0.0000000	0.0000000
12.2640	0.0000000	0.0000000	0.0000000	0.0000000	0.0000000	0.0000000	0.0000000	0.0000000	0.0000000	0.0000000	0.0000000	0.0000000	0.0000000	0.0000000	0.0000000	0.0000000	0.0000000	0.0000000	0.0000000	0.0000000	0.0000000	0.0000000	0.0000000	0.0000000	0.0000000	0.0000000	0.0000000	0.0000000	0.0000000	0.0000000	0.0000000	0.0000000	0.0000000	0.0000000	0.0000000	0.0000000	0.0000000	0.0000000	0.0000000	0.0000000	4.7842385e-10	1.2096146e-07	1.2985831e-05	0.00074955956	0.023411744	0.38998770	3.3794270	15.639359	44.821464	95.441581	169.85539	267.87197	384.58454	508.24270	619.25510	692.37585	702.54721	635.53559	499.74434	330.70313	176.97575	73.546283	23.119167	5.5840096	1.1110889	0.19951438	0.034728828	0.0061101609	0.0011103843	0.00020973330	4.1235365e-05	8.3240454e-06	0.0000000	0.0000000	0.0000000	0.0000000	0.0000000	0.0000000	0.0000000	0.0000000	0.0000000
13.8250	0.0000000	0.0000000	0.0000000	0.0000000	0.0000000	0.0000000	0.0000000	0.0000000	0.0000000	0.0000000	0.0000000	0.0000000	0.0000000	0.0000000	0.0000000	0.0000000	0.0000000	0.0000000	0.0000000	0.0000000	0.0000000	0.0000000	0.0000000	0.0000000	0.0000000	0.0000000	0.0000000	0.0000000	0.0000000	0.0000000	0.0000000	0.0000000	0.0000000	0.0000000	0.0000000	0.0000000	0.0000000	0.0000000	0.0000000	0.0000000	1.1041270e-09	2.3187396e-07	2.1177084e-05	0.0010643581	0.029589375	0.44752678	3.5812252	15.505537	41.938944	84.876186	144.54865	219.64871	306.03573	395.46796	474.77077	526.58663	533.08453	483.30514	382.21361	255.06216	138.03642	58.187386	18.594782	4.5699573	0.92508601	0.16882913	0.029831660	0.0053215392	0.00097918006	0.00018695391	3.7079190e-05	7.5321074e-06	0.0000000	0.0000000	0.0000000	0.0000000	0.0000000	0.0000000	0.0000000	0.0000000	0.0000000
15.4530	0.0000000	0.0000000	0.0000000	0.0000000	0.0000000	0.0000000	0.0000000	0.0000000	0.0000000	0.0000000	0.0000000	0.0000000	0.0000000	0.0000000	0.0000000	0.0000000	0.0000000	0.0000000	0.0000000	0.0000000	0.0000000	0.0000000	0.0000000	0.0000000	0.0000000	0.0000000	0.0000000	0.0000000	0.0000000	0.0000000	0.0000000	0.0000000	0.0000000	0.0000000	0.0000000	0.0000000	0.0000000	0.0000000	0.0000000	0.0000000	3.1367783e-09	5.9739769e-07	4.9553013e-05	0.0022589533	0.056799958	0.77463715	5.5783983	21.740394	53.086192	97.298977	150.38504	207.59357	262.66619	305.89008	328.08232	323.99780	291.29884	234.21255	164.32972	97.628464	47.326787	18.017275	5.2391123	1.1788816	0.21954986	0.036995024	0.0060506655	0.0010005291	0.00017073198	3.0210835e-05	5.5473281e-06	1.0471708e-06	0.0000000	0.0000000	0.0000000	0.0000000	0.0000000	0.0000000	0.0000000	0.0000000	0.0000000
11.2500	0.0000000	0.0000000	0.0000000	0.0000000	0.0000000	0.0000000	0.0000000	0.0000000	0.0000000	0.0000000	0.0000000	0.0000000	0.0000000	0.0000000	0.0000000	0.0000000	0.0000000	0.0000000	0.0000000	0.0000000	0.0000000	0.0000000	0.0000000	0.0000000	0.0000000	0.0000000	0.0000000	0.0000000	0.0000000	0.0000000	0.0000000	0.0000000	0.0000000	0.0000000	0.0000000	0.0000000	0.0000000	0.0000000	0.0000000	0.0000000	8.6272743e-11	2.4680542e-08	2.9634953e-06	0.00018940860	0.0064954667	0.11800048	1.1092660	5.5445320	17.102037	39.064392	74.318668	124.82738	185.05378	250.20804	311.13505	354.43003	366.07625	337.02821	269.85288	182.00660	99.405661	42.226959	13.578510	3.3531620	0.68107145	0.12452509	0.022008569	0.0039210979	0.00071972015	0.00013696713	2.6655134e-05	4.9441137e-06	0.0000000	0.0000000	0.0000000	0.0000000	0.0000000	0.0000000	0.0000000	0.0000000	0.0000000
11.1290	0.0000000	0.0000000	0.0000000	0.0000000	0.0000000	0.0000000	0.0000000	0.0000000	0.0000000	0.0000000	0.0000000	0.0000000	0.0000000	0.0000000	0.0000000	0.0000000	0.0000000	0.0000000	0.0000000	0.0000000	0.0000000	0.0000000	0.0000000	0.0000000	0.0000000	0.0000000	0.0000000	0.0000000	0.0000000	0.0000000	0.0000000	0.0000000	0.0000000	0.0000000	0.0000000	0.0000000	0.0000000	0.0000000	0.0000000	0.0000000	5.8547800e-11	1.7040338e-08	2.0757212e-06	0.00013420436	0.0046399635	0.084622054	0.79480175	3.9508423	12.064412	27.165012	50.738832	83.343976	123.65377	167.48035	207.43655	234.24846	239.00732	216.88663	171.01044	113.63723	61.235081	25.697560	8.1714500	1.9968460	0.40156163	0.072742885	0.012749002	0.0022547409	0.00041133678	7.7916606e-05	1.5352046e-05	3.1043946e-06	0.0000000	0.0000000	0.0000000	0.0000000	0.0000000	0.0000000	0.0000000	0.0000000	0.0000000
16.3360	0.0000000	0.0000000	0.0000000	0.0000000	0.0000000	0.0000000	0.0000000	0.0000000	0.0000000	0.0000000	0.0000000	0.0000000	0.0000000	0.0000000	0.0000000	0.0000000	0.0000000	0.0000000	0.0000000	0.0000000	0.0000000	0.0000000	0.0000000	0.0000000	0.0000000	0.0000000	0.0000000	0.0000000	0.0000000	0.0000000	0.0000000	0.0000000	0.0000000	0.0000000	0.0000000	0.0000000	0.0000000	0.0000000	0.0000000	0.0000000	1.1559472e-09	2.0806672e-07	1.6425103e-05	0.00071731578	0.017406863	0.23083808	1.6270314	6.2416730	15.077468	27.444932	42.268357	58.303748	73.888164	86.891307	94.900652	95.748346	88.212003	72.866555	52.613432	32.156833	15.994629	6.2195598	1.8405233	0.42067837	0.079571075	0.013632903	0.0022710548	0.00038336926	6.6975720e-05	1.2181668e-05	2.3091717e-06	4.4977468e-07	0.0000000	0.0000000	0.0000000	0.0000000	0.0000000	0.0000000	0.0000000	0.0000000	0.0000000
13.8900	0.0000000	0.0000000	0.0000000	0.0000000	0.0000000	0.0000000	0.0000000	0.0000000	0.0000000	0.0000000	0.0000000	0.0000000	0.0000000	0.0000000	0.0000000	0.0000000	0.0000000	0.0000000	0.0000000	0.0000000	0.0000000	0.0000000	0.0000000	0.0000000	0.0000000	0.0000000	0.0000000	0.0000000	0.0000000	0.0000000	0.0000000	0.0000000	0.0000000	0.0000000	0.0000000	0.0000000	0.0000000	0.0000000	0.0000000	0.0000000	3.7918167e-10	7.7862786e-08	6.9377755e-06	0.00033958191	0.0091829472	0.13499028	1.0488628	4.4010211	11.495747	22.373734	36.495562	52.924594	70.167774	86.133322	98.187380	103.42575	99.496005	85.805893	64.621207	41.108391	21.231175	8.5520997	2.6155695	0.61633724	0.11987293	0.021066928	0.0035935573	0.00062052073	0.00011084850	2.0611599e-05	3.9943480e-06	7.9552218e-07	0.0000000	0.0000000	0.0000000	0.0000000	0.0000000	0.0000000	0.0000000	0.0000000	0.0000000
16.0040	0.0000000	0.0000000	0.0000000	0.0000000	0.0000000	0.0000000	0.0000000	0.0000000	0.0000000	0.0000000	0.0000000	0.0000000	0.0000000	0.0000000	0.0000000	0.0000000	0.0000000	0.0000000	0.0000000	0.0000000	0.0000000	0.0000000	0.0000000	0.0000000	0.0000000	0.0000000	0.0000000	0.0000000	0.0000000	0.0000000	0.0000000	0.0000000	0.0000000	0.0000000	0.0000000	0.0000000	0.0000000	0.0000000	0.0000000	0.0000000	7.2848462e-10	1.3376479e-07	1.0727330e-05	0.00047336755	0.011532787	0.15260713	1.0683625	4.0635270	9.9414017	18.315236	28.528334	39.768184	50.895846	60.414836	66.609911	67.894847	63.273891	52.952105	38.783478	24.057918	12.140971	4.7849285	1.4328663	0.33078215	0.063053336	0.011372716	0.0020170757	0.00036447184	6.7708879e-05	1.2935128e-05	2.5404284e-06	4.9718946e-07	0.0000000	0.0000000	0.0000000	0.0000000	0.0000000	0.0000000	0.0000000	0.0000000	0.0000000
10.7700	0.0000000	0.0000000	0.0000000	0.0000000	0.0000000	0.0000000	0.0000000	0.0000000	0.0000000	0.0000000	0.0000000	0.0000000	0.0000000	0.0000000	0.0000000	0.0000000	0.0000000	0.0000000	0.0000000	0.0000000	0.0000000	0.0000000	0.0000000	0.0000000	0.0000000	0.0000000	0.0000000	0.0000000	0.0000000	0.0000000	0.0000000	0.0000000	0.0000000	0.0000000	0.0000000	0.0000000	0.0000000	0.0000000	0.0000000	0.0000000	4.0005378e-11	1.1843026e-08	1.4609722e-06	9.5314717e-05	0.0033162927	0.060749873	0.57219353	2.8468159	8.6765486	19.438871	36.053463	58.830729	87.016375	118.30993	148.56658	171.94685	181.31390	170.46499	138.77628	94.334484	51.342363	21.530127	6.7868544	1.6355422	0.32356416	0.057682189	0.0099792488	0.0017490076	0.00031734821	5.9981180e-05	1.1825220e-05	2.3981501e-06	0.0000000	0.0000000	0.0000000	0.0000000	0.0000000	0.0000000	0.0000000	0.0000000	0.0000000
10.6570	0.0000000	0.0000000	0.0000000	0.0000000	0.0000000	0.0000000	0.0000000	0.0000000	0.0000000	0.0000000	0.0000000	0.0000000	0.0000000	0.0000000	0.0000000	0.0000000	0.0000000	0.0000000	0.0000000	0.0000000	0.0000000	0.0000000	0.0000000	0.0000000	0.0000000	0.0000000	0.0000000	0.0000000	0.0000000	0.0000000	0.0000000	0.0000000	0.0000000	0.0000000	0.0000000	0.0000000	0.0000000	0.0000000	0.0000000	0.0000000	2.0349026e-11	5.9580644e-09	7.2024183e-07	4.5809397e-05	0.0015594335	0.028183430	0.26405149	1.3171840	4.0566762	9.2516841	17.574878	29.483624	44.864435	62.592300	80.178397	93.833703	99.233667	93.228796	75.926008	51.926796	28.676393	12.285705	3.9752839	0.98583115	0.20073272	0.036747456	0.0064988780	0.0011583958	0.00021275370	4.0526767e-05	8.0199648e-06	1.6265044e-06	0.0000000	0.0000000	0.0000000	0.0000000	0.0000000	0.0000000	0.0000000	0.0000000	0.0000000
12.6800	0.0000000	0.0000000	0.0000000	0.0000000	0.0000000	0.0000000	0.0000000	0.0000000	0.0000000	0.0000000	0.0000000	0.0000000	0.0000000	0.0000000	0.0000000	0.0000000	0.0000000	0.0000000	0.0000000	0.0000000	0.0000000	0.0000000	0.0000000	0.0000000	0.0000000	0.0000000	0.0000000	0.0000000	0.0000000	0.0000000	0.0000000	0.0000000	0.0000000	0.0000000	0.0000000	0.0000000	0.0000000	0.0000000	0.0000000	0.0000000	1.0828561e-10	2.4396276e-08	2.3640080e-06	0.00012495795	0.0036259021	0.056777144	0.46523836	2.0306183	5.4571917	10.844955	17.959535	26.350191	35.324984	43.899850	50.669607	54.030386	52.589457	45.836493	34.846525	22.377726	11.670752	4.7483549	1.4671316	0.34928880	0.068607948	0.012165033	0.0020907086	0.00036311044	6.5117808e-05	1.2131127e-05	2.3505980e-06	4.6720979e-07	0.0000000	0.0000000	0.0000000	0.0000000	0.0000000	0.0000000	0.0000000	0.0000000	0.0000000
11.0230	0.0000000	0.0000000	0.0000000	0.0000000	0.0000000	0.0000000	0.0000000	0.0000000	0.0000000	0.0000000	0.0000000	0.0000000	0.0000000	0.0000000	0.0000000	0.0000000	0.0000000	0.0000000	0.0000000	0.0000000	0.0000000	0.0000000	0.0000000	0.0000000	0.0000000	0.0000000	0.0000000	0.0000000	0.0000000	0.0000000	0.0000000	0.0000000	0.0000000	0.0000000	0.0000000	0.0000000	0.0000000	0.0000000	0.0000000	0.0000000	1.3247232e-11	3.8762069e-09	4.7722080e-07	3.1268529e-05	0.0010944967	0.020125115	0.18988158	0.94591370	2.8922381	6.5296529	12.278768	20.415972	30.838790	42.785566	54.604276	63.800184	67.538818	63.654431	52.080323	35.805416	19.875062	8.5572643	2.7827082	0.69378495	0.14214916	0.026227966	0.0046869385	0.00084727832	0.00015874694	3.1095659e-05	6.3870590e-06	1.3539951e-06	0.0000000	0.0000000	0.0000000	0.0000000	0.0000000	0.0000000	0.0000000	0.0000000	0.0000000
10.1150	0.0000000	0.0000000	0.0000000	0.0000000	0.0000000	0.0000000	0.0000000	0.0000000	0.0000000	0.0000000	0.0000000	0.0000000	0.0000000	0.0000000	0.0000000	0.0000000	0.0000000	0.0000000	0.0000000	0.0000000	0.0000000	0.0000000	0.0000000	0.0000000	0.0000000	0.0000000	0.0000000	0.0000000	0.0000000	0.0000000	0.0000000	0.0000000	0.0000000	0.0000000	0.0000000	0.0000000	0.0000000	0.0000000	0.0000000	0.0000000	1.9359759e-12	6.3648800e-10	8.6253082e-08	6.1235641e-06	0.00022997874	0.0045160454	0.045328078	0.23911916	0.76944771	1.8125277	3.5210174	5.9934641	9.2033701	12.917788	16.636843	19.601887	20.908626	19.842842	16.341968	11.309578	6.3239636	2.7473198	0.90330833	0.22819695	0.047458919	0.0088969331	0.0016142683	0.00029546987	5.5736667e-05	1.0901716e-05	2.2139432e-06	4.6043861e-07	0.0000000	0.0000000	0.0000000	0.0000000	0.0000000	0.0000000	0.0000000	0.0000000	0.0000000
