# DO NOT EDIT: written Thu Mar 14 18:48:37 2019 by wrt_emiss_fe17.pro
# faked emissivities [1e-23 ergs cm^3/s] for Fe17 lines from Del Zanna 2011, A&A 536, A59
# emissivities include ion balance, but not abundance, and are spline and ion balance jittered off of emiss_Fe17_00000.txt
# line 6 -- SEED, LOGT
# lines 7+ -- WVL, EMISSIVITY
      124173	4.00	4.05	4.10	4.15	4.20	4.25	4.30	4.35	4.40	4.45	4.50	4.55	4.60	4.65	4.70	4.75	4.80	4.85	4.90	4.95	5.00	5.05	5.10	5.15	5.20	5.25	5.30	5.35	5.40	5.45	5.50	5.55	5.60	5.65	5.70	5.75	5.80	5.85	5.90	5.95	6.00	6.05	6.10	6.15	6.20	6.25	6.30	6.35	6.40	6.45	6.50	6.55	6.60	6.65	6.70	6.75	6.80	6.85	6.90	6.95	7.00	7.05	7.10	7.15	7.20	7.25	7.30	7.35	7.40	7.45	7.50	7.55	7.60	7.65	7.70	7.75	7.80	7.85	7.90	7.95	8.00
15.0130	0.0000000	0.0000000	0.0000000	0.0000000	0.0000000	0.0000000	0.0000000	0.0000000	0.0000000	0.0000000	0.0000000	0.0000000	0.0000000	0.0000000	0.0000000	0.0000000	0.0000000	0.0000000	0.0000000	0.0000000	0.0000000	0.0000000	0.0000000	0.0000000	0.0000000	0.0000000	0.0000000	0.0000000	0.0000000	0.0000000	0.0000000	0.0000000	0.0000000	0.0000000	0.0000000	0.0000000	0.0000000	0.0000000	0.0000000	0.0000000	8.5228018e-08	1.3322376e-05	0.0010172367	0.041153843	0.89744912	10.653826	70.036907	267.02158	668.24767	1281.9604	2091.4490	3056.8031	4097.7517	5084.7925	5845.3736	6192.8408	5977.8295	5164.2938	3894.4066	2482.9121	1287.4416	522.05867	161.30869	38.527768	7.6095856	1.3586907	0.23536543	0.041240584	0.0074671883	0.0014056050	0.00027547250	5.3954300e-05	0.0000000	0.0000000	0.0000000	0.0000000	0.0000000	0.0000000	0.0000000	0.0000000	0.0000000
17.0510	0.0000000	0.0000000	0.0000000	0.0000000	0.0000000	0.0000000	0.0000000	0.0000000	0.0000000	0.0000000	0.0000000	0.0000000	0.0000000	0.0000000	0.0000000	0.0000000	0.0000000	0.0000000	0.0000000	0.0000000	0.0000000	0.0000000	0.0000000	0.0000000	0.0000000	0.0000000	0.0000000	0.0000000	0.0000000	0.0000000	0.0000000	0.0000000	0.0000000	0.0000000	0.0000000	0.0000000	0.0000000	0.0000000	0.0000000	0.0000000	1.7665574e-07	2.3648661e-05	0.0016023853	0.058057845	1.1414777	12.284656	73.567751	256.76121	591.25633	1049.3285	1592.3605	2176.1429	2741.4004	3211.2767	3498.2030	3523.4625	3242.8689	2677.6123	1933.3276	1181.7008	587.99791	228.98518	67.999924	15.626344	2.9734755	0.51221466	0.085717388	0.014525173	0.0025461313	0.00046449849	8.8293755e-05	1.6778089e-05	0.0000000	0.0000000	0.0000000	0.0000000	0.0000000	0.0000000	0.0000000	0.0000000	0.0000000
17.0960	0.0000000	0.0000000	0.0000000	0.0000000	0.0000000	0.0000000	0.0000000	0.0000000	0.0000000	0.0000000	0.0000000	0.0000000	0.0000000	0.0000000	0.0000000	0.0000000	0.0000000	0.0000000	0.0000000	0.0000000	0.0000000	0.0000000	0.0000000	0.0000000	0.0000000	0.0000000	0.0000000	0.0000000	0.0000000	0.0000000	0.0000000	0.0000000	0.0000000	0.0000000	0.0000000	0.0000000	0.0000000	0.0000000	0.0000000	0.0000000	2.0504069e-07	2.8133784e-05	0.0019034075	0.068761570	1.3479748	14.462237	86.252054	299.14797	682.58121	1196.4023	1787.1276	2397.0720	2956.0193	3381.7784	3591.0180	3520.1005	3148.6422	2523.7703	1767.0773	1046.2835	503.76707	189.62276	54.379534	12.062109	2.2155284	0.36861723	0.059657288	0.0097948123	0.0016665769	0.00029540896	5.4563147e-05	1.0066630e-05	0.0000000	0.0000000	0.0000000	0.0000000	0.0000000	0.0000000	0.0000000	0.0000000	0.0000000
16.7760	0.0000000	0.0000000	0.0000000	0.0000000	0.0000000	0.0000000	0.0000000	0.0000000	0.0000000	0.0000000	0.0000000	0.0000000	0.0000000	0.0000000	0.0000000	0.0000000	0.0000000	0.0000000	0.0000000	0.0000000	0.0000000	0.0000000	0.0000000	0.0000000	0.0000000	0.0000000	0.0000000	0.0000000	0.0000000	0.0000000	0.0000000	0.0000000	0.0000000	0.0000000	0.0000000	0.0000000	0.0000000	0.0000000	0.0000000	0.0000000	1.5833484e-07	2.1876638e-05	0.0014879899	0.054015592	1.0646864	11.505702	69.316441	243.81871	566.68591	1015.8700	1557.2554	2148.4238	2727.5145	3213.7237	3516.5411	3554.2491	3280.2416	2715.0113	1965.1327	1204.3130	600.95203	234.72019	69.906547	16.108890	3.0730032	0.53055607	0.088966653	0.015102920	0.0026514530	0.00048429180	9.2130776e-05	1.7512288e-05	0.0000000	0.0000000	0.0000000	0.0000000	0.0000000	0.0000000	0.0000000	0.0000000	0.0000000
15.2620	0.0000000	0.0000000	0.0000000	0.0000000	0.0000000	0.0000000	0.0000000	0.0000000	0.0000000	0.0000000	0.0000000	0.0000000	0.0000000	0.0000000	0.0000000	0.0000000	0.0000000	0.0000000	0.0000000	0.0000000	0.0000000	0.0000000	0.0000000	0.0000000	0.0000000	0.0000000	0.0000000	0.0000000	0.0000000	0.0000000	0.0000000	0.0000000	0.0000000	0.0000000	0.0000000	0.0000000	0.0000000	0.0000000	0.0000000	0.0000000	2.8617399e-08	4.3992455e-06	0.00033092415	0.013206281	0.28426696	3.3302821	21.587653	81.109103	200.00062	378.17035	608.67583	879.03962	1166.4682	1434.9676	1636.8669	1721.2826	1648.7394	1412.8570	1056.5517	667.89450	343.37090	138.07168	42.317483	10.030872	1.9677812	0.34934899	0.060256472	0.010530520	0.0019059764	0.00035967821	7.0916991e-05	1.4021153e-05	0.0000000	0.0000000	0.0000000	0.0000000	0.0000000	0.0000000	0.0000000	0.0000000	0.0000000
12.1240	0.0000000	0.0000000	0.0000000	0.0000000	0.0000000	0.0000000	0.0000000	0.0000000	0.0000000	0.0000000	0.0000000	0.0000000	0.0000000	0.0000000	0.0000000	0.0000000	0.0000000	0.0000000	0.0000000	0.0000000	0.0000000	0.0000000	0.0000000	0.0000000	0.0000000	0.0000000	0.0000000	0.0000000	0.0000000	0.0000000	0.0000000	0.0000000	0.0000000	0.0000000	0.0000000	0.0000000	0.0000000	0.0000000	0.0000000	0.0000000	2.1057613e-09	4.1440569e-07	3.8555816e-05	0.0018471443	0.046539648	0.62510415	4.5704102	19.121124	51.955135	107.26926	186.98484	290.26577	411.23071	536.86218	646.67169	715.35166	718.82967	644.76290	503.60619	331.78224	177.35197	73.963108	23.450360	5.7362956	1.1583308	0.21104431	0.037225623	0.0066258811	0.0012158386	0.00023143453	4.5759481e-05	9.0194390e-06	0.0000000	0.0000000	0.0000000	0.0000000	0.0000000	0.0000000	0.0000000	0.0000000	0.0000000
12.2640	0.0000000	0.0000000	0.0000000	0.0000000	0.0000000	0.0000000	0.0000000	0.0000000	0.0000000	0.0000000	0.0000000	0.0000000	0.0000000	0.0000000	0.0000000	0.0000000	0.0000000	0.0000000	0.0000000	0.0000000	0.0000000	0.0000000	0.0000000	0.0000000	0.0000000	0.0000000	0.0000000	0.0000000	0.0000000	0.0000000	0.0000000	0.0000000	0.0000000	0.0000000	0.0000000	0.0000000	0.0000000	0.0000000	0.0000000	0.0000000	1.9542916e-09	3.9971475e-07	3.7736247e-05	0.0018214963	0.046400364	0.63129141	4.6750694	19.777395	54.204285	112.62481	197.19147	307.03263	435.93455	570.20421	687.96521	761.89448	765.89473	686.58384	535.38017	351.83499	187.51495	77.957944	24.641957	6.0110582	1.2107925	0.22008680	0.038731648	0.0068779896	0.0012591005	0.00023907922	4.6818523e-05	8.9580019e-06	0.0000000	0.0000000	0.0000000	0.0000000	0.0000000	0.0000000	0.0000000	0.0000000	0.0000000
13.8250	0.0000000	0.0000000	0.0000000	0.0000000	0.0000000	0.0000000	0.0000000	0.0000000	0.0000000	0.0000000	0.0000000	0.0000000	0.0000000	0.0000000	0.0000000	0.0000000	0.0000000	0.0000000	0.0000000	0.0000000	0.0000000	0.0000000	0.0000000	0.0000000	0.0000000	0.0000000	0.0000000	0.0000000	0.0000000	0.0000000	0.0000000	0.0000000	0.0000000	0.0000000	0.0000000	0.0000000	0.0000000	0.0000000	0.0000000	0.0000000	3.3676421e-09	5.5738971e-07	4.4993122e-05	0.0019255571	0.044495109	0.56046675	3.9088060	15.772728	41.568176	83.557281	142.32461	216.72839	302.55637	391.29783	469.42185	519.27729	523.16461	470.97294	369.08395	243.69379	130.43536	54.440372	17.272429	4.2287211	0.85514180	0.15619822	0.027654857	0.0049467290	0.00091312007	0.00017496608	3.4835799e-05	6.9138217e-06	0.0000000	0.0000000	0.0000000	0.0000000	0.0000000	0.0000000	0.0000000	0.0000000	0.0000000
15.4530	0.0000000	0.0000000	0.0000000	0.0000000	0.0000000	0.0000000	0.0000000	0.0000000	0.0000000	0.0000000	0.0000000	0.0000000	0.0000000	0.0000000	0.0000000	0.0000000	0.0000000	0.0000000	0.0000000	0.0000000	0.0000000	0.0000000	0.0000000	0.0000000	0.0000000	0.0000000	0.0000000	0.0000000	0.0000000	0.0000000	0.0000000	0.0000000	0.0000000	0.0000000	0.0000000	0.0000000	0.0000000	0.0000000	0.0000000	0.0000000	1.0992736e-08	1.6309596e-06	0.00011814089	0.0045300055	0.093148013	1.0118892	6.0493848	20.881335	47.463353	83.758566	127.89574	177.06584	226.02857	266.68453	290.33071	290.18925	263.37119	213.27941	150.34768	89.386696	43.137902	16.258581	4.6659379	1.0353959	0.19023896	0.031662990	0.0051263381	0.00084210757	0.00014346871	2.5516778e-05	4.7449840e-06	8.8487971e-07	0.0000000	0.0000000	0.0000000	0.0000000	0.0000000	0.0000000	0.0000000	0.0000000	0.0000000
11.2500	0.0000000	0.0000000	0.0000000	0.0000000	0.0000000	0.0000000	0.0000000	0.0000000	0.0000000	0.0000000	0.0000000	0.0000000	0.0000000	0.0000000	0.0000000	0.0000000	0.0000000	0.0000000	0.0000000	0.0000000	0.0000000	0.0000000	0.0000000	0.0000000	0.0000000	0.0000000	0.0000000	0.0000000	0.0000000	0.0000000	0.0000000	0.0000000	0.0000000	0.0000000	0.0000000	0.0000000	0.0000000	0.0000000	0.0000000	0.0000000	3.1784150e-10	6.9272765e-08	7.0767240e-06	0.00036923765	0.010051677	0.14500864	1.1398590	5.0839863	14.614870	31.713644	57.760143	93.198990	136.61976	183.80518	227.29093	257.20083	263.51249	240.25484	190.21459	126.71459	68.348569	28.711960	9.1559757	2.2778736	0.47392390	0.089240366	0.016319301	0.0030209295	0.00057706128	0.00011370385	2.2993288e-05	4.5514755e-06	0.0000000	0.0000000	0.0000000	0.0000000	0.0000000	0.0000000	0.0000000	0.0000000	0.0000000
11.1290	0.0000000	0.0000000	0.0000000	0.0000000	0.0000000	0.0000000	0.0000000	0.0000000	0.0000000	0.0000000	0.0000000	0.0000000	0.0000000	0.0000000	0.0000000	0.0000000	0.0000000	0.0000000	0.0000000	0.0000000	0.0000000	0.0000000	0.0000000	0.0000000	0.0000000	0.0000000	0.0000000	0.0000000	0.0000000	0.0000000	0.0000000	0.0000000	0.0000000	0.0000000	0.0000000	0.0000000	0.0000000	0.0000000	0.0000000	0.0000000	2.0110006e-10	4.4823998e-08	4.6793887e-06	0.00024931367	0.0069251499	0.10164365	1.0885830	4.8848768	14.113130	30.748486	56.181502	90.880708	133.48955	179.89011	222.75523	252.34680	258.75818	236.06088	186.95882	124.55946	67.182334	28.217899	8.9968648	2.2104383	0.44793786	0.081857873	0.014474164	0.0025812085	0.00047430261	9.0363580e-05	1.7528038e-05	3.1010292e-06	0.0000000	0.0000000	0.0000000	0.0000000	0.0000000	0.0000000	0.0000000	0.0000000	0.0000000
16.3360	0.0000000	0.0000000	0.0000000	0.0000000	0.0000000	0.0000000	0.0000000	0.0000000	0.0000000	0.0000000	0.0000000	0.0000000	0.0000000	0.0000000	0.0000000	0.0000000	0.0000000	0.0000000	0.0000000	0.0000000	0.0000000	0.0000000	0.0000000	0.0000000	0.0000000	0.0000000	0.0000000	0.0000000	0.0000000	0.0000000	0.0000000	0.0000000	0.0000000	0.0000000	0.0000000	0.0000000	0.0000000	0.0000000	0.0000000	0.0000000	4.2943110e-09	6.0270798e-07	4.1569243e-05	0.0015269705	0.030404641	0.33131317	2.0071289	7.0746611	16.412187	29.240497	44.385430	60.480640	75.747502	87.993185	94.852521	94.341845	85.563307	69.469679	49.211166	29.462116	14.348107	5.4686786	1.5905385	0.35852523	0.067077095	0.011396652	0.0018887523	0.00031853331	5.5885179e-05	1.0261716e-05	1.9708644e-06	3.7910787e-07	0.0000000	0.0000000	0.0000000	0.0000000	0.0000000	0.0000000	0.0000000	0.0000000	0.0000000
13.8900	0.0000000	0.0000000	0.0000000	0.0000000	0.0000000	0.0000000	0.0000000	0.0000000	0.0000000	0.0000000	0.0000000	0.0000000	0.0000000	0.0000000	0.0000000	0.0000000	0.0000000	0.0000000	0.0000000	0.0000000	0.0000000	0.0000000	0.0000000	0.0000000	0.0000000	0.0000000	0.0000000	0.0000000	0.0000000	0.0000000	0.0000000	0.0000000	0.0000000	0.0000000	0.0000000	0.0000000	0.0000000	0.0000000	0.0000000	0.0000000	1.1704106e-09	1.8895577e-07	1.4876986e-05	0.00062145384	0.014034538	0.17295603	1.1805244	4.6571431	11.961722	23.333939	38.395294	56.227000	75.166208	92.754192	105.85164	111.04474	105.73486	89.614469	65.810900	40.559528	20.234941	7.8836319	2.3457555	0.54292195	0.10472739	0.018394247	0.0031537465	0.00054960979	9.9344116e-05	1.8715912e-05	3.6750341e-06	7.2085224e-07	0.0000000	0.0000000	0.0000000	0.0000000	0.0000000	0.0000000	0.0000000	0.0000000	0.0000000
16.0040	0.0000000	0.0000000	0.0000000	0.0000000	0.0000000	0.0000000	0.0000000	0.0000000	0.0000000	0.0000000	0.0000000	0.0000000	0.0000000	0.0000000	0.0000000	0.0000000	0.0000000	0.0000000	0.0000000	0.0000000	0.0000000	0.0000000	0.0000000	0.0000000	0.0000000	0.0000000	0.0000000	0.0000000	0.0000000	0.0000000	0.0000000	0.0000000	0.0000000	0.0000000	0.0000000	0.0000000	0.0000000	0.0000000	0.0000000	0.0000000	2.3234702e-09	3.3697177e-07	2.3985773e-05	0.00090685086	0.018512338	0.20600375	1.2711356	4.5575781	10.753132	19.496035	30.128333	41.803145	53.314695	63.076798	69.286558	70.298648	65.132105	54.110531	39.290303	24.139302	12.066449	4.7174964	1.4055664	0.32399569	0.061846505	0.010690164	0.0017960797	0.00030583303	5.3923345e-05	9.9040414e-06	1.8966747e-06	3.6326442e-07	0.0000000	0.0000000	0.0000000	0.0000000	0.0000000	0.0000000	0.0000000	0.0000000	0.0000000
10.7700	0.0000000	0.0000000	0.0000000	0.0000000	0.0000000	0.0000000	0.0000000	0.0000000	0.0000000	0.0000000	0.0000000	0.0000000	0.0000000	0.0000000	0.0000000	0.0000000	0.0000000	0.0000000	0.0000000	0.0000000	0.0000000	0.0000000	0.0000000	0.0000000	0.0000000	0.0000000	0.0000000	0.0000000	0.0000000	0.0000000	0.0000000	0.0000000	0.0000000	0.0000000	0.0000000	0.0000000	0.0000000	0.0000000	0.0000000	0.0000000	1.3324035e-10	3.0785931e-08	3.3240189e-06	0.00018290624	0.0052420690	0.079315388	0.64640228	2.9797548	8.8118462	19.564356	36.285182	59.389964	88.058962	119.62036	149.22926	170.24993	175.72589	161.27059	128.39732	85.924878	46.518027	19.601433	6.2675807	1.5440009	0.31370857	0.057488996	0.010196370	0.0018244522	0.00033649114	6.4372158e-05	1.2791942e-05	2.5343798e-06	0.0000000	0.0000000	0.0000000	0.0000000	0.0000000	0.0000000	0.0000000	0.0000000	0.0000000
10.6570	0.0000000	0.0000000	0.0000000	0.0000000	0.0000000	0.0000000	0.0000000	0.0000000	0.0000000	0.0000000	0.0000000	0.0000000	0.0000000	0.0000000	0.0000000	0.0000000	0.0000000	0.0000000	0.0000000	0.0000000	0.0000000	0.0000000	0.0000000	0.0000000	0.0000000	0.0000000	0.0000000	0.0000000	0.0000000	0.0000000	0.0000000	0.0000000	0.0000000	0.0000000	0.0000000	0.0000000	0.0000000	0.0000000	0.0000000	0.0000000	6.2731866e-11	1.4838916e-08	1.6449863e-06	9.3286425e-05	0.0027663871	0.043449801	0.36847150	1.7710371	5.4029843	12.054237	22.469115	36.971938	55.120732	75.282325	94.385552	108.16145	112.06023	103.14957	82.309420	55.172154	29.897580	12.600167	4.0261818	0.99028850	0.20071263	0.036665736	0.0064812596	0.0011560184	0.00021262107	4.0584451e-05	8.0511774e-06	1.5931633e-06	0.0000000	0.0000000	0.0000000	0.0000000	0.0000000	0.0000000	0.0000000	0.0000000	0.0000000
12.6800	0.0000000	0.0000000	0.0000000	0.0000000	0.0000000	0.0000000	0.0000000	0.0000000	0.0000000	0.0000000	0.0000000	0.0000000	0.0000000	0.0000000	0.0000000	0.0000000	0.0000000	0.0000000	0.0000000	0.0000000	0.0000000	0.0000000	0.0000000	0.0000000	0.0000000	0.0000000	0.0000000	0.0000000	0.0000000	0.0000000	0.0000000	0.0000000	0.0000000	0.0000000	0.0000000	0.0000000	0.0000000	0.0000000	0.0000000	0.0000000	4.2243431e-10	7.4493947e-08	6.3375861e-06	0.00028335514	0.0067874242	0.087873525	0.62263235	2.5110428	6.5129699	12.722269	20.839451	30.290045	40.211154	49.418866	56.306572	59.141879	56.566643	48.327293	35.930687	22.525448	11.460980	4.5531171	1.3770434	0.32190941	0.062246344	0.010883322	0.0018462176	0.00031671704	5.6130254e-05	1.0339543e-05	1.9820773e-06	3.7948388e-07	0.0000000	0.0000000	0.0000000	0.0000000	0.0000000	0.0000000	0.0000000	0.0000000	0.0000000
11.0230	0.0000000	0.0000000	0.0000000	0.0000000	0.0000000	0.0000000	0.0000000	0.0000000	0.0000000	0.0000000	0.0000000	0.0000000	0.0000000	0.0000000	0.0000000	0.0000000	0.0000000	0.0000000	0.0000000	0.0000000	0.0000000	0.0000000	0.0000000	0.0000000	0.0000000	0.0000000	0.0000000	0.0000000	0.0000000	0.0000000	0.0000000	0.0000000	0.0000000	0.0000000	0.0000000	0.0000000	0.0000000	0.0000000	0.0000000	0.0000000	5.0973301e-11	1.1640989e-08	1.2531941e-06	6.9113592e-05	0.0019861819	0.030023171	0.24356015	1.1151029	3.2749503	7.2372412	13.410474	22.009317	32.800381	44.824756	56.217056	64.355374	66.520061	61.026907	48.491647	32.343095	17.436344	7.3086818	2.3210649	0.56680354	0.11392103	0.020614400	0.0036065598	0.00064838232	0.00012051718	2.3249227e-05	4.6645285e-06	9.3442166e-07	0.0000000	0.0000000	0.0000000	0.0000000	0.0000000	0.0000000	0.0000000	0.0000000	0.0000000
10.1150	0.0000000	0.0000000	0.0000000	0.0000000	0.0000000	0.0000000	0.0000000	0.0000000	0.0000000	0.0000000	0.0000000	0.0000000	0.0000000	0.0000000	0.0000000	0.0000000	0.0000000	0.0000000	0.0000000	0.0000000	0.0000000	0.0000000	0.0000000	0.0000000	0.0000000	0.0000000	0.0000000	0.0000000	0.0000000	0.0000000	0.0000000	0.0000000	0.0000000	0.0000000	0.0000000	0.0000000	0.0000000	0.0000000	0.0000000	0.0000000	7.1910609e-12	1.8366976e-09	2.1713210e-07	1.2973105e-05	0.00040078817	0.0064954605	0.056387011	0.27551375	0.85980085	2.0053591	3.8899636	6.6351529	10.223544	14.401735	18.606406	21.967871	23.444288	22.218207	18.237210	12.394364	6.6578807	2.7688946	0.86923855	0.20917026	0.041543106	0.0075230892	0.0013379692	0.00024316319	4.6032611e-05	9.1107413e-06	1.8829714e-06	3.8905307e-07	0.0000000	0.0000000	0.0000000	0.0000000	0.0000000	0.0000000	0.0000000	0.0000000	0.0000000
