# DO NOT EDIT: written Thu Mar 14 18:48:37 2019 by wrt_emiss_fe17.pro
# faked emissivities [1e-23 ergs cm^3/s] for Fe17 lines from Del Zanna 2011, A&A 536, A59
# emissivities include ion balance, but not abundance, and are spline and ion balance jittered off of emiss_Fe17_00000.txt
# line 6 -- SEED, LOGT
# lines 7+ -- WVL, EMISSIVITY
      394850	4.00	4.05	4.10	4.15	4.20	4.25	4.30	4.35	4.40	4.45	4.50	4.55	4.60	4.65	4.70	4.75	4.80	4.85	4.90	4.95	5.00	5.05	5.10	5.15	5.20	5.25	5.30	5.35	5.40	5.45	5.50	5.55	5.60	5.65	5.70	5.75	5.80	5.85	5.90	5.95	6.00	6.05	6.10	6.15	6.20	6.25	6.30	6.35	6.40	6.45	6.50	6.55	6.60	6.65	6.70	6.75	6.80	6.85	6.90	6.95	7.00	7.05	7.10	7.15	7.20	7.25	7.30	7.35	7.40	7.45	7.50	7.55	7.60	7.65	7.70	7.75	7.80	7.85	7.90	7.95	8.00
15.0130	0.0000000	0.0000000	0.0000000	0.0000000	0.0000000	0.0000000	0.0000000	0.0000000	0.0000000	0.0000000	0.0000000	0.0000000	0.0000000	0.0000000	0.0000000	0.0000000	0.0000000	0.0000000	0.0000000	0.0000000	0.0000000	0.0000000	0.0000000	0.0000000	0.0000000	0.0000000	0.0000000	0.0000000	0.0000000	0.0000000	0.0000000	0.0000000	0.0000000	0.0000000	0.0000000	0.0000000	0.0000000	0.0000000	0.0000000	0.0000000	0.0000000	1.0943426e-06	0.00013841953	0.0088828691	0.29234186	4.9105680	41.561245	185.83631	513.76442	1045.1230	1762.7957	2633.2307	3596.9349	4554.9713	5365.1623	5858.2379	5874.4241	5326.7024	4272.5148	2947.0317	1689.7442	777.61674	279.48615	78.066972	17.484904	3.3565631	0.59669159	0.10424285	0.018532752	0.0034082785	0.00065149121	0.00012937141	1.5739994e-05	0.0000000	0.0000000	0.0000000	0.0000000	0.0000000	0.0000000	0.0000000	0.0000000
17.0510	0.0000000	0.0000000	0.0000000	0.0000000	0.0000000	0.0000000	0.0000000	0.0000000	0.0000000	0.0000000	0.0000000	0.0000000	0.0000000	0.0000000	0.0000000	0.0000000	0.0000000	0.0000000	0.0000000	0.0000000	0.0000000	0.0000000	0.0000000	0.0000000	0.0000000	0.0000000	0.0000000	0.0000000	0.0000000	0.0000000	0.0000000	0.0000000	0.0000000	0.0000000	0.0000000	0.0000000	0.0000000	0.0000000	0.0000000	0.0000000	0.0000000	2.7848870e-06	0.00031443297	0.018205026	0.54469657	8.3677806	65.083628	268.61116	684.25474	1218.8643	1772.1792	2273.3163	2732.4950	3246.9693	3604.4042	3713.8446	3518.3021	3166.9194	2571.2268	1814.1643	1070.2968	478.31898	162.93702	43.197668	9.2021184	1.6843267	0.28625891	0.047944070	0.0081945535	0.0014528667	0.00026838382	5.1603460e-05	6.0888971e-06	0.0000000	0.0000000	0.0000000	0.0000000	0.0000000	0.0000000	0.0000000	0.0000000
17.0960	0.0000000	0.0000000	0.0000000	0.0000000	0.0000000	0.0000000	0.0000000	0.0000000	0.0000000	0.0000000	0.0000000	0.0000000	0.0000000	0.0000000	0.0000000	0.0000000	0.0000000	0.0000000	0.0000000	0.0000000	0.0000000	0.0000000	0.0000000	0.0000000	0.0000000	0.0000000	0.0000000	0.0000000	0.0000000	0.0000000	0.0000000	0.0000000	0.0000000	0.0000000	0.0000000	0.0000000	0.0000000	0.0000000	0.0000000	0.0000000	0.0000000	2.3007335e-06	0.00025354034	0.014368382	0.42254954	6.4036240	49.255281	201.23723	510.45336	955.82586	1487.7675	2055.0251	2599.4071	3051.0597	3333.1560	3377.1019	3143.2123	2645.5178	1968.5949	1258.4310	667.80807	284.01870	94.226986	24.286368	5.0217235	0.89105811	0.14668369	0.023782643	0.0039334517	0.00067461622	0.00012051946	2.2405228e-05	2.5556756e-06	0.0000000	0.0000000	0.0000000	0.0000000	0.0000000	0.0000000	0.0000000	0.0000000
16.7760	0.0000000	0.0000000	0.0000000	0.0000000	0.0000000	0.0000000	0.0000000	0.0000000	0.0000000	0.0000000	0.0000000	0.0000000	0.0000000	0.0000000	0.0000000	0.0000000	0.0000000	0.0000000	0.0000000	0.0000000	0.0000000	0.0000000	0.0000000	0.0000000	0.0000000	0.0000000	0.0000000	0.0000000	0.0000000	0.0000000	0.0000000	0.0000000	0.0000000	0.0000000	0.0000000	0.0000000	0.0000000	0.0000000	0.0000000	0.0000000	0.0000000	1.7559943e-06	0.00019663965	0.011303171	0.33738620	5.2075026	41.044849	173.32807	458.42036	899.25873	1466.6653	2114.1865	2774.7352	3361.3247	3773.3378	3914.4505	3719.8790	3189.9947	2415.6544	1570.6837	847.88537	367.02892	124.02626	32.583909	6.8722336	1.2446483	0.20925397	0.034671507	0.0058646853	0.0010297179	0.00018856430	3.5990841e-05	4.2231183e-06	0.0000000	0.0000000	0.0000000	0.0000000	0.0000000	0.0000000	0.0000000	0.0000000
15.2620	0.0000000	0.0000000	0.0000000	0.0000000	0.0000000	0.0000000	0.0000000	0.0000000	0.0000000	0.0000000	0.0000000	0.0000000	0.0000000	0.0000000	0.0000000	0.0000000	0.0000000	0.0000000	0.0000000	0.0000000	0.0000000	0.0000000	0.0000000	0.0000000	0.0000000	0.0000000	0.0000000	0.0000000	0.0000000	0.0000000	0.0000000	0.0000000	0.0000000	0.0000000	0.0000000	0.0000000	0.0000000	0.0000000	0.0000000	0.0000000	0.0000000	4.1776708e-07	5.2404814e-05	0.0033402826	0.10925440	1.8229053	15.303287	67.772754	185.33589	372.56059	620.56607	915.21658	1234.0247	1542.0108	1791.4414	1928.2658	1904.8532	1700.2935	1341.3261	909.02491	511.53196	230.76964	81.208269	22.185483	4.8582711	0.91232427	0.15885983	0.027243459	0.0047690360	0.00086699991	0.00016463138	3.2663461e-05	3.9967688e-06	0.0000000	0.0000000	0.0000000	0.0000000	0.0000000	0.0000000	0.0000000	0.0000000
12.1240	0.0000000	0.0000000	0.0000000	0.0000000	0.0000000	0.0000000	0.0000000	0.0000000	0.0000000	0.0000000	0.0000000	0.0000000	0.0000000	0.0000000	0.0000000	0.0000000	0.0000000	0.0000000	0.0000000	0.0000000	0.0000000	0.0000000	0.0000000	0.0000000	0.0000000	0.0000000	0.0000000	0.0000000	0.0000000	0.0000000	0.0000000	0.0000000	0.0000000	0.0000000	0.0000000	0.0000000	0.0000000	0.0000000	0.0000000	0.0000000	0.0000000	2.7844933e-08	4.3710876e-06	0.00033996311	0.013277528	0.25979516	2.5204305	12.750741	39.469262	89.113499	165.58855	270.77679	402.65014	552.05851	699.57078	815.89993	866.99623	826.60463	692.24605	495.35490	292.93270	136.93416	49.737762	14.013546	3.1617909	0.61078576	0.10915955	0.019156862	0.0034189844	0.00063088599	0.00012092357	2.4058768e-05	2.9311055e-06	0.0000000	0.0000000	0.0000000	0.0000000	0.0000000	0.0000000	0.0000000	0.0000000
12.2640	0.0000000	0.0000000	0.0000000	0.0000000	0.0000000	0.0000000	0.0000000	0.0000000	0.0000000	0.0000000	0.0000000	0.0000000	0.0000000	0.0000000	0.0000000	0.0000000	0.0000000	0.0000000	0.0000000	0.0000000	0.0000000	0.0000000	0.0000000	0.0000000	0.0000000	0.0000000	0.0000000	0.0000000	0.0000000	0.0000000	0.0000000	0.0000000	0.0000000	0.0000000	0.0000000	0.0000000	0.0000000	0.0000000	0.0000000	0.0000000	0.0000000	3.2766931e-08	5.1066213e-06	0.00039499099	0.015359246	0.29929547	2.8893290	14.512483	44.457863	99.015366	180.93487	289.99178	420.82477	560.29562	686.18278	769.62475	782.19230	708.06312	557.69327	372.48299	204.72494	89.817098	32.257351	9.0781219	2.0470824	0.39537616	0.070664000	0.012402729	0.0022829736	0.00047505610	0.00010317173	2.1071715e-05	2.5663630e-06	0.0000000	0.0000000	0.0000000	0.0000000	0.0000000	0.0000000	0.0000000	0.0000000
13.8250	0.0000000	0.0000000	0.0000000	0.0000000	0.0000000	0.0000000	0.0000000	0.0000000	0.0000000	0.0000000	0.0000000	0.0000000	0.0000000	0.0000000	0.0000000	0.0000000	0.0000000	0.0000000	0.0000000	0.0000000	0.0000000	0.0000000	0.0000000	0.0000000	0.0000000	0.0000000	0.0000000	0.0000000	0.0000000	0.0000000	0.0000000	0.0000000	0.0000000	0.0000000	0.0000000	0.0000000	0.0000000	0.0000000	0.0000000	0.0000000	0.0000000	4.5719168e-08	6.1097277e-06	0.00041628185	0.014636632	0.26428194	2.4161518	11.702054	35.014315	76.910047	139.74954	224.43650	329.10495	447.00094	548.27986	618.76751	640.01494	596.84972	490.46231	345.11257	201.10196	93.770920	34.074388	9.6118241	2.1736932	0.42154783	0.075759920	0.013391172	0.0024104699	0.00044906370	8.6955504e-05	1.7481952e-05	2.1512128e-06	0.0000000	0.0000000	0.0000000	0.0000000	0.0000000	0.0000000	0.0000000	0.0000000
15.4530	0.0000000	0.0000000	0.0000000	0.0000000	0.0000000	0.0000000	0.0000000	0.0000000	0.0000000	0.0000000	0.0000000	0.0000000	0.0000000	0.0000000	0.0000000	0.0000000	0.0000000	0.0000000	0.0000000	0.0000000	0.0000000	0.0000000	0.0000000	0.0000000	0.0000000	0.0000000	0.0000000	0.0000000	0.0000000	0.0000000	0.0000000	0.0000000	0.0000000	0.0000000	0.0000000	0.0000000	0.0000000	0.0000000	0.0000000	0.0000000	0.0000000	1.2256627e-07	1.4993577e-05	0.00093006426	0.029526384	0.47666650	3.8574372	16.390740	42.754610	81.397282	127.32002	174.56003	216.38257	246.67580	261.08588	257.04984	238.20596	200.25516	148.61208	94.665716	50.057446	21.227916	7.0295741	1.8107071	0.37468529	0.066629200	0.011006782	0.0018100832	0.00030605711	5.3724161e-05	9.8293501e-06	1.8716293e-06	2.1861630e-07	0.0000000	0.0000000	0.0000000	0.0000000	0.0000000	0.0000000	0.0000000	0.0000000
11.2500	0.0000000	0.0000000	0.0000000	0.0000000	0.0000000	0.0000000	0.0000000	0.0000000	0.0000000	0.0000000	0.0000000	0.0000000	0.0000000	0.0000000	0.0000000	0.0000000	0.0000000	0.0000000	0.0000000	0.0000000	0.0000000	0.0000000	0.0000000	0.0000000	0.0000000	0.0000000	0.0000000	0.0000000	0.0000000	0.0000000	0.0000000	0.0000000	0.0000000	0.0000000	0.0000000	0.0000000	0.0000000	0.0000000	0.0000000	0.0000000	0.0000000	7.1256357e-09	1.2402700e-06	0.00010572946	0.0044772377	0.094007519	0.96892121	5.1562510	16.632512	38.795190	73.863548	122.79660	183.71370	251.44159	316.84693	366.77976	386.79768	366.21924	304.73997	216.81138	127.56892	59.671363	21.625733	6.0597286	1.3554243	0.25888578	0.045649307	0.0078917493	0.0013861628	0.00025166236	4.7481991e-05	9.3106042e-06	1.1200712e-06	0.0000000	0.0000000	0.0000000	0.0000000	0.0000000	0.0000000	0.0000000	0.0000000
11.1290	0.0000000	0.0000000	0.0000000	0.0000000	0.0000000	0.0000000	0.0000000	0.0000000	0.0000000	0.0000000	0.0000000	0.0000000	0.0000000	0.0000000	0.0000000	0.0000000	0.0000000	0.0000000	0.0000000	0.0000000	0.0000000	0.0000000	0.0000000	0.0000000	0.0000000	0.0000000	0.0000000	0.0000000	0.0000000	0.0000000	0.0000000	0.0000000	0.0000000	0.0000000	0.0000000	0.0000000	0.0000000	0.0000000	0.0000000	0.0000000	0.0000000	4.2535665e-09	7.3993786e-07	6.3136765e-05	0.0026792907	0.056421933	0.58345976	3.1148441	10.072833	23.530545	44.813847	74.415735	111.35832	152.42577	191.72735	221.18455	232.15404	218.53892	180.66963	127.64615	74.575752	34.823517	12.660289	3.5707277	0.80709306	0.15637966	0.028062285	0.0049495399	0.00088853864	0.00016503832	3.1862485e-05	6.3887638e-06	7.8464472e-07	0.0000000	0.0000000	0.0000000	0.0000000	0.0000000	0.0000000	0.0000000	0.0000000
16.3360	0.0000000	0.0000000	0.0000000	0.0000000	0.0000000	0.0000000	0.0000000	0.0000000	0.0000000	0.0000000	0.0000000	0.0000000	0.0000000	0.0000000	0.0000000	0.0000000	0.0000000	0.0000000	0.0000000	0.0000000	0.0000000	0.0000000	0.0000000	0.0000000	0.0000000	0.0000000	0.0000000	0.0000000	0.0000000	0.0000000	0.0000000	0.0000000	0.0000000	0.0000000	0.0000000	0.0000000	0.0000000	0.0000000	0.0000000	0.0000000	0.0000000	5.4569864e-08	6.1577037e-06	0.00035417099	0.010499839	0.15968168	1.2287235	5.0149772	12.707235	23.787949	37.102022	51.551492	65.950173	78.840882	88.451682	92.881786	90.475042	80.047404	62.058497	40.768639	22.003186	9.4468697	3.1478157	0.81244837	0.16806285	0.029865762	0.0049399671	0.00080934424	0.00013613090	2.3879855e-05	4.3847962e-06	8.4122856e-07	9.9335782e-08	0.0000000	0.0000000	0.0000000	0.0000000	0.0000000	0.0000000	0.0000000	0.0000000
13.8900	0.0000000	0.0000000	0.0000000	0.0000000	0.0000000	0.0000000	0.0000000	0.0000000	0.0000000	0.0000000	0.0000000	0.0000000	0.0000000	0.0000000	0.0000000	0.0000000	0.0000000	0.0000000	0.0000000	0.0000000	0.0000000	0.0000000	0.0000000	0.0000000	0.0000000	0.0000000	0.0000000	0.0000000	0.0000000	0.0000000	0.0000000	0.0000000	0.0000000	0.0000000	0.0000000	0.0000000	0.0000000	0.0000000	0.0000000	0.0000000	0.0000000	1.8967150e-08	2.4710326e-06	0.00016327268	0.0055376352	0.095914497	0.83583656	3.8292519	10.744416	21.951906	36.843882	54.344796	72.864716	90.222289	103.67641	110.22893	107.45858	94.587859	73.522975	49.036261	27.137817	12.042387	4.1732690	1.1252344	0.24380674	0.045409883	0.0078579424	0.0013410158	0.00023372780	4.2287350e-05	7.9767711e-06	1.5671056e-06	1.8902966e-07	0.0000000	0.0000000	0.0000000	0.0000000	0.0000000	0.0000000	0.0000000	0.0000000
16.0040	0.0000000	0.0000000	0.0000000	0.0000000	0.0000000	0.0000000	0.0000000	0.0000000	0.0000000	0.0000000	0.0000000	0.0000000	0.0000000	0.0000000	0.0000000	0.0000000	0.0000000	0.0000000	0.0000000	0.0000000	0.0000000	0.0000000	0.0000000	0.0000000	0.0000000	0.0000000	0.0000000	0.0000000	0.0000000	0.0000000	0.0000000	0.0000000	0.0000000	0.0000000	0.0000000	0.0000000	0.0000000	0.0000000	0.0000000	0.0000000	0.0000000	3.6923984e-08	4.4574693e-06	0.00027228539	0.0084642273	0.13449459	1.0778858	4.5689608	11.990022	23.171715	36.950019	51.219716	64.408077	74.677648	80.403292	80.469777	74.523382	63.178635	47.995150	31.674433	17.500985	7.7948058	2.7167257	0.73622465	0.15983467	0.029668355	0.0050788943	0.00084941803	0.00014337504	2.4780853e-05	4.4146564e-06	8.1236759e-07	9.1373387e-08	0.0000000	0.0000000	0.0000000	0.0000000	0.0000000	0.0000000	0.0000000	0.0000000
10.7700	0.0000000	0.0000000	0.0000000	0.0000000	0.0000000	0.0000000	0.0000000	0.0000000	0.0000000	0.0000000	0.0000000	0.0000000	0.0000000	0.0000000	0.0000000	0.0000000	0.0000000	0.0000000	0.0000000	0.0000000	0.0000000	0.0000000	0.0000000	0.0000000	0.0000000	0.0000000	0.0000000	0.0000000	0.0000000	0.0000000	0.0000000	0.0000000	0.0000000	0.0000000	0.0000000	0.0000000	0.0000000	0.0000000	0.0000000	0.0000000	0.0000000	2.5546848e-09	4.6416941e-07	4.1369178e-05	0.0018349247	0.040336564	0.43380164	2.3970739	7.9799080	19.083643	37.042599	62.499739	94.871655	131.63946	167.85494	196.30887	208.82868	199.13068	166.62204	119.01992	70.219212	33.071384	12.111654	3.4365684	0.78035687	0.15170218	0.027278719	0.0048144859	0.00086355494	0.00016000115	3.0760359e-05	6.1305867e-06	7.4688867e-07	0.0000000	0.0000000	0.0000000	0.0000000	0.0000000	0.0000000	0.0000000	0.0000000
10.6570	0.0000000	0.0000000	0.0000000	0.0000000	0.0000000	0.0000000	0.0000000	0.0000000	0.0000000	0.0000000	0.0000000	0.0000000	0.0000000	0.0000000	0.0000000	0.0000000	0.0000000	0.0000000	0.0000000	0.0000000	0.0000000	0.0000000	0.0000000	0.0000000	0.0000000	0.0000000	0.0000000	0.0000000	0.0000000	0.0000000	0.0000000	0.0000000	0.0000000	0.0000000	0.0000000	0.0000000	0.0000000	0.0000000	0.0000000	0.0000000	0.0000000	1.4030952e-09	2.5540393e-07	2.2626182e-05	0.00099032680	0.021382126	0.22542188	1.2205775	3.9846962	9.3614480	17.892493	29.809597	44.822605	61.815806	78.622650	92.084124	98.526297	94.918353	80.493229	58.359278	34.939225	16.668315	6.1690617	1.7649211	0.40318717	0.078695540	0.014189973	0.0025100517	0.00045125727	8.3845065e-05	1.6178025e-05	3.2395027e-06	3.9701295e-07	0.0000000	0.0000000	0.0000000	0.0000000	0.0000000	0.0000000	0.0000000	0.0000000
12.6800	0.0000000	0.0000000	0.0000000	0.0000000	0.0000000	0.0000000	0.0000000	0.0000000	0.0000000	0.0000000	0.0000000	0.0000000	0.0000000	0.0000000	0.0000000	0.0000000	0.0000000	0.0000000	0.0000000	0.0000000	0.0000000	0.0000000	0.0000000	0.0000000	0.0000000	0.0000000	0.0000000	0.0000000	0.0000000	0.0000000	0.0000000	0.0000000	0.0000000	0.0000000	0.0000000	0.0000000	0.0000000	0.0000000	0.0000000	0.0000000	0.0000000	5.8886595e-09	8.2732040e-07	5.8587844e-05	0.0021178321	0.038840372	0.35507955	1.6844987	4.8443909	10.074687	17.125262	25.513301	34.563086	43.344291	50.523053	54.540393	53.979370	48.167410	37.871074	25.518342	14.255216	6.3790558	2.2270749	0.60439978	0.13167064	0.024625389	0.0042729542	0.00073020074	0.00012728494	2.3009914e-05	4.3337170e-06	8.4967184e-07	1.0228063e-07	0.0000000	0.0000000	0.0000000	0.0000000	0.0000000	0.0000000	0.0000000	0.0000000
11.0230	0.0000000	0.0000000	0.0000000	0.0000000	0.0000000	0.0000000	0.0000000	0.0000000	0.0000000	0.0000000	0.0000000	0.0000000	0.0000000	0.0000000	0.0000000	0.0000000	0.0000000	0.0000000	0.0000000	0.0000000	0.0000000	0.0000000	0.0000000	0.0000000	0.0000000	0.0000000	0.0000000	0.0000000	0.0000000	0.0000000	0.0000000	0.0000000	0.0000000	0.0000000	0.0000000	0.0000000	0.0000000	0.0000000	0.0000000	0.0000000	0.0000000	8.0242725e-10	1.4330252e-07	1.2579098e-05	0.00054826737	0.011797745	0.12405204	0.67078511	2.1914737	5.1691392	9.9606441	16.788361	25.772237	36.783351	48.454449	58.733841	64.968517	64.652026	56.676887	42.575619	26.446806	13.080100	4.9982010	1.4526302	0.33493447	0.065980941	0.011671019	0.0019728070	0.00033015413	5.6004866e-05	1.0479853e-05	2.1242239e-06	2.6399804e-07	0.0000000	0.0000000	0.0000000	0.0000000	0.0000000	0.0000000	0.0000000	0.0000000
10.1150	0.0000000	0.0000000	0.0000000	0.0000000	0.0000000	0.0000000	0.0000000	0.0000000	0.0000000	0.0000000	0.0000000	0.0000000	0.0000000	0.0000000	0.0000000	0.0000000	0.0000000	0.0000000	0.0000000	0.0000000	0.0000000	0.0000000	0.0000000	0.0000000	0.0000000	0.0000000	0.0000000	0.0000000	0.0000000	0.0000000	0.0000000	0.0000000	0.0000000	0.0000000	0.0000000	0.0000000	0.0000000	0.0000000	0.0000000	0.0000000	0.0000000	1.5986734e-10	3.1492434e-08	3.0067368e-06	0.00014135891	0.0032702301	0.036870959	0.21303894	0.73523764	1.8132798	3.6179543	6.2588361	9.7234350	13.793188	17.974535	21.490089	23.373099	22.782677	19.476716	14.202688	8.5469629	4.1057844	1.5347860	0.44506491	0.10345600	0.020628551	0.0038128562	0.00069316951	0.00012834349	2.4597640e-05	4.8977642e-06	1.0113853e-06	1.2761379e-07	0.0000000	0.0000000	0.0000000	0.0000000	0.0000000	0.0000000	0.0000000	0.0000000
