# DO NOT EDIT: written Thu Mar 14 18:48:37 2019 by wrt_emiss_fe17.pro
# faked emissivities [1e-23 ergs cm^3/s] for Fe17 lines from Del Zanna 2011, A&A 536, A59
# emissivities include ion balance, but not abundance, and are spline and ion balance jittered off of emiss_Fe17_00000.txt
# line 6 -- SEED, LOGT
# lines 7+ -- WVL, EMISSIVITY
      508247	4.00	4.05	4.10	4.15	4.20	4.25	4.30	4.35	4.40	4.45	4.50	4.55	4.60	4.65	4.70	4.75	4.80	4.85	4.90	4.95	5.00	5.05	5.10	5.15	5.20	5.25	5.30	5.35	5.40	5.45	5.50	5.55	5.60	5.65	5.70	5.75	5.80	5.85	5.90	5.95	6.00	6.05	6.10	6.15	6.20	6.25	6.30	6.35	6.40	6.45	6.50	6.55	6.60	6.65	6.70	6.75	6.80	6.85	6.90	6.95	7.00	7.05	7.10	7.15	7.20	7.25	7.30	7.35	7.40	7.45	7.50	7.55	7.60	7.65	7.70	7.75	7.80	7.85	7.90	7.95	8.00
15.0130	0.0000000	0.0000000	0.0000000	0.0000000	0.0000000	0.0000000	0.0000000	0.0000000	0.0000000	0.0000000	0.0000000	0.0000000	0.0000000	0.0000000	0.0000000	0.0000000	0.0000000	0.0000000	0.0000000	0.0000000	0.0000000	0.0000000	0.0000000	0.0000000	0.0000000	0.0000000	0.0000000	0.0000000	0.0000000	0.0000000	0.0000000	0.0000000	0.0000000	0.0000000	0.0000000	0.0000000	0.0000000	0.0000000	0.0000000	0.0000000	0.0000000	1.3400891e-06	0.00016947278	0.010883424	0.35758167	5.9690640	49.763662	216.48602	579.87910	1153.0075	1919.8377	2846.9432	3869.2810	4876.7081	5711.5810	6189.3930	6141.0254	5485.3526	4306.7328	2882.5374	1584.8885	689.62755	231.44303	60.285526	12.791368	2.3818869	0.41860616	0.073107740	0.013067946	0.0024201891	0.00046604832	9.3127053e-05	6.2264960e-06	0.0000000	0.0000000	0.0000000	0.0000000	0.0000000	0.0000000	0.0000000	0.0000000
17.0510	0.0000000	0.0000000	0.0000000	0.0000000	0.0000000	0.0000000	0.0000000	0.0000000	0.0000000	0.0000000	0.0000000	0.0000000	0.0000000	0.0000000	0.0000000	0.0000000	0.0000000	0.0000000	0.0000000	0.0000000	0.0000000	0.0000000	0.0000000	0.0000000	0.0000000	0.0000000	0.0000000	0.0000000	0.0000000	0.0000000	0.0000000	0.0000000	0.0000000	0.0000000	0.0000000	0.0000000	0.0000000	0.0000000	0.0000000	0.0000000	0.0000000	3.0154847e-06	0.00033834669	0.019474324	0.57758537	8.7517517	66.523385	264.92664	652.17919	1196.2906	1843.8883	2538.3234	3209.8028	3770.7541	4122.0697	4174.6500	3876.1952	3244.1901	2389.1239	1501.2683	775.74620	317.62630	100.47130	24.726580	4.9725511	0.88071815	0.14779021	0.024744459	0.0042580793	0.00076244780	0.00014253035	2.7750346e-05	1.8141460e-06	0.0000000	0.0000000	0.0000000	0.0000000	0.0000000	0.0000000	0.0000000	0.0000000
17.0960	0.0000000	0.0000000	0.0000000	0.0000000	0.0000000	0.0000000	0.0000000	0.0000000	0.0000000	0.0000000	0.0000000	0.0000000	0.0000000	0.0000000	0.0000000	0.0000000	0.0000000	0.0000000	0.0000000	0.0000000	0.0000000	0.0000000	0.0000000	0.0000000	0.0000000	0.0000000	0.0000000	0.0000000	0.0000000	0.0000000	0.0000000	0.0000000	0.0000000	0.0000000	0.0000000	0.0000000	0.0000000	0.0000000	0.0000000	0.0000000	0.0000000	3.2404471e-06	0.00035958396	0.020498472	0.60383623	9.1089012	69.016975	273.95649	671.52149	1218.9050	1845.8468	2490.1383	3078.1094	3526.1412	3750.1353	3686.1351	3313.1019	2676.5369	1896.3809	1147.1230	577.85429	233.22218	73.147123	17.865160	3.5521438	0.61709601	0.10040555	0.016125595	0.0026406230	0.00044756194	7.8997212e-05	1.4529516e-05	9.0065078e-07	0.0000000	0.0000000	0.0000000	0.0000000	0.0000000	0.0000000	0.0000000	0.0000000
16.7760	0.0000000	0.0000000	0.0000000	0.0000000	0.0000000	0.0000000	0.0000000	0.0000000	0.0000000	0.0000000	0.0000000	0.0000000	0.0000000	0.0000000	0.0000000	0.0000000	0.0000000	0.0000000	0.0000000	0.0000000	0.0000000	0.0000000	0.0000000	0.0000000	0.0000000	0.0000000	0.0000000	0.0000000	0.0000000	0.0000000	0.0000000	0.0000000	0.0000000	0.0000000	0.0000000	0.0000000	0.0000000	0.0000000	0.0000000	0.0000000	0.0000000	2.2383927e-06	0.00025420376	0.014728458	0.43869346	6.6697033	50.859004	203.23147	502.14308	924.46713	1429.7944	1974.0121	2500.6974	2940.7478	3218.9597	3267.9814	3046.7451	2564.9872	1903.6700	1207.6978	630.98672	261.52043	83.795416	20.895227	4.2570633	0.76352580	0.12964906	0.021942537	0.0038116109	0.00068782461	0.00012934003	2.5277988e-05	1.6549865e-06	0.0000000	0.0000000	0.0000000	0.0000000	0.0000000	0.0000000	0.0000000	0.0000000
15.2620	0.0000000	0.0000000	0.0000000	0.0000000	0.0000000	0.0000000	0.0000000	0.0000000	0.0000000	0.0000000	0.0000000	0.0000000	0.0000000	0.0000000	0.0000000	0.0000000	0.0000000	0.0000000	0.0000000	0.0000000	0.0000000	0.0000000	0.0000000	0.0000000	0.0000000	0.0000000	0.0000000	0.0000000	0.0000000	0.0000000	0.0000000	0.0000000	0.0000000	0.0000000	0.0000000	0.0000000	0.0000000	0.0000000	0.0000000	0.0000000	0.0000000	4.1611810e-07	5.1672606e-05	0.0032662340	0.10578747	1.7414749	14.311270	61.341576	161.85339	317.04101	520.31570	761.22576	1021.7646	1273.0989	1475.4351	1583.5939	1557.6348	1380.5629	1076.5051	716.20438	391.76341	169.73469	56.766581	14.748099	3.1240361	0.58127867	0.10216561	0.017859153	0.0031978039	0.00059371325	0.00011470173	2.3009954e-05	1.5453931e-06	0.0000000	0.0000000	0.0000000	0.0000000	0.0000000	0.0000000	0.0000000	0.0000000
12.1240	0.0000000	0.0000000	0.0000000	0.0000000	0.0000000	0.0000000	0.0000000	0.0000000	0.0000000	0.0000000	0.0000000	0.0000000	0.0000000	0.0000000	0.0000000	0.0000000	0.0000000	0.0000000	0.0000000	0.0000000	0.0000000	0.0000000	0.0000000	0.0000000	0.0000000	0.0000000	0.0000000	0.0000000	0.0000000	0.0000000	0.0000000	0.0000000	0.0000000	0.0000000	0.0000000	0.0000000	0.0000000	0.0000000	0.0000000	0.0000000	0.0000000	3.8149264e-08	6.0739079e-06	0.00047584602	0.018558731	0.35921248	3.4047970	16.580015	49.078734	106.62850	192.04543	305.25216	440.95985	586.09830	718.84728	810.85871	833.14386	767.27262	618.72533	423.88201	237.81808	105.30070	35.876032	9.4709937	2.0342653	0.38302590	0.067989178	0.011979693	0.0021581312	0.00040240971	7.7921979e-05	1.5633071e-05	1.0479529e-06	0.0000000	0.0000000	0.0000000	0.0000000	0.0000000	0.0000000	0.0000000	0.0000000
12.2640	0.0000000	0.0000000	0.0000000	0.0000000	0.0000000	0.0000000	0.0000000	0.0000000	0.0000000	0.0000000	0.0000000	0.0000000	0.0000000	0.0000000	0.0000000	0.0000000	0.0000000	0.0000000	0.0000000	0.0000000	0.0000000	0.0000000	0.0000000	0.0000000	0.0000000	0.0000000	0.0000000	0.0000000	0.0000000	0.0000000	0.0000000	0.0000000	0.0000000	0.0000000	0.0000000	0.0000000	0.0000000	0.0000000	0.0000000	0.0000000	0.0000000	3.6404214e-08	5.6187617e-06	0.00043040087	0.016521211	0.31612815	2.9684983	14.316918	41.920371	89.991834	160.04098	251.13087	358.28564	470.77340	571.36395	638.23245	649.73783	593.05555	474.10016	322.15619	179.43958	78.980102	26.791783	7.0552937	1.5146421	0.28557927	0.050844499	0.0089984714	0.0016302445	0.00030602662	5.9713705e-05	1.2082410e-05	8.1754563e-07	0.0000000	0.0000000	0.0000000	0.0000000	0.0000000	0.0000000	0.0000000	0.0000000
13.8250	0.0000000	0.0000000	0.0000000	0.0000000	0.0000000	0.0000000	0.0000000	0.0000000	0.0000000	0.0000000	0.0000000	0.0000000	0.0000000	0.0000000	0.0000000	0.0000000	0.0000000	0.0000000	0.0000000	0.0000000	0.0000000	0.0000000	0.0000000	0.0000000	0.0000000	0.0000000	0.0000000	0.0000000	0.0000000	0.0000000	0.0000000	0.0000000	0.0000000	0.0000000	0.0000000	0.0000000	0.0000000	0.0000000	0.0000000	0.0000000	0.0000000	6.0991804e-08	8.1686450e-06	0.00055633091	0.019423356	0.34495018	3.0573224	14.092035	39.737965	82.612571	142.97391	219.29615	307.13221	397.96835	478.58089	531.81555	540.22297	492.96937	394.36330	268.21386	149.57558	65.961304	22.444004	5.9376240	1.2834217	0.24441424	0.044109217	0.0079329779	0.0014620576	0.00027907188	5.5261085e-05	1.1312165e-05	7.7157928e-07	0.0000000	0.0000000	0.0000000	0.0000000	0.0000000	0.0000000	0.0000000	0.0000000
15.4530	0.0000000	0.0000000	0.0000000	0.0000000	0.0000000	0.0000000	0.0000000	0.0000000	0.0000000	0.0000000	0.0000000	0.0000000	0.0000000	0.0000000	0.0000000	0.0000000	0.0000000	0.0000000	0.0000000	0.0000000	0.0000000	0.0000000	0.0000000	0.0000000	0.0000000	0.0000000	0.0000000	0.0000000	0.0000000	0.0000000	0.0000000	0.0000000	0.0000000	0.0000000	0.0000000	0.0000000	0.0000000	0.0000000	0.0000000	0.0000000	0.0000000	1.3356543e-07	1.6004996e-05	0.00097549368	0.030452110	0.48320156	3.8290785	15.832666	40.309785	76.197917	120.67738	170.35155	220.61909	265.18311	296.14907	305.58422	288.01999	243.60104	180.36170	113.29047	58.144821	23.478753	7.2656778	1.7334450	0.33440877	0.056123460	0.0087925877	0.0013545792	0.00021645205	3.7447846e-05	7.0089853e-06	1.3897114e-06	9.2475971e-08	0.0000000	0.0000000	0.0000000	0.0000000	0.0000000	0.0000000	0.0000000	0.0000000
11.2500	0.0000000	0.0000000	0.0000000	0.0000000	0.0000000	0.0000000	0.0000000	0.0000000	0.0000000	0.0000000	0.0000000	0.0000000	0.0000000	0.0000000	0.0000000	0.0000000	0.0000000	0.0000000	0.0000000	0.0000000	0.0000000	0.0000000	0.0000000	0.0000000	0.0000000	0.0000000	0.0000000	0.0000000	0.0000000	0.0000000	0.0000000	0.0000000	0.0000000	0.0000000	0.0000000	0.0000000	0.0000000	0.0000000	0.0000000	0.0000000	0.0000000	8.7166899e-09	1.4957505e-06	0.00012568417	0.0052277955	0.10723178	1.0697255	5.4423029	16.722097	37.518126	69.497974	113.26250	167.34761	227.01835	283.57124	325.08149	338.76545	315.78116	257.23831	177.70269	100.36593	44.671963	15.281416	4.0468575	0.87146547	0.16446667	0.029256059	0.0051653587	0.00093240138	0.00017421930	3.3811863e-05	6.8006902e-06	4.5712737e-07	0.0000000	0.0000000	0.0000000	0.0000000	0.0000000	0.0000000	0.0000000	0.0000000
11.1290	0.0000000	0.0000000	0.0000000	0.0000000	0.0000000	0.0000000	0.0000000	0.0000000	0.0000000	0.0000000	0.0000000	0.0000000	0.0000000	0.0000000	0.0000000	0.0000000	0.0000000	0.0000000	0.0000000	0.0000000	0.0000000	0.0000000	0.0000000	0.0000000	0.0000000	0.0000000	0.0000000	0.0000000	0.0000000	0.0000000	0.0000000	0.0000000	0.0000000	0.0000000	0.0000000	0.0000000	0.0000000	0.0000000	0.0000000	0.0000000	0.0000000	5.1574958e-09	9.4286516e-07	8.5796560e-05	0.0038570887	0.080162562	0.80899057	4.1626941	12.926621	29.280893	54.690261	89.737062	133.30532	181.61494	227.63363	261.65932	273.25316	255.14795	208.14222	143.97405	81.429268	36.302083	12.441406	3.3017438	0.71269573	0.13485254	0.024053672	0.0042585977	0.00077081415	0.00014440151	2.8092594e-05	5.6625826e-06	3.8132587e-07	0.0000000	0.0000000	0.0000000	0.0000000	0.0000000	0.0000000	0.0000000	0.0000000
16.3360	0.0000000	0.0000000	0.0000000	0.0000000	0.0000000	0.0000000	0.0000000	0.0000000	0.0000000	0.0000000	0.0000000	0.0000000	0.0000000	0.0000000	0.0000000	0.0000000	0.0000000	0.0000000	0.0000000	0.0000000	0.0000000	0.0000000	0.0000000	0.0000000	0.0000000	0.0000000	0.0000000	0.0000000	0.0000000	0.0000000	0.0000000	0.0000000	0.0000000	0.0000000	0.0000000	0.0000000	0.0000000	0.0000000	0.0000000	0.0000000	0.0000000	6.8057027e-08	7.7070875e-06	0.00044548303	0.013239382	0.20070551	1.5226566	6.0315638	14.702300	26.545828	40.017542	53.525756	65.486980	75.583754	84.669752	92.294955	92.565788	81.366223	61.410532	38.825441	19.908892	8.0098217	2.4741882	0.59326636	0.11646786	0.020234407	0.0033464452	0.00055454667	9.4781115e-05	1.6901151e-05	3.1516913e-06	6.1253519e-07	3.9959794e-08	0.0000000	0.0000000	0.0000000	0.0000000	0.0000000	0.0000000	0.0000000	0.0000000
13.8900	0.0000000	0.0000000	0.0000000	0.0000000	0.0000000	0.0000000	0.0000000	0.0000000	0.0000000	0.0000000	0.0000000	0.0000000	0.0000000	0.0000000	0.0000000	0.0000000	0.0000000	0.0000000	0.0000000	0.0000000	0.0000000	0.0000000	0.0000000	0.0000000	0.0000000	0.0000000	0.0000000	0.0000000	0.0000000	0.0000000	0.0000000	0.0000000	0.0000000	0.0000000	0.0000000	0.0000000	0.0000000	0.0000000	0.0000000	0.0000000	0.0000000	2.1789267e-08	2.8337989e-06	0.00018714735	0.0063313176	0.10892960	0.93502856	4.1695976	11.347243	22.703807	37.733800	55.508863	74.547890	92.729423	107.27985	114.94252	112.80003	99.612251	77.205063	50.892003	27.501408	11.743798	3.8649933	0.98625154	0.20393317	0.037095433	0.0063855157	0.0010954188	0.00019288213	3.5284795e-05	6.7266668e-06	1.3328652e-06	8.8471582e-08	0.0000000	0.0000000	0.0000000	0.0000000	0.0000000	0.0000000	0.0000000	0.0000000
16.0040	0.0000000	0.0000000	0.0000000	0.0000000	0.0000000	0.0000000	0.0000000	0.0000000	0.0000000	0.0000000	0.0000000	0.0000000	0.0000000	0.0000000	0.0000000	0.0000000	0.0000000	0.0000000	0.0000000	0.0000000	0.0000000	0.0000000	0.0000000	0.0000000	0.0000000	0.0000000	0.0000000	0.0000000	0.0000000	0.0000000	0.0000000	0.0000000	0.0000000	0.0000000	0.0000000	0.0000000	0.0000000	0.0000000	0.0000000	0.0000000	0.0000000	4.0624433e-08	4.7864853e-06	0.00028745686	0.0088543464	0.13880693	1.0881542	4.4576377	11.262229	21.147646	33.275774	46.642812	59.913388	71.360432	79.001821	80.979229	76.074497	64.400082	47.949270	30.447074	15.886829	6.5623660	2.0920638	0.51850046	0.10494100	0.018695075	0.0031540077	0.00053075027	9.1761510e-05	1.6497896e-05	3.0935817e-06	6.0328972e-07	3.9428488e-08	0.0000000	0.0000000	0.0000000	0.0000000	0.0000000	0.0000000	0.0000000	0.0000000
10.7700	0.0000000	0.0000000	0.0000000	0.0000000	0.0000000	0.0000000	0.0000000	0.0000000	0.0000000	0.0000000	0.0000000	0.0000000	0.0000000	0.0000000	0.0000000	0.0000000	0.0000000	0.0000000	0.0000000	0.0000000	0.0000000	0.0000000	0.0000000	0.0000000	0.0000000	0.0000000	0.0000000	0.0000000	0.0000000	0.0000000	0.0000000	0.0000000	0.0000000	0.0000000	0.0000000	0.0000000	0.0000000	0.0000000	0.0000000	0.0000000	0.0000000	3.4114101e-09	6.1270515e-07	5.3840620e-05	0.0023416723	0.050217011	0.52325865	2.7741832	8.8451291	20.481978	38.956375	64.884000	97.607509	134.46991	170.32304	197.75511	208.47017	196.34720	161.41793	112.40592	63.940563	28.645817	9.8590406	2.6259989	0.56864037	0.10790695	0.019298286	0.0034248190	0.00062121394	0.00011659346	2.2719697e-05	4.5860545e-06	3.0919049e-07	0.0000000	0.0000000	0.0000000	0.0000000	0.0000000	0.0000000	0.0000000	0.0000000
10.6570	0.0000000	0.0000000	0.0000000	0.0000000	0.0000000	0.0000000	0.0000000	0.0000000	0.0000000	0.0000000	0.0000000	0.0000000	0.0000000	0.0000000	0.0000000	0.0000000	0.0000000	0.0000000	0.0000000	0.0000000	0.0000000	0.0000000	0.0000000	0.0000000	0.0000000	0.0000000	0.0000000	0.0000000	0.0000000	0.0000000	0.0000000	0.0000000	0.0000000	0.0000000	0.0000000	0.0000000	0.0000000	0.0000000	0.0000000	0.0000000	0.0000000	1.6677470e-09	3.0490088e-07	2.7170752e-05	0.0011944628	0.025813811	0.27032729	1.4373556	4.5909894	10.646413	20.277060	33.821758	50.956181	70.295466	89.120279	103.51986	109.11312	102.69171	84.316894	58.617594	33.273900	14.867987	5.1008850	1.3535567	0.29184367	0.055124389	0.0098146690	0.0017350826	0.00031378136	5.8776210e-05	1.1442665e-05	2.3099525e-06	1.5589126e-07	0.0000000	0.0000000	0.0000000	0.0000000	0.0000000	0.0000000	0.0000000	0.0000000
12.6800	0.0000000	0.0000000	0.0000000	0.0000000	0.0000000	0.0000000	0.0000000	0.0000000	0.0000000	0.0000000	0.0000000	0.0000000	0.0000000	0.0000000	0.0000000	0.0000000	0.0000000	0.0000000	0.0000000	0.0000000	0.0000000	0.0000000	0.0000000	0.0000000	0.0000000	0.0000000	0.0000000	0.0000000	0.0000000	0.0000000	0.0000000	0.0000000	0.0000000	0.0000000	0.0000000	0.0000000	0.0000000	0.0000000	0.0000000	0.0000000	0.0000000	6.7420701e-09	9.4791690e-07	6.7205040e-05	0.0024238724	0.044083930	0.39533314	1.8123085	4.9993447	10.021633	16.517047	23.905706	31.430804	38.155926	44.007869	47.216085	46.344994	40.872059	31.592232	20.769075	11.199065	4.7749931	1.5703290	0.40125114	0.083651685	0.015330359	0.0026558049	0.00045786902	8.0897533e-05	1.4825334e-05	2.8267440e-06	5.5938792e-07	3.7044973e-08	0.0000000	0.0000000	0.0000000	0.0000000	0.0000000	0.0000000	0.0000000	0.0000000
11.0230	0.0000000	0.0000000	0.0000000	0.0000000	0.0000000	0.0000000	0.0000000	0.0000000	0.0000000	0.0000000	0.0000000	0.0000000	0.0000000	0.0000000	0.0000000	0.0000000	0.0000000	0.0000000	0.0000000	0.0000000	0.0000000	0.0000000	0.0000000	0.0000000	0.0000000	0.0000000	0.0000000	0.0000000	0.0000000	0.0000000	0.0000000	0.0000000	0.0000000	0.0000000	0.0000000	0.0000000	0.0000000	0.0000000	0.0000000	0.0000000	0.0000000	1.2850252e-09	2.2860296e-07	2.0006774e-05	0.00086734699	0.018103342	0.18140001	0.92262016	2.8273940	6.3344268	11.770687	19.330213	28.878691	39.704521	50.310620	58.475675	61.752238	58.331520	48.173034	33.768590	19.380768	8.7760506	3.0556405	0.82347072	0.18033409	0.034584958	0.0062483868	0.0011201080	0.00020545453	3.9082635e-05	7.7417930e-06	1.5938997e-06	1.0997876e-07	0.0000000	0.0000000	0.0000000	0.0000000	0.0000000	0.0000000	0.0000000	0.0000000
10.1150	0.0000000	0.0000000	0.0000000	0.0000000	0.0000000	0.0000000	0.0000000	0.0000000	0.0000000	0.0000000	0.0000000	0.0000000	0.0000000	0.0000000	0.0000000	0.0000000	0.0000000	0.0000000	0.0000000	0.0000000	0.0000000	0.0000000	0.0000000	0.0000000	0.0000000	0.0000000	0.0000000	0.0000000	0.0000000	0.0000000	0.0000000	0.0000000	0.0000000	0.0000000	0.0000000	0.0000000	0.0000000	0.0000000	0.0000000	0.0000000	0.0000000	1.3986463e-10	2.7445832e-08	2.6125533e-06	0.00012489073	0.0032606380	0.040798524	0.23478165	0.78751624	1.9096454	3.7867112	6.5516559	10.209434	14.539822	19.013891	22.778566	24.757578	24.014695	20.303580	14.515216	8.4613958	3.8806493	1.3668224	0.37263355	0.081942196	0.015482718	0.0027720405	0.00049582525	9.1389212e-05	1.7577709e-05	3.5321928e-06	7.3802579e-07	5.1573484e-08	0.0000000	0.0000000	0.0000000	0.0000000	0.0000000	0.0000000	0.0000000	0.0000000
