# DO NOT EDIT: written Thu Mar 14 18:48:37 2019 by wrt_emiss_fe17.pro
# faked emissivities [1e-23 ergs cm^3/s] for Fe17 lines from Del Zanna 2011, A&A 536, A59
# emissivities include ion balance, but not abundance, and are spline and ion balance jittered off of emiss_Fe17_00000.txt
# line 6 -- SEED, LOGT
# lines 7+ -- WVL, EMISSIVITY
      554032	4.00	4.05	4.10	4.15	4.20	4.25	4.30	4.35	4.40	4.45	4.50	4.55	4.60	4.65	4.70	4.75	4.80	4.85	4.90	4.95	5.00	5.05	5.10	5.15	5.20	5.25	5.30	5.35	5.40	5.45	5.50	5.55	5.60	5.65	5.70	5.75	5.80	5.85	5.90	5.95	6.00	6.05	6.10	6.15	6.20	6.25	6.30	6.35	6.40	6.45	6.50	6.55	6.60	6.65	6.70	6.75	6.80	6.85	6.90	6.95	7.00	7.05	7.10	7.15	7.20	7.25	7.30	7.35	7.40	7.45	7.50	7.55	7.60	7.65	7.70	7.75	7.80	7.85	7.90	7.95	8.00
15.0130	0.0000000	0.0000000	0.0000000	0.0000000	0.0000000	0.0000000	0.0000000	0.0000000	0.0000000	0.0000000	0.0000000	0.0000000	0.0000000	0.0000000	0.0000000	0.0000000	0.0000000	0.0000000	0.0000000	0.0000000	0.0000000	0.0000000	0.0000000	0.0000000	0.0000000	0.0000000	0.0000000	0.0000000	0.0000000	0.0000000	0.0000000	0.0000000	0.0000000	0.0000000	0.0000000	0.0000000	0.0000000	0.0000000	0.0000000	0.0000000	8.9864654e-08	1.4530946e-05	0.0011511960	0.048178040	1.0391674	12.187900	79.128478	298.04574	737.46048	1336.3176	1905.2643	2429.4679	3241.7994	4013.4956	4612.7452	4894.4729	4739.0400	4111.9521	3117.6692	2000.1752	1044.3018	426.57145	132.79851	31.956768	6.3575304	1.1427751	0.19913878	0.035064104	0.0063731499	0.0012030800	0.00023624340	4.6315638e-05	0.0000000	0.0000000	0.0000000	0.0000000	0.0000000	0.0000000	0.0000000	0.0000000	0.0000000
17.0510	0.0000000	0.0000000	0.0000000	0.0000000	0.0000000	0.0000000	0.0000000	0.0000000	0.0000000	0.0000000	0.0000000	0.0000000	0.0000000	0.0000000	0.0000000	0.0000000	0.0000000	0.0000000	0.0000000	0.0000000	0.0000000	0.0000000	0.0000000	0.0000000	0.0000000	0.0000000	0.0000000	0.0000000	0.0000000	0.0000000	0.0000000	0.0000000	0.0000000	0.0000000	0.0000000	0.0000000	0.0000000	0.0000000	0.0000000	0.0000000	2.3447177e-07	3.2127564e-05	0.0021761466	0.078805831	1.5483092	16.648806	99.625558	347.54052	800.11637	1419.8503	2154.5052	2944.2656	3708.9255	4344.4940	4732.4990	4766.4610	4386.6431	3621.7806	2614.8491	1598.1284	759.66067	268.05997	71.295434	15.615985	2.9714563	0.51186480	0.091429171	0.019269410	0.0034424681	0.00062802483	0.00011937837	2.2680591e-05	0.0000000	0.0000000	0.0000000	0.0000000	0.0000000	0.0000000	0.0000000	0.0000000	0.0000000
17.0960	0.0000000	0.0000000	0.0000000	0.0000000	0.0000000	0.0000000	0.0000000	0.0000000	0.0000000	0.0000000	0.0000000	0.0000000	0.0000000	0.0000000	0.0000000	0.0000000	0.0000000	0.0000000	0.0000000	0.0000000	0.0000000	0.0000000	0.0000000	0.0000000	0.0000000	0.0000000	0.0000000	0.0000000	0.0000000	0.0000000	0.0000000	0.0000000	0.0000000	0.0000000	0.0000000	0.0000000	0.0000000	0.0000000	0.0000000	0.0000000	1.9358324e-07	2.6385634e-05	0.0017845961	0.064929245	1.2920223	14.184486	87.285881	314.78149	733.32534	1286.0674	1924.2224	2587.5005	3201.2517	3676.3419	3920.3538	3860.2233	3468.7808	2793.0543	1964.1461	1167.6184	564.14579	212.94636	61.188708	13.585580	2.4947907	0.41441383	0.066856143	0.010922752	0.0018466360	0.00032509337	5.9674012e-05	1.0957539e-05	0.0000000	0.0000000	0.0000000	0.0000000	0.0000000	0.0000000	0.0000000	0.0000000	0.0000000
16.7760	0.0000000	0.0000000	0.0000000	0.0000000	0.0000000	0.0000000	0.0000000	0.0000000	0.0000000	0.0000000	0.0000000	0.0000000	0.0000000	0.0000000	0.0000000	0.0000000	0.0000000	0.0000000	0.0000000	0.0000000	0.0000000	0.0000000	0.0000000	0.0000000	0.0000000	0.0000000	0.0000000	0.0000000	0.0000000	0.0000000	0.0000000	0.0000000	0.0000000	0.0000000	0.0000000	0.0000000	0.0000000	0.0000000	0.0000000	0.0000000	1.4149965e-07	1.9492708e-05	0.0013264475	0.048346472	0.96038111	10.486575	63.917519	227.48448	534.25900	965.08581	1484.5565	2044.0854	2576.6358	3003.5297	3244.7927	3236.5352	2951.5682	2421.1502	1742.8195	1065.5397	531.91118	208.33178	62.345094	14.459040	2.7795370	0.48401935	0.081905593	0.014034217	0.0024865495	0.00045815772	8.7858557e-05	1.6814913e-05	0.0000000	0.0000000	0.0000000	0.0000000	0.0000000	0.0000000	0.0000000	0.0000000	0.0000000
15.2620	0.0000000	0.0000000	0.0000000	0.0000000	0.0000000	0.0000000	0.0000000	0.0000000	0.0000000	0.0000000	0.0000000	0.0000000	0.0000000	0.0000000	0.0000000	0.0000000	0.0000000	0.0000000	0.0000000	0.0000000	0.0000000	0.0000000	0.0000000	0.0000000	0.0000000	0.0000000	0.0000000	0.0000000	0.0000000	0.0000000	0.0000000	0.0000000	0.0000000	0.0000000	0.0000000	0.0000000	0.0000000	0.0000000	0.0000000	0.0000000	3.2032680e-08	4.9021336e-06	0.00036650796	0.014512938	0.30952706	3.5888876	23.009291	85.486543	208.43931	389.74969	620.47986	886.68107	1164.9614	1420.0899	1606.8522	1678.2692	1599.0494	1364.8250	1017.4458	641.43687	328.95578	131.97737	40.366592	9.5505287	1.8703321	0.33146489	0.057045995	0.0099388870	0.0017910607	0.00033594650	6.5699216e-05	1.2858545e-05	0.0000000	0.0000000	0.0000000	0.0000000	0.0000000	0.0000000	0.0000000	0.0000000	0.0000000
12.1240	0.0000000	0.0000000	0.0000000	0.0000000	0.0000000	0.0000000	0.0000000	0.0000000	0.0000000	0.0000000	0.0000000	0.0000000	0.0000000	0.0000000	0.0000000	0.0000000	0.0000000	0.0000000	0.0000000	0.0000000	0.0000000	0.0000000	0.0000000	0.0000000	0.0000000	0.0000000	0.0000000	0.0000000	0.0000000	0.0000000	0.0000000	0.0000000	0.0000000	0.0000000	0.0000000	0.0000000	0.0000000	0.0000000	0.0000000	0.0000000	1.7696976e-09	3.5360085e-07	3.3473525e-05	0.0016331481	0.041902000	0.57254781	4.2508322	18.022030	49.520276	103.16608	181.04727	282.30102	400.80664	523.16666	628.59938	692.10531	691.77105	618.17282	482.89629	320.13297	173.62668	74.214961	24.396623	6.2646073	1.3432643	0.25112894	0.044193152	0.0078468750	0.0014362887	0.00027271055	5.3787364e-05	1.0574234e-05	0.0000000	0.0000000	0.0000000	0.0000000	0.0000000	0.0000000	0.0000000	0.0000000	0.0000000
12.2640	0.0000000	0.0000000	0.0000000	0.0000000	0.0000000	0.0000000	0.0000000	0.0000000	0.0000000	0.0000000	0.0000000	0.0000000	0.0000000	0.0000000	0.0000000	0.0000000	0.0000000	0.0000000	0.0000000	0.0000000	0.0000000	0.0000000	0.0000000	0.0000000	0.0000000	0.0000000	0.0000000	0.0000000	0.0000000	0.0000000	0.0000000	0.0000000	0.0000000	0.0000000	0.0000000	0.0000000	0.0000000	0.0000000	0.0000000	0.0000000	1.7835033e-09	3.4990141e-07	3.2641382e-05	0.0015746035	0.040057984	0.54386769	4.0170123	16.944816	46.300823	95.897471	167.34482	259.65846	367.36046	478.77736	575.57474	635.16093	636.29090	568.51949	441.94862	289.61791	153.97419	63.882042	20.161087	4.9131012	0.98926549	0.17986562	0.031680190	0.0056336928	0.0010333112	0.00019668430	3.8902520e-05	7.6720530e-06	0.0000000	0.0000000	0.0000000	0.0000000	0.0000000	0.0000000	0.0000000	0.0000000	0.0000000
13.8250	0.0000000	0.0000000	0.0000000	0.0000000	0.0000000	0.0000000	0.0000000	0.0000000	0.0000000	0.0000000	0.0000000	0.0000000	0.0000000	0.0000000	0.0000000	0.0000000	0.0000000	0.0000000	0.0000000	0.0000000	0.0000000	0.0000000	0.0000000	0.0000000	0.0000000	0.0000000	0.0000000	0.0000000	0.0000000	0.0000000	0.0000000	0.0000000	0.0000000	0.0000000	0.0000000	0.0000000	0.0000000	0.0000000	0.0000000	0.0000000	3.5855752e-09	5.9173429e-07	4.7618592e-05	0.0020307659	0.046743709	0.58634895	4.0725138	16.371262	42.997882	86.156902	146.31267	222.16514	309.29987	398.97469	477.43526	526.87860	529.60835	475.73162	372.03638	245.15726	130.97398	54.570099	17.285871	4.2258559	0.85344069	0.15570262	0.027537496	0.0049209376	0.00090755584	0.00017376032	3.4570513e-05	6.8552623e-06	0.0000000	0.0000000	0.0000000	0.0000000	0.0000000	0.0000000	0.0000000	0.0000000	0.0000000
15.4530	0.0000000	0.0000000	0.0000000	0.0000000	0.0000000	0.0000000	0.0000000	0.0000000	0.0000000	0.0000000	0.0000000	0.0000000	0.0000000	0.0000000	0.0000000	0.0000000	0.0000000	0.0000000	0.0000000	0.0000000	0.0000000	0.0000000	0.0000000	0.0000000	0.0000000	0.0000000	0.0000000	0.0000000	0.0000000	0.0000000	0.0000000	0.0000000	0.0000000	0.0000000	0.0000000	0.0000000	0.0000000	0.0000000	0.0000000	0.0000000	1.0642454e-08	1.5687522e-06	0.00011279399	0.0042879800	0.087668114	0.97325374	5.9683589	21.185084	49.277973	87.749522	132.77314	179.93755	223.71858	257.50214	274.52061	269.62886	241.22547	193.11978	134.94469	79.724310	38.321686	14.417306	4.1385467	0.92035682	0.16976988	0.028413505	0.0046315771	0.00076649244	0.00013155625	2.3556778e-05	4.4047900e-06	8.2482434e-07	0.0000000	0.0000000	0.0000000	0.0000000	0.0000000	0.0000000	0.0000000	0.0000000	0.0000000
11.2500	0.0000000	0.0000000	0.0000000	0.0000000	0.0000000	0.0000000	0.0000000	0.0000000	0.0000000	0.0000000	0.0000000	0.0000000	0.0000000	0.0000000	0.0000000	0.0000000	0.0000000	0.0000000	0.0000000	0.0000000	0.0000000	0.0000000	0.0000000	0.0000000	0.0000000	0.0000000	0.0000000	0.0000000	0.0000000	0.0000000	0.0000000	0.0000000	0.0000000	0.0000000	0.0000000	0.0000000	0.0000000	0.0000000	0.0000000	0.0000000	3.3234424e-10	7.2739348e-08	7.4696501e-06	0.00039192705	0.010730431	0.15535221	1.2140487	5.3839238	15.389706	33.206173	60.134706	96.478031	140.62542	188.13700	231.37700	260.44192	265.48727	240.90646	190.15428	126.66361	68.315121	28.695651	9.1502309	2.2483578	0.45564395	0.083262526	0.014721175	0.0026249971	0.00048231269	9.1887164e-05	1.8246623e-05	3.6243834e-06	0.0000000	0.0000000	0.0000000	0.0000000	0.0000000	0.0000000	0.0000000	0.0000000	0.0000000
11.1290	0.0000000	0.0000000	0.0000000	0.0000000	0.0000000	0.0000000	0.0000000	0.0000000	0.0000000	0.0000000	0.0000000	0.0000000	0.0000000	0.0000000	0.0000000	0.0000000	0.0000000	0.0000000	0.0000000	0.0000000	0.0000000	0.0000000	0.0000000	0.0000000	0.0000000	0.0000000	0.0000000	0.0000000	0.0000000	0.0000000	0.0000000	0.0000000	0.0000000	0.0000000	0.0000000	0.0000000	0.0000000	0.0000000	0.0000000	0.0000000	2.4547689e-10	5.4748892e-08	5.7188025e-06	0.00030474205	0.0084621475	0.12410715	0.98139685	4.3988735	12.692172	27.606106	50.330971	81.195109	118.86292	159.53689	196.67558	221.79087	226.42136	205.68062	162.23168	107.66337	57.854700	24.216024	7.6962409	1.8853861	0.38107136	0.069479138	0.012261391	0.0021831239	0.00040067075	7.6275098e-05	1.5082635e-05	2.9726849e-06	0.0000000	0.0000000	0.0000000	0.0000000	0.0000000	0.0000000	0.0000000	0.0000000	0.0000000
16.3360	0.0000000	0.0000000	0.0000000	0.0000000	0.0000000	0.0000000	0.0000000	0.0000000	0.0000000	0.0000000	0.0000000	0.0000000	0.0000000	0.0000000	0.0000000	0.0000000	0.0000000	0.0000000	0.0000000	0.0000000	0.0000000	0.0000000	0.0000000	0.0000000	0.0000000	0.0000000	0.0000000	0.0000000	0.0000000	0.0000000	0.0000000	0.0000000	0.0000000	0.0000000	0.0000000	0.0000000	0.0000000	0.0000000	0.0000000	0.0000000	4.3058970e-09	6.0371752e-07	4.1591752e-05	0.0015255159	0.030321599	0.32977230	1.9942922	7.0205244	16.274741	28.989195	44.017849	60.035519	75.313543	87.705099	94.865399	94.780121	86.454897	70.695750	50.514080	30.539905	15.028812	5.7885298	1.7004400	0.38669897	0.072858643	0.012435287	0.0020636661	0.00034714844	6.0472613e-05	1.0973995e-05	2.0766264e-06	3.9299901e-07	0.0000000	0.0000000	0.0000000	0.0000000	0.0000000	0.0000000	0.0000000	0.0000000	0.0000000
13.8900	0.0000000	0.0000000	0.0000000	0.0000000	0.0000000	0.0000000	0.0000000	0.0000000	0.0000000	0.0000000	0.0000000	0.0000000	0.0000000	0.0000000	0.0000000	0.0000000	0.0000000	0.0000000	0.0000000	0.0000000	0.0000000	0.0000000	0.0000000	0.0000000	0.0000000	0.0000000	0.0000000	0.0000000	0.0000000	0.0000000	0.0000000	0.0000000	0.0000000	0.0000000	0.0000000	0.0000000	0.0000000	0.0000000	0.0000000	0.0000000	1.1195639e-09	1.7950371e-07	1.4000530e-05	0.00057762323	0.012847521	0.15561947	1.0429127	4.0389585	10.188457	19.536944	31.644622	46.263704	62.975143	79.537986	93.432551	101.52144	100.80815	89.762754	69.771677	45.551305	23.252558	9.2687331	2.8128080	0.65983403	0.12808742	0.022502203	0.0038398343	0.00066350423	0.00011860638	2.2065963e-05	4.2772226e-06	8.2859251e-07	0.0000000	0.0000000	0.0000000	0.0000000	0.0000000	0.0000000	0.0000000	0.0000000	0.0000000
16.0040	0.0000000	0.0000000	0.0000000	0.0000000	0.0000000	0.0000000	0.0000000	0.0000000	0.0000000	0.0000000	0.0000000	0.0000000	0.0000000	0.0000000	0.0000000	0.0000000	0.0000000	0.0000000	0.0000000	0.0000000	0.0000000	0.0000000	0.0000000	0.0000000	0.0000000	0.0000000	0.0000000	0.0000000	0.0000000	0.0000000	0.0000000	0.0000000	0.0000000	0.0000000	0.0000000	0.0000000	0.0000000	0.0000000	0.0000000	0.0000000	2.5595129e-09	3.7114393e-07	2.6490584e-05	0.0010066405	0.020689171	0.23206246	1.4445069	5.2271480	12.445742	22.754129	35.411334	49.388706	63.167611	74.730569	81.803865	82.380414	75.413785	61.659988	43.942205	26.457321	12.958374	4.9702129	1.4568282	0.33180245	0.062950338	0.010880366	0.0018369223	0.00031546567	5.6237230e-05	1.0457343e-05	2.0280645e-06	3.9299795e-07	0.0000000	0.0000000	0.0000000	0.0000000	0.0000000	0.0000000	0.0000000	0.0000000	0.0000000
10.7700	0.0000000	0.0000000	0.0000000	0.0000000	0.0000000	0.0000000	0.0000000	0.0000000	0.0000000	0.0000000	0.0000000	0.0000000	0.0000000	0.0000000	0.0000000	0.0000000	0.0000000	0.0000000	0.0000000	0.0000000	0.0000000	0.0000000	0.0000000	0.0000000	0.0000000	0.0000000	0.0000000	0.0000000	0.0000000	0.0000000	0.0000000	0.0000000	0.0000000	0.0000000	0.0000000	0.0000000	0.0000000	0.0000000	0.0000000	0.0000000	1.2019535e-10	2.7969407e-08	3.0431050e-06	0.00016875245	0.0048739819	0.074313380	0.61032842	2.8357601	8.4528945	18.915229	35.351564	58.295700	87.064959	119.10140	149.58812	171.76864	178.39444	164.68572	131.84450	88.685904	48.237590	20.410560	6.5496510	1.6182117	0.32950868	0.060467616	0.010729684	0.0019188558	0.00035332566	6.7401683e-05	1.3338687e-05	2.6275407e-06	0.0000000	0.0000000	0.0000000	0.0000000	0.0000000	0.0000000	0.0000000	0.0000000	0.0000000
10.6570	0.0000000	0.0000000	0.0000000	0.0000000	0.0000000	0.0000000	0.0000000	0.0000000	0.0000000	0.0000000	0.0000000	0.0000000	0.0000000	0.0000000	0.0000000	0.0000000	0.0000000	0.0000000	0.0000000	0.0000000	0.0000000	0.0000000	0.0000000	0.0000000	0.0000000	0.0000000	0.0000000	0.0000000	0.0000000	0.0000000	0.0000000	0.0000000	0.0000000	0.0000000	0.0000000	0.0000000	0.0000000	0.0000000	0.0000000	0.0000000	7.3725799e-11	1.7652104e-08	1.9389808e-06	0.00010819926	0.0031358604	0.047858547	0.39257786	1.8189873	5.4042090	12.055685	22.470523	36.972844	55.120315	75.279300	94.378293	108.14837	112.04063	103.12476	82.283322	55.149956	29.882948	12.593010	4.0236557	0.98963199	0.20057632	0.036640692	0.0064768498	0.0011552388	0.00021247923	4.0557694e-05	8.0459276e-06	1.5918173e-06	0.0000000	0.0000000	0.0000000	0.0000000	0.0000000	0.0000000	0.0000000	0.0000000	0.0000000
12.6800	0.0000000	0.0000000	0.0000000	0.0000000	0.0000000	0.0000000	0.0000000	0.0000000	0.0000000	0.0000000	0.0000000	0.0000000	0.0000000	0.0000000	0.0000000	0.0000000	0.0000000	0.0000000	0.0000000	0.0000000	0.0000000	0.0000000	0.0000000	0.0000000	0.0000000	0.0000000	0.0000000	0.0000000	0.0000000	0.0000000	0.0000000	0.0000000	0.0000000	0.0000000	0.0000000	0.0000000	0.0000000	0.0000000	0.0000000	0.0000000	4.2879212e-10	7.4386859e-08	6.2230733e-06	0.00027351614	0.0064413548	0.082037550	0.57255765	2.2788500	5.8469620	11.325562	18.439384	26.701607	35.398229	43.547621	49.789010	52.610321	50.747637	43.811520	32.961465	20.927279	10.787305	4.3426310	1.3311292	0.31541352	0.061822167	0.010955839	0.0018834284	0.00032734377	5.8753466e-05	1.0955424e-05	2.1245806e-06	4.1111150e-07	0.0000000	0.0000000	0.0000000	0.0000000	0.0000000	0.0000000	0.0000000	0.0000000	0.0000000
11.0230	0.0000000	0.0000000	0.0000000	0.0000000	0.0000000	0.0000000	0.0000000	0.0000000	0.0000000	0.0000000	0.0000000	0.0000000	0.0000000	0.0000000	0.0000000	0.0000000	0.0000000	0.0000000	0.0000000	0.0000000	0.0000000	0.0000000	0.0000000	0.0000000	0.0000000	0.0000000	0.0000000	0.0000000	0.0000000	0.0000000	0.0000000	0.0000000	0.0000000	0.0000000	0.0000000	0.0000000	0.0000000	0.0000000	0.0000000	0.0000000	4.5852404e-11	1.0402742e-08	1.1134121e-06	6.1079109e-05	0.0017468932	0.026296315	0.21263402	0.97152355	2.8509576	6.3026429	11.697214	19.252636	28.814343	39.604808	50.039621	57.814017	60.432564	56.191636	45.365030	30.822907	16.966296	7.2750973	2.3670184	0.59280049	0.12225504	0.022698622	0.0040718827	0.00073584766	0.00013702005	2.6483574e-05	5.3243373e-06	1.0687193e-06	0.0000000	0.0000000	0.0000000	0.0000000	0.0000000	0.0000000	0.0000000	0.0000000	0.0000000
10.1150	0.0000000	0.0000000	0.0000000	0.0000000	0.0000000	0.0000000	0.0000000	0.0000000	0.0000000	0.0000000	0.0000000	0.0000000	0.0000000	0.0000000	0.0000000	0.0000000	0.0000000	0.0000000	0.0000000	0.0000000	0.0000000	0.0000000	0.0000000	0.0000000	0.0000000	0.0000000	0.0000000	0.0000000	0.0000000	0.0000000	0.0000000	0.0000000	0.0000000	0.0000000	0.0000000	0.0000000	0.0000000	0.0000000	0.0000000	0.0000000	6.7764096e-12	1.7226219e-09	2.0263858e-07	1.2040515e-05	0.00036972156	0.0059526727	0.051322727	0.24905255	0.77185435	1.7874772	3.4419037	5.8263078	8.9066691	12.445029	15.945537	18.669079	19.757356	18.569236	15.118667	10.329063	5.6992561	2.4455319	0.79625950	0.19985110	0.041408704	0.0077481698	0.0014048528	0.00025716304	4.8539848e-05	9.5040627e-06	1.9327926e-06	3.9170716e-07	0.0000000	0.0000000	0.0000000	0.0000000	0.0000000	0.0000000	0.0000000	0.0000000	0.0000000
