# DO NOT EDIT: written Thu Mar 14 18:48:37 2019 by wrt_emiss_fe17.pro
# faked emissivities [1e-23 ergs cm^3/s] for Fe17 lines from Del Zanna 2011, A&A 536, A59
# emissivities include ion balance, but not abundance, and are spline and ion balance jittered off of emiss_Fe17_00000.txt
# line 6 -- SEED, LOGT
# lines 7+ -- WVL, EMISSIVITY
       32323	4.00	4.05	4.10	4.15	4.20	4.25	4.30	4.35	4.40	4.45	4.50	4.55	4.60	4.65	4.70	4.75	4.80	4.85	4.90	4.95	5.00	5.05	5.10	5.15	5.20	5.25	5.30	5.35	5.40	5.45	5.50	5.55	5.60	5.65	5.70	5.75	5.80	5.85	5.90	5.95	6.00	6.05	6.10	6.15	6.20	6.25	6.30	6.35	6.40	6.45	6.50	6.55	6.60	6.65	6.70	6.75	6.80	6.85	6.90	6.95	7.00	7.05	7.10	7.15	7.20	7.25	7.30	7.35	7.40	7.45	7.50	7.55	7.60	7.65	7.70	7.75	7.80	7.85	7.90	7.95	8.00
15.0130	0.0000000	0.0000000	0.0000000	0.0000000	0.0000000	0.0000000	0.0000000	0.0000000	0.0000000	0.0000000	0.0000000	0.0000000	0.0000000	0.0000000	0.0000000	0.0000000	0.0000000	0.0000000	0.0000000	0.0000000	0.0000000	0.0000000	0.0000000	0.0000000	0.0000000	0.0000000	0.0000000	0.0000000	0.0000000	0.0000000	0.0000000	0.0000000	0.0000000	0.0000000	0.0000000	0.0000000	0.0000000	0.0000000	0.0000000	0.0000000	0.0000000	1.2749166e-06	0.00016183711	0.010417703	0.34343781	5.7674642	48.652572	215.98347	591.97242	1196.3085	2009.0402	2991.2161	4073.3435	5140.9261	6031.4653	6554.5466	6534.5491	5882.7888	4676.2600	3189.2594	1802.9513	815.59813	287.50502	78.798967	17.383137	3.3029999	0.58337646	0.10148159	0.017986097	0.0032988545	0.00062897799	0.00012456537	1.3765891e-05	0.0000000	0.0000000	0.0000000	0.0000000	0.0000000	0.0000000	0.0000000	0.0000000
17.0510	0.0000000	0.0000000	0.0000000	0.0000000	0.0000000	0.0000000	0.0000000	0.0000000	0.0000000	0.0000000	0.0000000	0.0000000	0.0000000	0.0000000	0.0000000	0.0000000	0.0000000	0.0000000	0.0000000	0.0000000	0.0000000	0.0000000	0.0000000	0.0000000	0.0000000	0.0000000	0.0000000	0.0000000	0.0000000	0.0000000	0.0000000	0.0000000	0.0000000	0.0000000	0.0000000	0.0000000	0.0000000	0.0000000	0.0000000	0.0000000	0.0000000	2.5956633e-06	0.00029018854	0.016642568	0.49314000	7.4967324	57.587281	234.06611	590.45060	1103.7368	1722.4554	2392.5366	3049.6936	3612.9185	3988.1711	4086.3812	3848.7743	3279.1459	2470.2751	1598.4107	858.20193	369.12258	123.88207	32.388925	6.8328278	1.2451163	0.21154613	0.035511178	0.0060929711	0.0010853385	0.00020155731	3.8973530e-05	4.2141861e-06	0.0000000	0.0000000	0.0000000	0.0000000	0.0000000	0.0000000	0.0000000	0.0000000
17.0960	0.0000000	0.0000000	0.0000000	0.0000000	0.0000000	0.0000000	0.0000000	0.0000000	0.0000000	0.0000000	0.0000000	0.0000000	0.0000000	0.0000000	0.0000000	0.0000000	0.0000000	0.0000000	0.0000000	0.0000000	0.0000000	0.0000000	0.0000000	0.0000000	0.0000000	0.0000000	0.0000000	0.0000000	0.0000000	0.0000000	0.0000000	0.0000000	0.0000000	0.0000000	0.0000000	0.0000000	0.0000000	0.0000000	0.0000000	0.0000000	0.0000000	2.1183405e-06	0.00023571408	0.013465835	0.39819059	6.0491698	46.449015	188.52393	473.96413	880.77125	1362.7328	1872.0623	2354.6032	3316.8772	4031.2167	4052.4137	3738.4519	3114.9017	2291.0516	1444.8038	754.51733	314.96213	102.36981	25.870314	5.2667535	0.92502749	0.15136526	0.024462494	0.0040402910	0.00062204703	9.1554976e-05	1.7049025e-05	1.7760083e-06	0.0000000	0.0000000	0.0000000	0.0000000	0.0000000	0.0000000	0.0000000	0.0000000
16.7760	0.0000000	0.0000000	0.0000000	0.0000000	0.0000000	0.0000000	0.0000000	0.0000000	0.0000000	0.0000000	0.0000000	0.0000000	0.0000000	0.0000000	0.0000000	0.0000000	0.0000000	0.0000000	0.0000000	0.0000000	0.0000000	0.0000000	0.0000000	0.0000000	0.0000000	0.0000000	0.0000000	0.0000000	0.0000000	0.0000000	0.0000000	0.0000000	0.0000000	0.0000000	0.0000000	0.0000000	0.0000000	0.0000000	0.0000000	0.0000000	0.0000000	1.7760815e-06	0.00020253314	0.011826526	0.35692581	5.5334329	43.410459	180.44832	465.99308	891.97548	1424.6932	2022.9551	2629.7539	3169.0830	3551.0970	3687.1807	3514.1842	3026.5629	2303.1784	1504.6551	815.22633	353.61340	119.59116	31.478920	6.6789116	1.2227374	0.20848603	0.035083606	0.0060272125	0.0010735835	0.00019908683	3.8382817e-05	4.1315532e-06	0.0000000	0.0000000	0.0000000	0.0000000	0.0000000	0.0000000	0.0000000	0.0000000
15.2620	0.0000000	0.0000000	0.0000000	0.0000000	0.0000000	0.0000000	0.0000000	0.0000000	0.0000000	0.0000000	0.0000000	0.0000000	0.0000000	0.0000000	0.0000000	0.0000000	0.0000000	0.0000000	0.0000000	0.0000000	0.0000000	0.0000000	0.0000000	0.0000000	0.0000000	0.0000000	0.0000000	0.0000000	0.0000000	0.0000000	0.0000000	0.0000000	0.0000000	0.0000000	0.0000000	0.0000000	0.0000000	0.0000000	0.0000000	0.0000000	0.0000000	4.1936260e-07	5.2303663e-05	0.0033137712	0.10760659	1.7794995	14.766305	64.415843	173.36001	343.87097	566.86170	828.93173	1109.4664	1377.2269	1590.4009	1702.4759	1673.2639	1486.3755	1166.9436	786.82948	440.22822	197.32140	69.005342	18.788547	4.1239404	0.78101306	0.13775144	0.023979992	0.0042629547	0.00078619029	0.00015113182	3.0259191e-05	3.3871441e-06	0.0000000	0.0000000	0.0000000	0.0000000	0.0000000	0.0000000	0.0000000	0.0000000
12.1240	0.0000000	0.0000000	0.0000000	0.0000000	0.0000000	0.0000000	0.0000000	0.0000000	0.0000000	0.0000000	0.0000000	0.0000000	0.0000000	0.0000000	0.0000000	0.0000000	0.0000000	0.0000000	0.0000000	0.0000000	0.0000000	0.0000000	0.0000000	0.0000000	0.0000000	0.0000000	0.0000000	0.0000000	0.0000000	0.0000000	0.0000000	0.0000000	0.0000000	0.0000000	0.0000000	0.0000000	0.0000000	0.0000000	0.0000000	0.0000000	0.0000000	3.2891072e-08	5.1918771e-06	0.00040538183	0.015850259	0.30936094	2.9788513	14.866366	45.221217	100.27201	182.87477	292.93356	425.42999	567.90700	699.45789	792.70517	819.39039	760.90982	621.10774	433.24220	249.58915	114.68779	40.953803	11.348067	2.5274528	0.48430638	0.086179880	0.015092875	0.0026917563	0.00049667204	9.5243150e-05	1.8964111e-05	2.1070699e-06	0.0000000	0.0000000	0.0000000	0.0000000	0.0000000	0.0000000	0.0000000	0.0000000
12.2640	0.0000000	0.0000000	0.0000000	0.0000000	0.0000000	0.0000000	0.0000000	0.0000000	0.0000000	0.0000000	0.0000000	0.0000000	0.0000000	0.0000000	0.0000000	0.0000000	0.0000000	0.0000000	0.0000000	0.0000000	0.0000000	0.0000000	0.0000000	0.0000000	0.0000000	0.0000000	0.0000000	0.0000000	0.0000000	0.0000000	0.0000000	0.0000000	0.0000000	0.0000000	0.0000000	0.0000000	0.0000000	0.0000000	0.0000000	0.0000000	0.0000000	3.6859250e-08	5.7234001e-06	0.00044108183	0.017072691	0.33063668	3.1635120	15.691114	47.408886	104.36733	188.95122	300.54807	433.80530	576.31969	707.36563	799.73048	825.29273	765.51565	624.28892	435.18329	250.66932	115.03853	40.969961	11.327540	2.5181553	0.48164313	0.085531452	0.014942347	0.0026566589	0.00048828042	9.3176377e-05	1.8441292e-05	2.0342451e-06	0.0000000	0.0000000	0.0000000	0.0000000	0.0000000	0.0000000	0.0000000	0.0000000
13.8250	0.0000000	0.0000000	0.0000000	0.0000000	0.0000000	0.0000000	0.0000000	0.0000000	0.0000000	0.0000000	0.0000000	0.0000000	0.0000000	0.0000000	0.0000000	0.0000000	0.0000000	0.0000000	0.0000000	0.0000000	0.0000000	0.0000000	0.0000000	0.0000000	0.0000000	0.0000000	0.0000000	0.0000000	0.0000000	0.0000000	0.0000000	0.0000000	0.0000000	0.0000000	0.0000000	0.0000000	0.0000000	0.0000000	0.0000000	0.0000000	0.0000000	5.9680296e-08	8.0060184e-06	0.00054591672	0.019120609	0.34188310	3.0714208	14.486458	41.956834	89.080473	156.41373	242.58478	343.24854	449.58450	547.13097	616.20078	635.66062	590.65706	482.97239	337.53392	194.87003	89.779716	32.167970	8.9519436	2.0047839	0.38687897	0.069441270	0.012284560	0.0022155303	0.00041366970	8.0286404e-05	1.6174501e-05	1.8163292e-06	0.0000000	0.0000000	0.0000000	0.0000000	0.0000000	0.0000000	0.0000000	0.0000000
15.4530	0.0000000	0.0000000	0.0000000	0.0000000	0.0000000	0.0000000	0.0000000	0.0000000	0.0000000	0.0000000	0.0000000	0.0000000	0.0000000	0.0000000	0.0000000	0.0000000	0.0000000	0.0000000	0.0000000	0.0000000	0.0000000	0.0000000	0.0000000	0.0000000	0.0000000	0.0000000	0.0000000	0.0000000	0.0000000	0.0000000	0.0000000	0.0000000	0.0000000	0.0000000	0.0000000	0.0000000	0.0000000	0.0000000	0.0000000	0.0000000	0.0000000	1.2044803e-07	1.4520809e-05	0.00089048721	0.028023420	0.44959646	3.6224291	15.347242	40.094400	77.111332	123.02415	173.68181	223.78794	266.54266	294.23044	299.89964	279.53631	234.53480	173.18093	109.34999	57.049447	23.744899	7.6828695	1.9313981	0.39118535	0.068416794	0.011166192	0.0018043320	0.00029891675	5.1572949e-05	9.3042228e-06	1.7525038e-06	1.8504071e-07	0.0000000	0.0000000	0.0000000	0.0000000	0.0000000	0.0000000	0.0000000	0.0000000
11.2500	0.0000000	0.0000000	0.0000000	0.0000000	0.0000000	0.0000000	0.0000000	0.0000000	0.0000000	0.0000000	0.0000000	0.0000000	0.0000000	0.0000000	0.0000000	0.0000000	0.0000000	0.0000000	0.0000000	0.0000000	0.0000000	0.0000000	0.0000000	0.0000000	0.0000000	0.0000000	0.0000000	0.0000000	0.0000000	0.0000000	0.0000000	0.0000000	0.0000000	0.0000000	0.0000000	0.0000000	0.0000000	0.0000000	0.0000000	0.0000000	0.0000000	6.8399211e-09	1.2075272e-06	0.00010406645	0.0044357325	0.093264329	0.95626491	5.0232258	15.902398	36.322321	67.637551	109.80592	160.64802	214.99695	264.45676	298.50206	306.82256	283.23315	230.02862	160.01128	92.277521	42.669654	15.435298	4.3670542	1.0017325	0.19900140	0.036834342	0.0067125127	0.0012428910	0.00023700617	4.6659788e-05	9.4699413e-06	1.0652497e-06	0.0000000	0.0000000	0.0000000	0.0000000	0.0000000	0.0000000	0.0000000	0.0000000
11.1290	0.0000000	0.0000000	0.0000000	0.0000000	0.0000000	0.0000000	0.0000000	0.0000000	0.0000000	0.0000000	0.0000000	0.0000000	0.0000000	0.0000000	0.0000000	0.0000000	0.0000000	0.0000000	0.0000000	0.0000000	0.0000000	0.0000000	0.0000000	0.0000000	0.0000000	0.0000000	0.0000000	0.0000000	0.0000000	0.0000000	0.0000000	0.0000000	0.0000000	0.0000000	0.0000000	0.0000000	0.0000000	0.0000000	0.0000000	0.0000000	0.0000000	4.7070137e-09	8.2643570e-07	7.1010017e-05	0.0030249422	0.063712050	0.65585644	3.4662676	11.063725	25.540020	48.188362	79.475143	118.44972	161.95584	204.12087	236.73387	250.67113	238.91188	200.53707	144.01085	85.457374	40.443119	14.862842	4.2064325	0.94499962	0.18259300	0.032747850	0.0057769523	0.0010370437	0.00019244282	3.7079120e-05	7.4102825e-06	8.2527968e-07	0.0000000	0.0000000	0.0000000	0.0000000	0.0000000	0.0000000	0.0000000	0.0000000
16.3360	0.0000000	0.0000000	0.0000000	0.0000000	0.0000000	0.0000000	0.0000000	0.0000000	0.0000000	0.0000000	0.0000000	0.0000000	0.0000000	0.0000000	0.0000000	0.0000000	0.0000000	0.0000000	0.0000000	0.0000000	0.0000000	0.0000000	0.0000000	0.0000000	0.0000000	0.0000000	0.0000000	0.0000000	0.0000000	0.0000000	0.0000000	0.0000000	0.0000000	0.0000000	0.0000000	0.0000000	0.0000000	0.0000000	0.0000000	0.0000000	0.0000000	5.3036550e-08	6.1424857e-06	0.00036363586	0.011109984	0.17406957	1.3764479	5.7471932	14.849050	28.313897	44.881209	63.074013	81.043511	96.455256	106.63494	109.08945	102.25920	86.422624	64.346674	40.999800	21.602785	9.0958080	2.9839807	0.76236891	0.15729534	0.028080548	0.0046828731	0.00077312696	0.00013071716	2.2985459e-05	4.2202020e-06	8.0778302e-07	8.6547157e-08	0.0000000	0.0000000	0.0000000	0.0000000	0.0000000	0.0000000	0.0000000	0.0000000
13.8900	0.0000000	0.0000000	0.0000000	0.0000000	0.0000000	0.0000000	0.0000000	0.0000000	0.0000000	0.0000000	0.0000000	0.0000000	0.0000000	0.0000000	0.0000000	0.0000000	0.0000000	0.0000000	0.0000000	0.0000000	0.0000000	0.0000000	0.0000000	0.0000000	0.0000000	0.0000000	0.0000000	0.0000000	0.0000000	0.0000000	0.0000000	0.0000000	0.0000000	0.0000000	0.0000000	0.0000000	0.0000000	0.0000000	0.0000000	0.0000000	0.0000000	1.9432415e-08	2.5404573e-06	0.00016845213	0.0057285293	0.099342239	0.86452956	3.9417876	10.996530	22.393560	37.562756	55.457313	74.490514	92.457657	106.55564	113.61656	110.95636	97.614567	75.569148	49.982255	27.294191	11.889359	4.0310336	1.0639894	0.22668284	0.041744269	0.0071733122	0.0012190683	0.00021196842	3.8299173e-05	7.2206318e-06	1.4185309e-06	1.5594379e-07	0.0000000	0.0000000	0.0000000	0.0000000	0.0000000	0.0000000	0.0000000	0.0000000
16.0040	0.0000000	0.0000000	0.0000000	0.0000000	0.0000000	0.0000000	0.0000000	0.0000000	0.0000000	0.0000000	0.0000000	0.0000000	0.0000000	0.0000000	0.0000000	0.0000000	0.0000000	0.0000000	0.0000000	0.0000000	0.0000000	0.0000000	0.0000000	0.0000000	0.0000000	0.0000000	0.0000000	0.0000000	0.0000000	0.0000000	0.0000000	0.0000000	0.0000000	0.0000000	0.0000000	0.0000000	0.0000000	0.0000000	0.0000000	0.0000000	0.0000000	3.5422894e-08	4.1717539e-06	0.00025027899	0.0077166077	0.12154924	0.96411259	4.0344114	10.450038	19.998506	31.847132	45.000189	58.176670	69.722739	77.716591	80.306729	76.206831	65.361527	49.522964	32.199810	17.353964	7.4835494	2.5151215	0.65795784	0.13880970	0.025286858	0.0042946800	0.00072084653	0.00012371228	2.2048506e-05	4.0970099e-06	7.9248792e-07	8.5678370e-08	0.0000000	0.0000000	0.0000000	0.0000000	0.0000000	0.0000000	0.0000000	0.0000000
10.7700	0.0000000	0.0000000	0.0000000	0.0000000	0.0000000	0.0000000	0.0000000	0.0000000	0.0000000	0.0000000	0.0000000	0.0000000	0.0000000	0.0000000	0.0000000	0.0000000	0.0000000	0.0000000	0.0000000	0.0000000	0.0000000	0.0000000	0.0000000	0.0000000	0.0000000	0.0000000	0.0000000	0.0000000	0.0000000	0.0000000	0.0000000	0.0000000	0.0000000	0.0000000	0.0000000	0.0000000	0.0000000	0.0000000	0.0000000	0.0000000	0.0000000	2.2503814e-09	4.0673786e-07	3.6016429e-05	0.0015845086	0.034559875	0.36945126	2.0326134	6.7635044	16.284156	32.053347	55.166356	85.818143	122.40543	160.69372	193.54334	211.83785	202.54296	169.06780	120.28594	70.520650	32.915141	11.920224	3.3455313	0.75398927	0.14610813	0.026273633	0.0046458993	0.00083577347	0.00015366515	2.7769166e-05	5.1245672e-06	5.4153366e-07	0.0000000	0.0000000	0.0000000	0.0000000	0.0000000	0.0000000	0.0000000	0.0000000
10.6570	0.0000000	0.0000000	0.0000000	0.0000000	0.0000000	0.0000000	0.0000000	0.0000000	0.0000000	0.0000000	0.0000000	0.0000000	0.0000000	0.0000000	0.0000000	0.0000000	0.0000000	0.0000000	0.0000000	0.0000000	0.0000000	0.0000000	0.0000000	0.0000000	0.0000000	0.0000000	0.0000000	0.0000000	0.0000000	0.0000000	0.0000000	0.0000000	0.0000000	0.0000000	0.0000000	0.0000000	0.0000000	0.0000000	0.0000000	0.0000000	0.0000000	1.2828208e-09	2.3516924e-07	2.1073938e-05	0.00093591731	0.020547887	0.22039093	1.2126083	4.0238053	9.6361852	18.812924	32.014050	49.075102	68.768141	88.458773	104.16844	111.27472	106.21980	88.677266	62.971694	36.781604	17.074823	6.1408059	1.7092468	0.38160886	0.073204174	0.013031772	0.0022827720	0.00040727460	7.5207862e-05	1.4442184e-05	2.8817130e-06	3.2103012e-07	0.0000000	0.0000000	0.0000000	0.0000000	0.0000000	0.0000000	0.0000000	0.0000000
12.6800	0.0000000	0.0000000	0.0000000	0.0000000	0.0000000	0.0000000	0.0000000	0.0000000	0.0000000	0.0000000	0.0000000	0.0000000	0.0000000	0.0000000	0.0000000	0.0000000	0.0000000	0.0000000	0.0000000	0.0000000	0.0000000	0.0000000	0.0000000	0.0000000	0.0000000	0.0000000	0.0000000	0.0000000	0.0000000	0.0000000	0.0000000	0.0000000	0.0000000	0.0000000	0.0000000	0.0000000	0.0000000	0.0000000	0.0000000	0.0000000	0.0000000	5.3904659e-09	7.5602183e-07	5.3465527e-05	0.0019289504	0.035267943	0.36014653	1.8698219	5.7114242	12.017776	20.358391	30.280762	40.993471	51.397081	59.907089	64.666492	63.609988	55.169837	42.119348	27.532177	14.902981	6.4555270	2.1819581	0.57503110	0.12244669	0.022559660	0.0038815852	0.00066075274	0.00011509064	2.0828339e-05	3.9319300e-06	7.7321354e-07	8.5080404e-08	0.0000000	0.0000000	0.0000000	0.0000000	0.0000000	0.0000000	0.0000000	0.0000000
11.0230	0.0000000	0.0000000	0.0000000	0.0000000	0.0000000	0.0000000	0.0000000	0.0000000	0.0000000	0.0000000	0.0000000	0.0000000	0.0000000	0.0000000	0.0000000	0.0000000	0.0000000	0.0000000	0.0000000	0.0000000	0.0000000	0.0000000	0.0000000	0.0000000	0.0000000	0.0000000	0.0000000	0.0000000	0.0000000	0.0000000	0.0000000	0.0000000	0.0000000	0.0000000	0.0000000	0.0000000	0.0000000	0.0000000	0.0000000	0.0000000	0.0000000	1.0068936e-09	1.7855552e-07	1.5546455e-05	0.00067073910	0.014249213	0.14735370	0.77991858	2.4883108	5.7390359	10.830362	17.886410	26.702513	36.546794	46.021785	54.153962	58.080426	55.845593	47.119788	33.933726	20.169893	9.5546185	3.5123246	0.99997161	0.22832331	0.044757709	0.0081311881	0.0014511318	0.00026350600	4.9512723e-05	9.6760946e-06	1.9653562e-06	2.2290094e-07	0.0000000	0.0000000	0.0000000	0.0000000	0.0000000	0.0000000	0.0000000	0.0000000
10.1150	0.0000000	0.0000000	0.0000000	0.0000000	0.0000000	0.0000000	0.0000000	0.0000000	0.0000000	0.0000000	0.0000000	0.0000000	0.0000000	0.0000000	0.0000000	0.0000000	0.0000000	0.0000000	0.0000000	0.0000000	0.0000000	0.0000000	0.0000000	0.0000000	0.0000000	0.0000000	0.0000000	0.0000000	0.0000000	0.0000000	0.0000000	0.0000000	0.0000000	0.0000000	0.0000000	0.0000000	0.0000000	0.0000000	0.0000000	0.0000000	0.0000000	1.4529508e-10	2.8298193e-08	2.6693761e-06	0.00012378365	0.0028183017	0.031174143	0.17604620	0.59689352	1.4546307	2.8829443	4.9801307	7.7697392	11.140239	14.781489	18.141336	20.430903	20.804181	18.700069	14.307881	8.9394864	4.3946638	1.6525775	0.47473637	0.10956509	0.021758003	0.0040122220	0.00072768761	0.00013335796	2.5036370e-05	4.8674834e-06	9.7960495e-07	1.0971750e-07	0.0000000	0.0000000	0.0000000	0.0000000	0.0000000	0.0000000	0.0000000	0.0000000
