# DO NOT EDIT: written Thu Mar 14 18:48:37 2019 by wrt_emiss_fe17.pro
# faked emissivities [1e-23 ergs cm^3/s] for Fe17 lines from Del Zanna 2011, A&A 536, A59
# emissivities include ion balance, but not abundance, and are spline and ion balance jittered off of emiss_Fe17_00000.txt
# line 6 -- SEED, LOGT
# lines 7+ -- WVL, EMISSIVITY
       11280	4.00	4.05	4.10	4.15	4.20	4.25	4.30	4.35	4.40	4.45	4.50	4.55	4.60	4.65	4.70	4.75	4.80	4.85	4.90	4.95	5.00	5.05	5.10	5.15	5.20	5.25	5.30	5.35	5.40	5.45	5.50	5.55	5.60	5.65	5.70	5.75	5.80	5.85	5.90	5.95	6.00	6.05	6.10	6.15	6.20	6.25	6.30	6.35	6.40	6.45	6.50	6.55	6.60	6.65	6.70	6.75	6.80	6.85	6.90	6.95	7.00	7.05	7.10	7.15	7.20	7.25	7.30	7.35	7.40	7.45	7.50	7.55	7.60	7.65	7.70	7.75	7.80	7.85	7.90	7.95	8.00
15.0130	0.0000000	0.0000000	0.0000000	0.0000000	0.0000000	0.0000000	0.0000000	0.0000000	0.0000000	0.0000000	0.0000000	0.0000000	0.0000000	0.0000000	0.0000000	0.0000000	0.0000000	0.0000000	0.0000000	0.0000000	0.0000000	0.0000000	0.0000000	0.0000000	0.0000000	0.0000000	0.0000000	0.0000000	0.0000000	0.0000000	0.0000000	0.0000000	0.0000000	0.0000000	0.0000000	0.0000000	0.0000000	0.0000000	0.0000000	0.0000000	0.0000000	1.3758525e-06	0.00017454444	0.011229600	0.36978596	6.1963951	52.060652	229.60782	624.38483	1252.5628	2089.1304	3088.1489	4170.9096	5213.0840	6045.3107	6478.6135	6351.9435	5605.3616	4350.5249	2883.4040	1575.0705	686.29212	236.05962	65.298543	14.974372	2.9193167	0.52472524	0.092683750	0.016649981	0.0030890336	0.00059461324	0.00011865773	1.2333240e-05	0.0000000	0.0000000	0.0000000	0.0000000	0.0000000	0.0000000	0.0000000	0.0000000
17.0510	0.0000000	0.0000000	0.0000000	0.0000000	0.0000000	0.0000000	0.0000000	0.0000000	0.0000000	0.0000000	0.0000000	0.0000000	0.0000000	0.0000000	0.0000000	0.0000000	0.0000000	0.0000000	0.0000000	0.0000000	0.0000000	0.0000000	0.0000000	0.0000000	0.0000000	0.0000000	0.0000000	0.0000000	0.0000000	0.0000000	0.0000000	0.0000000	0.0000000	0.0000000	0.0000000	0.0000000	0.0000000	0.0000000	0.0000000	0.0000000	0.0000000	2.6721861e-06	0.00029935465	0.017189260	0.50920144	7.7258878	59.106487	238.68022	597.62364	1110.2645	1724.7731	2387.6945	3036.0356	3590.9658	3961.2052	4060.1254	3829.6224	3271.4137	2473.7787	1608.4444	868.44104	375.55987	126.62307	33.252471	7.0540906	1.2940177	0.22121939	0.037277792	0.0063955590	0.0011330132	0.00020792824	3.9510190e-05	3.9116439e-06	0.0000000	0.0000000	0.0000000	0.0000000	0.0000000	0.0000000	0.0000000	0.0000000
17.0960	0.0000000	0.0000000	0.0000000	0.0000000	0.0000000	0.0000000	0.0000000	0.0000000	0.0000000	0.0000000	0.0000000	0.0000000	0.0000000	0.0000000	0.0000000	0.0000000	0.0000000	0.0000000	0.0000000	0.0000000	0.0000000	0.0000000	0.0000000	0.0000000	0.0000000	0.0000000	0.0000000	0.0000000	0.0000000	0.0000000	0.0000000	0.0000000	0.0000000	0.0000000	0.0000000	0.0000000	0.0000000	0.0000000	0.0000000	0.0000000	0.0000000	2.5454938e-06	0.00028200587	0.016036337	0.47169483	7.1209049	54.248487	217.99307	542.20930	998.13222	1532.0567	2089.7053	2610.6077	3024.9627	3259.7580	3254.6471	2981.3790	2465.6556	1798.9447	1124.3423	594.99610	306.74190	98.808035	24.750751	5.0062402	0.87636234	0.14327924	0.023168785	0.0038315853	0.00065799213	0.00011782785	2.1971687e-05	2.1427466e-06	0.0000000	0.0000000	0.0000000	0.0000000	0.0000000	0.0000000	0.0000000	0.0000000
16.7760	0.0000000	0.0000000	0.0000000	0.0000000	0.0000000	0.0000000	0.0000000	0.0000000	0.0000000	0.0000000	0.0000000	0.0000000	0.0000000	0.0000000	0.0000000	0.0000000	0.0000000	0.0000000	0.0000000	0.0000000	0.0000000	0.0000000	0.0000000	0.0000000	0.0000000	0.0000000	0.0000000	0.0000000	0.0000000	0.0000000	0.0000000	0.0000000	0.0000000	0.0000000	0.0000000	0.0000000	0.0000000	0.0000000	0.0000000	0.0000000	0.0000000	2.0905130e-06	0.00023368931	0.013368003	0.39477848	5.9799074	45.739479	184.89337	463.98244	864.78542	1348.9868	1876.6673	2398.7724	2854.4211	3174.0968	3289.3452	3147.8231	2735.8215	2108.7233	1398.6159	770.07351	339.40054	116.56180	31.166888	6.5946425	1.2010911	0.20433474	0.034372896	0.0059103060	0.0010544561	0.00019597204	3.7882085e-05	3.8246800e-06	0.0000000	0.0000000	0.0000000	0.0000000	0.0000000	0.0000000	0.0000000	0.0000000
15.2620	0.0000000	0.0000000	0.0000000	0.0000000	0.0000000	0.0000000	0.0000000	0.0000000	0.0000000	0.0000000	0.0000000	0.0000000	0.0000000	0.0000000	0.0000000	0.0000000	0.0000000	0.0000000	0.0000000	0.0000000	0.0000000	0.0000000	0.0000000	0.0000000	0.0000000	0.0000000	0.0000000	0.0000000	0.0000000	0.0000000	0.0000000	0.0000000	0.0000000	0.0000000	0.0000000	0.0000000	0.0000000	0.0000000	0.0000000	0.0000000	0.0000000	3.9171127e-07	4.8998563e-05	0.0031180895	0.10179926	1.6935323	14.134912	61.975941	167.73271	335.40574	558.81138	827.39866	1122.7228	1414.2748	1658.4668	1803.4767	1800.4763	1623.6828	1292.6892	882.38835	498.61010	225.06463	79.038920	21.545056	4.7047245	0.88824643	0.15636686	0.027169702	0.0048171657	0.00088476040	0.00016908913	3.3590443e-05	3.4843486e-06	0.0000000	0.0000000	0.0000000	0.0000000	0.0000000	0.0000000	0.0000000	0.0000000
12.1240	0.0000000	0.0000000	0.0000000	0.0000000	0.0000000	0.0000000	0.0000000	0.0000000	0.0000000	0.0000000	0.0000000	0.0000000	0.0000000	0.0000000	0.0000000	0.0000000	0.0000000	0.0000000	0.0000000	0.0000000	0.0000000	0.0000000	0.0000000	0.0000000	0.0000000	0.0000000	0.0000000	0.0000000	0.0000000	0.0000000	0.0000000	0.0000000	0.0000000	0.0000000	0.0000000	0.0000000	0.0000000	0.0000000	0.0000000	0.0000000	0.0000000	2.9208508e-08	4.5930448e-06	0.00035728444	0.013911978	0.27022560	2.5861899	12.811700	39.149793	87.349034	160.58194	259.57734	380.68035	513.34477	638.83767	731.62787	764.21556	716.98745	590.93533	415.75546	241.19557	111.38661	39.902896	11.088961	2.4812509	0.47883735	0.085949162	0.015189653	0.0027324735	0.00050796914	9.7995077e-05	1.9592598e-05	2.0396830e-06	0.0000000	0.0000000	0.0000000	0.0000000	0.0000000	0.0000000	0.0000000	0.0000000
12.2640	0.0000000	0.0000000	0.0000000	0.0000000	0.0000000	0.0000000	0.0000000	0.0000000	0.0000000	0.0000000	0.0000000	0.0000000	0.0000000	0.0000000	0.0000000	0.0000000	0.0000000	0.0000000	0.0000000	0.0000000	0.0000000	0.0000000	0.0000000	0.0000000	0.0000000	0.0000000	0.0000000	0.0000000	0.0000000	0.0000000	0.0000000	0.0000000	0.0000000	0.0000000	0.0000000	0.0000000	0.0000000	0.0000000	0.0000000	0.0000000	0.0000000	2.7960029e-08	4.3389112e-06	0.00033422659	0.012925811	0.24993978	2.3844729	11.770654	35.374249	77.569698	140.10669	222.53401	320.86590	425.87903	522.19092	596.48789	667.16713	659.57405	564.74416	408.08743	240.97784	112.23195	39.767070	10.943926	2.4280200	0.46510042	0.082949227	0.014579403	0.0026107651	0.00048357963	9.2108578e-05	1.8114970e-05	1.8554241e-06	0.0000000	0.0000000	0.0000000	0.0000000	0.0000000	0.0000000	0.0000000	0.0000000
13.8250	0.0000000	0.0000000	0.0000000	0.0000000	0.0000000	0.0000000	0.0000000	0.0000000	0.0000000	0.0000000	0.0000000	0.0000000	0.0000000	0.0000000	0.0000000	0.0000000	0.0000000	0.0000000	0.0000000	0.0000000	0.0000000	0.0000000	0.0000000	0.0000000	0.0000000	0.0000000	0.0000000	0.0000000	0.0000000	0.0000000	0.0000000	0.0000000	0.0000000	0.0000000	0.0000000	0.0000000	0.0000000	0.0000000	0.0000000	0.0000000	0.0000000	5.3331086e-08	7.2324540e-06	0.00049826410	0.017610449	0.31721696	2.8639430	13.534190	39.245981	83.651492	148.08957	232.72113	335.44550	449.44876	546.45648	614.69390	633.10428	587.02144	478.57520	333.08462	191.21138	87.436544	31.048744	8.5645394	1.9056198	0.36652550	0.065731678	0.011634886	0.0021010846	0.00039289056	7.6371106e-05	1.5406920e-05	1.6197257e-06	0.0000000	0.0000000	0.0000000	0.0000000	0.0000000	0.0000000	0.0000000	0.0000000
15.4530	0.0000000	0.0000000	0.0000000	0.0000000	0.0000000	0.0000000	0.0000000	0.0000000	0.0000000	0.0000000	0.0000000	0.0000000	0.0000000	0.0000000	0.0000000	0.0000000	0.0000000	0.0000000	0.0000000	0.0000000	0.0000000	0.0000000	0.0000000	0.0000000	0.0000000	0.0000000	0.0000000	0.0000000	0.0000000	0.0000000	0.0000000	0.0000000	0.0000000	0.0000000	0.0000000	0.0000000	0.0000000	0.0000000	0.0000000	0.0000000	0.0000000	1.1273357e-07	1.3583832e-05	0.00083121127	0.026051182	0.41542518	3.3189624	13.906523	35.891182	68.270400	107.88714	151.02850	193.10829	228.39744	250.54424	253.97422	235.63389	196.95758	145.01023	91.366401	47.595525	19.793936	6.4053814	1.6134161	0.32847677	0.057932454	0.0095498284	0.0015580396	0.00026012765	4.5122354e-05	8.7544181e-06	1.8082501e-06	1.8845517e-07	0.0000000	0.0000000	0.0000000	0.0000000	0.0000000	0.0000000	0.0000000	0.0000000
11.2500	0.0000000	0.0000000	0.0000000	0.0000000	0.0000000	0.0000000	0.0000000	0.0000000	0.0000000	0.0000000	0.0000000	0.0000000	0.0000000	0.0000000	0.0000000	0.0000000	0.0000000	0.0000000	0.0000000	0.0000000	0.0000000	0.0000000	0.0000000	0.0000000	0.0000000	0.0000000	0.0000000	0.0000000	0.0000000	0.0000000	0.0000000	0.0000000	0.0000000	0.0000000	0.0000000	0.0000000	0.0000000	0.0000000	0.0000000	0.0000000	0.0000000	7.2332334e-09	1.2166196e-06	0.00010024129	0.0040997889	0.083051955	0.82400466	4.2086623	13.049511	29.551742	55.523637	91.390698	136.04880	185.73447	233.82998	275.17972	296.93331	289.42548	249.27118	183.58775	110.63565	52.209925	18.660998	5.0619625	1.0903106	0.20140899	0.034731362	0.0059698862	0.0010584384	0.00019619777	3.8107426e-05	7.7287808e-06	8.2043868e-07	0.0000000	0.0000000	0.0000000	0.0000000	0.0000000	0.0000000	0.0000000	0.0000000
11.1290	0.0000000	0.0000000	0.0000000	0.0000000	0.0000000	0.0000000	0.0000000	0.0000000	0.0000000	0.0000000	0.0000000	0.0000000	0.0000000	0.0000000	0.0000000	0.0000000	0.0000000	0.0000000	0.0000000	0.0000000	0.0000000	0.0000000	0.0000000	0.0000000	0.0000000	0.0000000	0.0000000	0.0000000	0.0000000	0.0000000	0.0000000	0.0000000	0.0000000	0.0000000	0.0000000	0.0000000	0.0000000	0.0000000	0.0000000	0.0000000	0.0000000	5.0602842e-09	8.8778514e-07	7.6247401e-05	0.0032470196	0.068375319	0.70354929	3.7150640	11.861183	27.464925	52.088203	86.402442	129.41988	177.50708	223.76026	258.53322	271.36369	254.83076	209.40640	146.33780	84.020146	38.265500	13.471144	3.6655855	0.80057847	0.15079813	0.026475113	0.0045874794	0.00081126064	0.00014869149	2.8372283e-05	5.6305454e-06	5.8394626e-07	0.0000000	0.0000000	0.0000000	0.0000000	0.0000000	0.0000000	0.0000000	0.0000000
16.3360	0.0000000	0.0000000	0.0000000	0.0000000	0.0000000	0.0000000	0.0000000	0.0000000	0.0000000	0.0000000	0.0000000	0.0000000	0.0000000	0.0000000	0.0000000	0.0000000	0.0000000	0.0000000	0.0000000	0.0000000	0.0000000	0.0000000	0.0000000	0.0000000	0.0000000	0.0000000	0.0000000	0.0000000	0.0000000	0.0000000	0.0000000	0.0000000	0.0000000	0.0000000	0.0000000	0.0000000	0.0000000	0.0000000	0.0000000	0.0000000	0.0000000	5.2841636e-08	6.0079071e-06	0.00034941902	0.010494654	0.16175313	1.2587317	5.1720020	13.166946	24.818866	39.022408	54.544089	69.859815	83.041202	91.855813	94.183050	88.629979	75.310578	56.455736	36.262658	19.277805	8.1884490	2.7081027	0.69747537	0.14523741	0.026200537	0.0044175403	0.00073703643	0.00012580055	2.2297800e-05	4.1201236e-06	7.9230687e-07	7.9614786e-08	0.0000000	0.0000000	0.0000000	0.0000000	0.0000000	0.0000000	0.0000000	0.0000000
13.8900	0.0000000	0.0000000	0.0000000	0.0000000	0.0000000	0.0000000	0.0000000	0.0000000	0.0000000	0.0000000	0.0000000	0.0000000	0.0000000	0.0000000	0.0000000	0.0000000	0.0000000	0.0000000	0.0000000	0.0000000	0.0000000	0.0000000	0.0000000	0.0000000	0.0000000	0.0000000	0.0000000	0.0000000	0.0000000	0.0000000	0.0000000	0.0000000	0.0000000	0.0000000	0.0000000	0.0000000	0.0000000	0.0000000	0.0000000	0.0000000	0.0000000	1.6717451e-08	2.1697174e-06	0.00014292814	0.0048297351	0.083216067	0.71899659	3.2507435	8.9937848	18.202934	30.417418	44.814347	60.145724	74.670071	86.156054	92.053140	90.235227	85.258309	71.340424	50.829838	29.115450	12.714636	4.1535976	1.0319031	0.20611885	0.036008880	0.0060824076	0.0010402457	0.00018189733	3.3010838e-05	6.2423145e-06	1.2280398e-06	1.2620503e-07	0.0000000	0.0000000	0.0000000	0.0000000	0.0000000	0.0000000	0.0000000	0.0000000
16.0040	0.0000000	0.0000000	0.0000000	0.0000000	0.0000000	0.0000000	0.0000000	0.0000000	0.0000000	0.0000000	0.0000000	0.0000000	0.0000000	0.0000000	0.0000000	0.0000000	0.0000000	0.0000000	0.0000000	0.0000000	0.0000000	0.0000000	0.0000000	0.0000000	0.0000000	0.0000000	0.0000000	0.0000000	0.0000000	0.0000000	0.0000000	0.0000000	0.0000000	0.0000000	0.0000000	0.0000000	0.0000000	0.0000000	0.0000000	0.0000000	0.0000000	3.2592685e-08	3.7494028e-06	0.00022036662	0.0066852159	0.10576500	0.84075939	3.5166830	9.0935349	17.386638	27.689836	39.143504	50.624179	60.675555	67.607160	69.798014	66.133574	56.590965	42.735979	27.659657	14.814419	6.3369972	2.1095291	0.54669120	0.11452426	0.020781606	0.0035243399	0.00059674834	0.00010375293	1.8737737e-05	3.5282499e-06	6.9138599e-07	7.0781336e-08	0.0000000	0.0000000	0.0000000	0.0000000	0.0000000	0.0000000	0.0000000	0.0000000
10.7700	0.0000000	0.0000000	0.0000000	0.0000000	0.0000000	0.0000000	0.0000000	0.0000000	0.0000000	0.0000000	0.0000000	0.0000000	0.0000000	0.0000000	0.0000000	0.0000000	0.0000000	0.0000000	0.0000000	0.0000000	0.0000000	0.0000000	0.0000000	0.0000000	0.0000000	0.0000000	0.0000000	0.0000000	0.0000000	0.0000000	0.0000000	0.0000000	0.0000000	0.0000000	0.0000000	0.0000000	0.0000000	0.0000000	0.0000000	0.0000000	0.0000000	2.2887313e-09	4.1194792e-07	3.6259566e-05	0.0015817312	0.034107031	0.35911937	1.9375181	6.3022572	14.813897	28.433650	47.626574	71.942462	99.480204	126.51083	151.18648	167.07136	165.86161	144.67169	107.47868	64.986527	30.840070	11.223713	3.1391760	0.70167964	0.13448480	0.023861545	0.0041530911	0.00073383008	0.00013379013	2.5304385e-05	4.9649382e-06	5.0834642e-07	0.0000000	0.0000000	0.0000000	0.0000000	0.0000000	0.0000000	0.0000000	0.0000000
10.6570	0.0000000	0.0000000	0.0000000	0.0000000	0.0000000	0.0000000	0.0000000	0.0000000	0.0000000	0.0000000	0.0000000	0.0000000	0.0000000	0.0000000	0.0000000	0.0000000	0.0000000	0.0000000	0.0000000	0.0000000	0.0000000	0.0000000	0.0000000	0.0000000	0.0000000	0.0000000	0.0000000	0.0000000	0.0000000	0.0000000	0.0000000	0.0000000	0.0000000	0.0000000	0.0000000	0.0000000	0.0000000	0.0000000	0.0000000	0.0000000	0.0000000	1.4775590e-09	2.7133242e-07	2.4279392e-05	0.0010732401	0.023379237	0.24796431	1.3443691	4.3876704	10.339576	19.881478	33.338890	50.373789	69.600161	88.336459	102.75045	108.56956	102.64820	84.962180	59.855955	34.693100	15.981578	5.7055571	1.5796600	0.35230305	0.067859322	0.012181205	0.0021571696	0.00038957008	7.2823325e-05	1.4145888e-05	2.8506876e-06	2.9923263e-07	0.0000000	0.0000000	0.0000000	0.0000000	0.0000000	0.0000000	0.0000000	0.0000000
12.6800	0.0000000	0.0000000	0.0000000	0.0000000	0.0000000	0.0000000	0.0000000	0.0000000	0.0000000	0.0000000	0.0000000	0.0000000	0.0000000	0.0000000	0.0000000	0.0000000	0.0000000	0.0000000	0.0000000	0.0000000	0.0000000	0.0000000	0.0000000	0.0000000	0.0000000	0.0000000	0.0000000	0.0000000	0.0000000	0.0000000	0.0000000	0.0000000	0.0000000	0.0000000	0.0000000	0.0000000	0.0000000	0.0000000	0.0000000	0.0000000	0.0000000	7.4847150e-09	1.0491047e-06	7.4157234e-05	0.0026732200	0.048800281	0.44246178	1.9422565	4.6826531	8.9320599	15.095678	22.420704	30.320992	37.980550	44.224566	49.264790	52.625796	50.280393	41.748380	29.241373	16.397182	7.2293778	2.4793607	0.66168673	0.14264277	0.026606349	0.0046305605	0.00079589335	0.00013964566	2.5388164e-05	4.8016449e-06	9.4340280e-07	9.6454026e-08	0.0000000	0.0000000	0.0000000	0.0000000	0.0000000	0.0000000	0.0000000	0.0000000
11.0230	0.0000000	0.0000000	0.0000000	0.0000000	0.0000000	0.0000000	0.0000000	0.0000000	0.0000000	0.0000000	0.0000000	0.0000000	0.0000000	0.0000000	0.0000000	0.0000000	0.0000000	0.0000000	0.0000000	0.0000000	0.0000000	0.0000000	0.0000000	0.0000000	0.0000000	0.0000000	0.0000000	0.0000000	0.0000000	0.0000000	0.0000000	0.0000000	0.0000000	0.0000000	0.0000000	0.0000000	0.0000000	0.0000000	0.0000000	0.0000000	0.0000000	9.9809947e-10	1.7683163e-07	1.5423026e-05	0.00066814977	0.014280379	0.14875299	0.79356760	2.5566610	5.9760276	11.469693	19.315427	29.459205	41.246912	53.183601	62.929753	67.730230	65.327567	55.251899	39.840221	23.672406	11.188349	4.0967769	1.1616728	0.26471258	0.051931820	0.0094609292	0.0016946997	0.00030891802	5.8241789e-05	1.1412345e-05	2.3218742e-06	2.4637284e-07	0.0000000	0.0000000	0.0000000	0.0000000	0.0000000	0.0000000	0.0000000	0.0000000
10.1150	0.0000000	0.0000000	0.0000000	0.0000000	0.0000000	0.0000000	0.0000000	0.0000000	0.0000000	0.0000000	0.0000000	0.0000000	0.0000000	0.0000000	0.0000000	0.0000000	0.0000000	0.0000000	0.0000000	0.0000000	0.0000000	0.0000000	0.0000000	0.0000000	0.0000000	0.0000000	0.0000000	0.0000000	0.0000000	0.0000000	0.0000000	0.0000000	0.0000000	0.0000000	0.0000000	0.0000000	0.0000000	0.0000000	0.0000000	0.0000000	0.0000000	1.2731241e-10	2.4965835e-08	2.3804366e-06	0.00011164809	0.0025716712	0.028759637	0.16397392	0.56111447	1.3811796	2.7716237	4.8628307	7.6794523	11.086860	14.709898	17.901440	19.799026	19.590196	16.953563	12.466582	7.5261676	3.6052645	1.3368113	0.38399244	0.088747912	0.017688186	0.0032781111	0.00059764868	0.00011076484	2.1180360e-05	4.1965758e-06	8.6066776e-07	9.1798526e-08	0.0000000	0.0000000	0.0000000	0.0000000	0.0000000	0.0000000	0.0000000	0.0000000
