# DO NOT EDIT: written Thu Mar 14 18:48:37 2019 by wrt_emiss_fe17.pro
# faked emissivities [1e-23 ergs cm^3/s] for Fe17 lines from Del Zanna 2011, A&A 536, A59
# emissivities include ion balance, but not abundance, and are spline and ion balance jittered off of emiss_Fe17_00000.txt
# line 6 -- SEED, LOGT
# lines 7+ -- WVL, EMISSIVITY
      677800	4.00	4.05	4.10	4.15	4.20	4.25	4.30	4.35	4.40	4.45	4.50	4.55	4.60	4.65	4.70	4.75	4.80	4.85	4.90	4.95	5.00	5.05	5.10	5.15	5.20	5.25	5.30	5.35	5.40	5.45	5.50	5.55	5.60	5.65	5.70	5.75	5.80	5.85	5.90	5.95	6.00	6.05	6.10	6.15	6.20	6.25	6.30	6.35	6.40	6.45	6.50	6.55	6.60	6.65	6.70	6.75	6.80	6.85	6.90	6.95	7.00	7.05	7.10	7.15	7.20	7.25	7.30	7.35	7.40	7.45	7.50	7.55	7.60	7.65	7.70	7.75	7.80	7.85	7.90	7.95	8.00
15.0130	0.0000000	0.0000000	0.0000000	0.0000000	0.0000000	0.0000000	0.0000000	0.0000000	0.0000000	0.0000000	0.0000000	0.0000000	0.0000000	0.0000000	0.0000000	0.0000000	0.0000000	0.0000000	0.0000000	0.0000000	0.0000000	0.0000000	0.0000000	0.0000000	0.0000000	0.0000000	0.0000000	0.0000000	0.0000000	0.0000000	0.0000000	0.0000000	0.0000000	0.0000000	0.0000000	0.0000000	0.0000000	0.0000000	0.0000000	0.0000000	0.0000000	1.4225368e-06	0.00018060260	0.011592601	0.37911490	6.2792735	51.853701	223.36213	591.87785	1161.4043	1904.5629	2779.9289	3720.2980	4620.6980	5338.5855	5714.2009	5608.4690	4964.7792	3871.8469	2581.3468	1418.8618	619.90412	209.82785	55.254425	11.832634	2.2148710	0.39002687	0.068158697	0.012190626	0.0022613777	0.00043676153	8.7686059e-05	7.0570938e-06	0.0000000	0.0000000	0.0000000	0.0000000	0.0000000	0.0000000	0.0000000	0.0000000
17.0510	0.0000000	0.0000000	0.0000000	0.0000000	0.0000000	0.0000000	0.0000000	0.0000000	0.0000000	0.0000000	0.0000000	0.0000000	0.0000000	0.0000000	0.0000000	0.0000000	0.0000000	0.0000000	0.0000000	0.0000000	0.0000000	0.0000000	0.0000000	0.0000000	0.0000000	0.0000000	0.0000000	0.0000000	0.0000000	0.0000000	0.0000000	0.0000000	0.0000000	0.0000000	0.0000000	0.0000000	0.0000000	0.0000000	0.0000000	0.0000000	0.0000000	2.8855178e-06	0.00032839176	0.019170424	0.57658776	8.8565801	68.229260	275.34924	685.51271	1265.4897	1951.5124	2671.7631	3342.1453	3869.8607	4161.7611	4145.6955	3792.7273	3138.1593	2293.4387	1436.1944	743.13611	306.32697	98.810563	24.894930	5.1056159	0.91639716	0.15495689	0.026040092	0.0044850619	0.00080226647	0.00014955096	2.8988267e-05	2.2723835e-06	0.0000000	0.0000000	0.0000000	0.0000000	0.0000000	0.0000000	0.0000000	0.0000000
17.0960	0.0000000	0.0000000	0.0000000	0.0000000	0.0000000	0.0000000	0.0000000	0.0000000	0.0000000	0.0000000	0.0000000	0.0000000	0.0000000	0.0000000	0.0000000	0.0000000	0.0000000	0.0000000	0.0000000	0.0000000	0.0000000	0.0000000	0.0000000	0.0000000	0.0000000	0.0000000	0.0000000	0.0000000	0.0000000	0.0000000	0.0000000	0.0000000	0.0000000	0.0000000	0.0000000	0.0000000	0.0000000	0.0000000	0.0000000	0.0000000	0.0000000	2.8205453e-06	0.00031436883	0.017990984	0.53200176	8.0574262	61.342827	244.98874	604.17728	1105.8173	1693.0406	2307.0503	2880.2785	3334.0834	3586.4868	3570.6978	3256.9480	2676.9337	1935.9506	1195.0881	607.21157	244.81681	76.372667	18.529286	3.6582310	0.63225170	0.10303792	0.016712856	0.0027836760	0.00048260064	8.7405637e-05	1.6482979e-05	1.2454654e-06	0.0000000	0.0000000	0.0000000	0.0000000	0.0000000	0.0000000	0.0000000	0.0000000
16.7760	0.0000000	0.0000000	0.0000000	0.0000000	0.0000000	0.0000000	0.0000000	0.0000000	0.0000000	0.0000000	0.0000000	0.0000000	0.0000000	0.0000000	0.0000000	0.0000000	0.0000000	0.0000000	0.0000000	0.0000000	0.0000000	0.0000000	0.0000000	0.0000000	0.0000000	0.0000000	0.0000000	0.0000000	0.0000000	0.0000000	0.0000000	0.0000000	0.0000000	0.0000000	0.0000000	0.0000000	0.0000000	0.0000000	0.0000000	0.0000000	0.0000000	1.9444693e-06	0.00021943015	0.012698446	0.37964139	5.8202827	44.965430	182.91638	461.44666	867.53815	1369.1981	1927.8898	2489.2253	2980.8298	3318.0914	3419.3181	3229.0478	2748.9501	2060.8257	1320.1329	696.85828	292.24472	94.915036	23.984796	4.9316809	0.88715737	0.15030584	0.025302217	0.0043645565	0.00078171063	0.00014587194	2.8298679e-05	2.2002011e-06	0.0000000	0.0000000	0.0000000	0.0000000	0.0000000	0.0000000	0.0000000	0.0000000
15.2620	0.0000000	0.0000000	0.0000000	0.0000000	0.0000000	0.0000000	0.0000000	0.0000000	0.0000000	0.0000000	0.0000000	0.0000000	0.0000000	0.0000000	0.0000000	0.0000000	0.0000000	0.0000000	0.0000000	0.0000000	0.0000000	0.0000000	0.0000000	0.0000000	0.0000000	0.0000000	0.0000000	0.0000000	0.0000000	0.0000000	0.0000000	0.0000000	0.0000000	0.0000000	0.0000000	0.0000000	0.0000000	0.0000000	0.0000000	0.0000000	0.0000000	4.5254865e-07	5.5821404e-05	0.0035029864	0.11263632	1.8415670	15.047867	64.251090	168.98519	329.43416	537.10508	779.79691	1038.2430	1283.1056	1475.2364	1571.4870	1535.1612	1352.6986	1050.1260	696.97020	381.39076	165.89550	55.906893	14.658585	3.1260413	0.58283526	0.10225855	0.017811088	0.0031764452	0.00058781610	0.00011331849	2.2719771e-05	1.8270130e-06	0.0000000	0.0000000	0.0000000	0.0000000	0.0000000	0.0000000	0.0000000	0.0000000
12.1240	0.0000000	0.0000000	0.0000000	0.0000000	0.0000000	0.0000000	0.0000000	0.0000000	0.0000000	0.0000000	0.0000000	0.0000000	0.0000000	0.0000000	0.0000000	0.0000000	0.0000000	0.0000000	0.0000000	0.0000000	0.0000000	0.0000000	0.0000000	0.0000000	0.0000000	0.0000000	0.0000000	0.0000000	0.0000000	0.0000000	0.0000000	0.0000000	0.0000000	0.0000000	0.0000000	0.0000000	0.0000000	0.0000000	0.0000000	0.0000000	0.0000000	3.2657248e-08	5.3246989e-06	0.00043046573	0.017382054	0.34811717	3.4013960	16.963116	50.898293	110.42036	194.98772	299.02680	413.58394	527.33909	625.77641	689.07804	697.12125	637.24253	513.89600	354.53979	201.63595	91.062678	31.807334	8.6251147	1.8969888	0.36341295	0.065232817	0.011576413	0.0020954499	0.00039218137	7.6190962e-05	1.5339004e-05	1.2346092e-06	0.0000000	0.0000000	0.0000000	0.0000000	0.0000000	0.0000000	0.0000000	0.0000000
12.2640	0.0000000	0.0000000	0.0000000	0.0000000	0.0000000	0.0000000	0.0000000	0.0000000	0.0000000	0.0000000	0.0000000	0.0000000	0.0000000	0.0000000	0.0000000	0.0000000	0.0000000	0.0000000	0.0000000	0.0000000	0.0000000	0.0000000	0.0000000	0.0000000	0.0000000	0.0000000	0.0000000	0.0000000	0.0000000	0.0000000	0.0000000	0.0000000	0.0000000	0.0000000	0.0000000	0.0000000	0.0000000	0.0000000	0.0000000	0.0000000	0.0000000	3.5903237e-08	5.5743551e-06	0.00042909688	0.016537125	0.31739205	2.9872996	14.436312	42.449374	92.075245	166.25275	265.57544	385.86603	515.64510	635.59689	720.21810	743.05758	686.87646	555.91935	382.50575	215.92107	96.462701	33.262704	8.8973523	1.9307389	0.36531759	0.064863931	0.011400325	0.0020456066	0.00037975242	7.3204704e-05	1.4625645e-05	1.1682222e-06	0.0000000	0.0000000	0.0000000	0.0000000	0.0000000	0.0000000	0.0000000	0.0000000
13.8250	0.0000000	0.0000000	0.0000000	0.0000000	0.0000000	0.0000000	0.0000000	0.0000000	0.0000000	0.0000000	0.0000000	0.0000000	0.0000000	0.0000000	0.0000000	0.0000000	0.0000000	0.0000000	0.0000000	0.0000000	0.0000000	0.0000000	0.0000000	0.0000000	0.0000000	0.0000000	0.0000000	0.0000000	0.0000000	0.0000000	0.0000000	0.0000000	0.0000000	0.0000000	0.0000000	0.0000000	0.0000000	0.0000000	0.0000000	0.0000000	0.0000000	6.2936930e-08	8.3832273e-06	0.00056715603	0.019655569	0.34635166	3.0463667	13.946487	39.067409	80.575628	138.23244	210.32993	292.86936	378.54956	455.97530	509.96217	523.72335	484.78809	394.27764	272.96897	155.07865	69.734469	24.209067	6.5214723	1.4261241	0.27226538	0.048847308	0.0086875756	0.0015794140	0.00029736449	5.8172348e-05	1.1797245e-05	9.5599401e-07	0.0000000	0.0000000	0.0000000	0.0000000	0.0000000	0.0000000	0.0000000	0.0000000
15.4530	0.0000000	0.0000000	0.0000000	0.0000000	0.0000000	0.0000000	0.0000000	0.0000000	0.0000000	0.0000000	0.0000000	0.0000000	0.0000000	0.0000000	0.0000000	0.0000000	0.0000000	0.0000000	0.0000000	0.0000000	0.0000000	0.0000000	0.0000000	0.0000000	0.0000000	0.0000000	0.0000000	0.0000000	0.0000000	0.0000000	0.0000000	0.0000000	0.0000000	0.0000000	0.0000000	0.0000000	0.0000000	0.0000000	0.0000000	0.0000000	0.0000000	1.2319464e-07	1.4865237e-05	0.00091463418	0.028885041	0.46441935	3.7344825	15.689000	40.552347	77.532122	123.60322	174.80971	225.73905	269.22541	297.05565	301.87073	279.64471	232.40397	169.34293	105.04343	53.534901	21.629698	6.7585459	1.6421473	0.32471605	0.056223413	0.0091822798	0.0014932210	0.00024951311	4.3432570e-05	7.9064009e-06	1.5024152e-06	1.1492474e-07	0.0000000	0.0000000	0.0000000	0.0000000	0.0000000	0.0000000	0.0000000	0.0000000
11.2500	0.0000000	0.0000000	0.0000000	0.0000000	0.0000000	0.0000000	0.0000000	0.0000000	0.0000000	0.0000000	0.0000000	0.0000000	0.0000000	0.0000000	0.0000000	0.0000000	0.0000000	0.0000000	0.0000000	0.0000000	0.0000000	0.0000000	0.0000000	0.0000000	0.0000000	0.0000000	0.0000000	0.0000000	0.0000000	0.0000000	0.0000000	0.0000000	0.0000000	0.0000000	0.0000000	0.0000000	0.0000000	0.0000000	0.0000000	0.0000000	0.0000000	7.5594700e-09	1.2815605e-06	0.00010647011	0.0043857957	0.089281621	0.88635503	4.5023280	13.837025	31.029993	57.377128	93.262898	137.40456	185.93852	232.61653	267.48961	279.65252	261.67177	214.20509	148.95958	85.354690	38.821294	13.650952	3.7302425	0.82871060	0.16088381	0.029343287	0.0052979089	0.00097557376	0.00018549772	3.6519627e-05	7.4231153e-06	6.0019928e-07	0.0000000	0.0000000	0.0000000	0.0000000	0.0000000	0.0000000	0.0000000	0.0000000
11.1290	0.0000000	0.0000000	0.0000000	0.0000000	0.0000000	0.0000000	0.0000000	0.0000000	0.0000000	0.0000000	0.0000000	0.0000000	0.0000000	0.0000000	0.0000000	0.0000000	0.0000000	0.0000000	0.0000000	0.0000000	0.0000000	0.0000000	0.0000000	0.0000000	0.0000000	0.0000000	0.0000000	0.0000000	0.0000000	0.0000000	0.0000000	0.0000000	0.0000000	0.0000000	0.0000000	0.0000000	0.0000000	0.0000000	0.0000000	0.0000000	0.0000000	4.5142055e-09	7.7824765e-07	6.6092035e-05	0.0027811913	0.057789245	0.58495385	3.0252196	9.4498051	21.501107	40.269440	66.188091	98.446018	134.27384	168.50293	193.97843	202.97040	190.03335	155.61556	108.22800	63.830169	30.228648	10.906104	2.9813525	0.64241270	0.11823568	0.020205621	0.0034203092	0.00061753878	0.00011535830	2.2377798e-05	4.4992199e-06	3.6157000e-07	0.0000000	0.0000000	0.0000000	0.0000000	0.0000000	0.0000000	0.0000000	0.0000000
16.3360	0.0000000	0.0000000	0.0000000	0.0000000	0.0000000	0.0000000	0.0000000	0.0000000	0.0000000	0.0000000	0.0000000	0.0000000	0.0000000	0.0000000	0.0000000	0.0000000	0.0000000	0.0000000	0.0000000	0.0000000	0.0000000	0.0000000	0.0000000	0.0000000	0.0000000	0.0000000	0.0000000	0.0000000	0.0000000	0.0000000	0.0000000	0.0000000	0.0000000	0.0000000	0.0000000	0.0000000	0.0000000	0.0000000	0.0000000	0.0000000	0.0000000	6.1641288e-08	7.0251085e-06	0.00040908010	0.012270067	0.18819355	1.4495248	5.8557847	14.610271	27.053202	41.915304	57.828150	73.143695	85.858342	93.754823	94.852033	88.009201	73.656035	54.293337	34.206589	17.769962	7.3405844	2.3511067	0.58680189	0.11938650	0.021292031	0.0035842730	0.00060094782	0.00010350658	1.8553906e-05	3.4710254e-06	6.7573904e-07	5.2738821e-08	0.0000000	0.0000000	0.0000000	0.0000000	0.0000000	0.0000000	0.0000000	0.0000000
13.8900	0.0000000	0.0000000	0.0000000	0.0000000	0.0000000	0.0000000	0.0000000	0.0000000	0.0000000	0.0000000	0.0000000	0.0000000	0.0000000	0.0000000	0.0000000	0.0000000	0.0000000	0.0000000	0.0000000	0.0000000	0.0000000	0.0000000	0.0000000	0.0000000	0.0000000	0.0000000	0.0000000	0.0000000	0.0000000	0.0000000	0.0000000	0.0000000	0.0000000	0.0000000	0.0000000	0.0000000	0.0000000	0.0000000	0.0000000	0.0000000	0.0000000	2.2514480e-08	2.9227001e-06	0.00019248895	0.0064914748	0.11132084	0.95296679	4.2429494	11.526043	22.956797	37.854459	55.087108	72.990259	89.337825	101.45793	106.63991	102.83248	89.590099	68.871186	45.270241	24.528699	10.561056	3.5220903	0.91392348	0.19292035	0.035605687	0.0061816961	0.0010647730	0.00018768612	3.4309685e-05	6.5275307e-06	1.2897612e-06	1.0203251e-07	0.0000000	0.0000000	0.0000000	0.0000000	0.0000000	0.0000000	0.0000000	0.0000000
16.0040	0.0000000	0.0000000	0.0000000	0.0000000	0.0000000	0.0000000	0.0000000	0.0000000	0.0000000	0.0000000	0.0000000	0.0000000	0.0000000	0.0000000	0.0000000	0.0000000	0.0000000	0.0000000	0.0000000	0.0000000	0.0000000	0.0000000	0.0000000	0.0000000	0.0000000	0.0000000	0.0000000	0.0000000	0.0000000	0.0000000	0.0000000	0.0000000	0.0000000	0.0000000	0.0000000	0.0000000	0.0000000	0.0000000	0.0000000	0.0000000	0.0000000	3.5272350e-08	4.1527707e-06	0.00024925673	0.0076787714	0.12052382	0.94767417	3.9034687	9.9283553	18.749686	29.633939	41.700387	53.777143	64.332972	71.582832	73.811176	69.831241	59.617890	44.848761	28.842360	15.290275	6.4421393	2.1031370	0.53477285	0.11080269	0.020117879	0.0034467392	0.00058801090	0.00010297676	1.8742404e-05	3.5539619e-06	6.9985821e-07	5.5121726e-08	0.0000000	0.0000000	0.0000000	0.0000000	0.0000000	0.0000000	0.0000000	0.0000000
10.7700	0.0000000	0.0000000	0.0000000	0.0000000	0.0000000	0.0000000	0.0000000	0.0000000	0.0000000	0.0000000	0.0000000	0.0000000	0.0000000	0.0000000	0.0000000	0.0000000	0.0000000	0.0000000	0.0000000	0.0000000	0.0000000	0.0000000	0.0000000	0.0000000	0.0000000	0.0000000	0.0000000	0.0000000	0.0000000	0.0000000	0.0000000	0.0000000	0.0000000	0.0000000	0.0000000	0.0000000	0.0000000	0.0000000	0.0000000	0.0000000	0.0000000	2.9127467e-09	5.0977444e-07	4.3261880e-05	0.0018004041	0.036624715	0.37835072	2.0161254	6.4660940	15.040020	28.684291	47.857017	72.083176	99.417985	126.07948	146.60371	154.85008	146.23875	120.68258	84.497644	48.441994	21.939632	7.6572429	2.0701613	0.45358237	0.086617081	0.015516504	0.0032082759	0.00067334039	0.00012601732	2.4485387e-05	4.9299306e-06	3.9664426e-07	0.0000000	0.0000000	0.0000000	0.0000000	0.0000000	0.0000000	0.0000000	0.0000000
10.6570	0.0000000	0.0000000	0.0000000	0.0000000	0.0000000	0.0000000	0.0000000	0.0000000	0.0000000	0.0000000	0.0000000	0.0000000	0.0000000	0.0000000	0.0000000	0.0000000	0.0000000	0.0000000	0.0000000	0.0000000	0.0000000	0.0000000	0.0000000	0.0000000	0.0000000	0.0000000	0.0000000	0.0000000	0.0000000	0.0000000	0.0000000	0.0000000	0.0000000	0.0000000	0.0000000	0.0000000	0.0000000	0.0000000	0.0000000	0.0000000	0.0000000	1.3648528e-09	2.4279189e-07	2.1131478e-05	0.00092847057	0.020077342	0.21075675	1.1259934	3.6177054	8.4290147	16.105277	26.926528	40.650497	56.192344	71.397838	83.143466	87.900258	83.037304	68.510414	47.938324	27.454088	12.415130	4.3242362	1.1661015	0.25472968	0.048485650	0.0086600910	0.0015318175	0.00027683118	5.1810178e-05	1.0079516e-05	2.0345161e-06	1.6428976e-07	0.0000000	0.0000000	0.0000000	0.0000000	0.0000000	0.0000000	0.0000000	0.0000000
12.6800	0.0000000	0.0000000	0.0000000	0.0000000	0.0000000	0.0000000	0.0000000	0.0000000	0.0000000	0.0000000	0.0000000	0.0000000	0.0000000	0.0000000	0.0000000	0.0000000	0.0000000	0.0000000	0.0000000	0.0000000	0.0000000	0.0000000	0.0000000	0.0000000	0.0000000	0.0000000	0.0000000	0.0000000	0.0000000	0.0000000	0.0000000	0.0000000	0.0000000	0.0000000	0.0000000	0.0000000	0.0000000	0.0000000	0.0000000	0.0000000	0.0000000	6.2996794e-09	9.0077568e-07	6.4936352e-05	0.0023833641	0.044185228	0.40506858	1.9060626	5.4154878	11.201407	19.080043	28.594625	39.009183	49.234752	57.662930	62.389926	61.675451	54.714442	42.500833	28.060410	15.193706	6.5073185	2.1497983	0.55047412	0.11420899	0.020628353	0.0034946028	0.00058764541	0.00010153829	1.8318389e-05	3.4605682e-06	6.8230168e-07	5.4073696e-08	0.0000000	0.0000000	0.0000000	0.0000000	0.0000000	0.0000000	0.0000000	0.0000000
11.0230	0.0000000	0.0000000	0.0000000	0.0000000	0.0000000	0.0000000	0.0000000	0.0000000	0.0000000	0.0000000	0.0000000	0.0000000	0.0000000	0.0000000	0.0000000	0.0000000	0.0000000	0.0000000	0.0000000	0.0000000	0.0000000	0.0000000	0.0000000	0.0000000	0.0000000	0.0000000	0.0000000	0.0000000	0.0000000	0.0000000	0.0000000	0.0000000	0.0000000	0.0000000	0.0000000	0.0000000	0.0000000	0.0000000	0.0000000	0.0000000	0.0000000	1.0101565e-09	1.7943730e-07	1.5701110e-05	0.00068191375	0.014592288	0.15176933	0.80523794	2.5789921	6.0235044	11.620188	19.756188	30.519085	43.377871	56.761169	67.951370	73.571512	70.786351	59.043041	41.366212	23.426420	10.299571	3.4074046	0.87131080	0.18583186	0.035898468	0.0064969072	0.0011623913	0.00021229345	4.1274977e-05	8.4322733e-06	1.7918690e-06	1.5228434e-07	0.0000000	0.0000000	0.0000000	0.0000000	0.0000000	0.0000000	0.0000000	0.0000000
10.1150	0.0000000	0.0000000	0.0000000	0.0000000	0.0000000	0.0000000	0.0000000	0.0000000	0.0000000	0.0000000	0.0000000	0.0000000	0.0000000	0.0000000	0.0000000	0.0000000	0.0000000	0.0000000	0.0000000	0.0000000	0.0000000	0.0000000	0.0000000	0.0000000	0.0000000	0.0000000	0.0000000	0.0000000	0.0000000	0.0000000	0.0000000	0.0000000	0.0000000	0.0000000	0.0000000	0.0000000	0.0000000	0.0000000	0.0000000	0.0000000	0.0000000	1.3593804e-10	2.6691552e-08	2.5419560e-06	0.00011897006	0.0027295925	0.030299756	0.17062653	0.59166704	1.5229160	3.2047171	5.8690784	9.5564599	13.985099	18.540559	22.276072	24.075490	23.071684	19.185511	13.459475	7.7007832	3.4762251	1.2111253	0.32830137	0.072647806	0.014152956	0.0026189635	0.00048636663	9.3211372e-05	1.8519309e-05	3.7973695e-06	7.9674668e-07	6.5974785e-08	0.0000000	0.0000000	0.0000000	0.0000000	0.0000000	0.0000000	0.0000000	0.0000000
