# DO NOT EDIT: written Thu Mar 14 18:48:37 2019 by wrt_emiss_fe17.pro
# faked emissivities [1e-23 ergs cm^3/s] for Fe17 lines from Del Zanna 2011, A&A 536, A59
# emissivities include ion balance, but not abundance, and are spline and ion balance jittered off of emiss_Fe17_00000.txt
# line 6 -- SEED, LOGT
# lines 7+ -- WVL, EMISSIVITY
      684687	4.00	4.05	4.10	4.15	4.20	4.25	4.30	4.35	4.40	4.45	4.50	4.55	4.60	4.65	4.70	4.75	4.80	4.85	4.90	4.95	5.00	5.05	5.10	5.15	5.20	5.25	5.30	5.35	5.40	5.45	5.50	5.55	5.60	5.65	5.70	5.75	5.80	5.85	5.90	5.95	6.00	6.05	6.10	6.15	6.20	6.25	6.30	6.35	6.40	6.45	6.50	6.55	6.60	6.65	6.70	6.75	6.80	6.85	6.90	6.95	7.00	7.05	7.10	7.15	7.20	7.25	7.30	7.35	7.40	7.45	7.50	7.55	7.60	7.65	7.70	7.75	7.80	7.85	7.90	7.95	8.00
15.0130	0.0000000	0.0000000	0.0000000	0.0000000	0.0000000	0.0000000	0.0000000	0.0000000	0.0000000	0.0000000	0.0000000	0.0000000	0.0000000	0.0000000	0.0000000	0.0000000	0.0000000	0.0000000	0.0000000	0.0000000	0.0000000	0.0000000	0.0000000	0.0000000	0.0000000	0.0000000	0.0000000	0.0000000	0.0000000	0.0000000	0.0000000	0.0000000	0.0000000	0.0000000	0.0000000	0.0000000	0.0000000	0.0000000	0.0000000	0.0000000	1.1374161e-07	1.7221231e-05	0.0012814721	0.049973813	1.0375980	11.606684	72.040667	263.62180	643.01516	1212.4720	1953.1932	2827.7576	3765.3445	4652.2091	5335.0756	5646.3565	5450.0188	4711.0103	3556.0784	2270.1856	1179.3171	479.55927	148.80953	35.748483	7.1087208	1.2782560	0.22292325	0.039292110	0.0071494751	0.0013511501	0.00026560592	5.1460100e-05	0.0000000	0.0000000	0.0000000	0.0000000	0.0000000	0.0000000	0.0000000	0.0000000	0.0000000
17.0510	0.0000000	0.0000000	0.0000000	0.0000000	0.0000000	0.0000000	0.0000000	0.0000000	0.0000000	0.0000000	0.0000000	0.0000000	0.0000000	0.0000000	0.0000000	0.0000000	0.0000000	0.0000000	0.0000000	0.0000000	0.0000000	0.0000000	0.0000000	0.0000000	0.0000000	0.0000000	0.0000000	0.0000000	0.0000000	0.0000000	0.0000000	0.0000000	0.0000000	0.0000000	0.0000000	0.0000000	0.0000000	0.0000000	0.0000000	0.0000000	2.8392629e-07	3.7513616e-05	0.0024631380	0.085452621	1.5878153	15.977528	89.654074	298.25961	665.50026	1154.9061	1721.8858	2318.5586	2883.5951	3339.8519	3601.7065	3594.6402	3280.5483	2687.3681	1926.0019	1169.1641	578.31740	224.22420	66.438333	15.270850	2.9126256	0.50370769	0.084725915	0.014444373	0.0025492688	0.00046856290	8.9786236e-05	1.6985760e-05	0.0000000	0.0000000	0.0000000	0.0000000	0.0000000	0.0000000	0.0000000	0.0000000	0.0000000
17.0960	0.0000000	0.0000000	0.0000000	0.0000000	0.0000000	0.0000000	0.0000000	0.0000000	0.0000000	0.0000000	0.0000000	0.0000000	0.0000000	0.0000000	0.0000000	0.0000000	0.0000000	0.0000000	0.0000000	0.0000000	0.0000000	0.0000000	0.0000000	0.0000000	0.0000000	0.0000000	0.0000000	0.0000000	0.0000000	0.0000000	0.0000000	0.0000000	0.0000000	0.0000000	0.0000000	0.0000000	0.0000000	0.0000000	0.0000000	0.0000000	2.6092121e-07	3.4696525e-05	0.0022962259	0.080517796	1.5169017	15.499338	88.239179	296.79771	665.88785	1154.4630	1707.6854	2265.3447	2757.7643	3118.6175	3292.1585	3241.2671	2954.6234	2451.3854	1797.7481	1123.6802	547.18392	205.51347	58.829491	13.032061	2.3906767	0.39701843	0.064060497	0.010470106	0.0017709397	0.00031192286	5.7282848e-05	1.0388545e-05	0.0000000	0.0000000	0.0000000	0.0000000	0.0000000	0.0000000	0.0000000	0.0000000	0.0000000
16.7760	0.0000000	0.0000000	0.0000000	0.0000000	0.0000000	0.0000000	0.0000000	0.0000000	0.0000000	0.0000000	0.0000000	0.0000000	0.0000000	0.0000000	0.0000000	0.0000000	0.0000000	0.0000000	0.0000000	0.0000000	0.0000000	0.0000000	0.0000000	0.0000000	0.0000000	0.0000000	0.0000000	0.0000000	0.0000000	0.0000000	0.0000000	0.0000000	0.0000000	0.0000000	0.0000000	0.0000000	0.0000000	0.0000000	0.0000000	0.0000000	2.1767147e-07	2.9286219e-05	0.0019565144	0.069135644	1.3120838	13.523414	77.745023	262.27055	593.04396	1041.5389	1568.4266	2127.5299	2655.9463	3076.3404	3307.8380	3284.5819	2978.2369	2422.7854	1725.0964	1041.6336	513.41331	198.81460	59.000740	13.626500	2.6211397	0.45876260	0.078284510	0.013557162	0.0024309578	0.00045357756	8.8070441e-05	1.6837403e-05	0.0000000	0.0000000	0.0000000	0.0000000	0.0000000	0.0000000	0.0000000	0.0000000	0.0000000
15.2620	0.0000000	0.0000000	0.0000000	0.0000000	0.0000000	0.0000000	0.0000000	0.0000000	0.0000000	0.0000000	0.0000000	0.0000000	0.0000000	0.0000000	0.0000000	0.0000000	0.0000000	0.0000000	0.0000000	0.0000000	0.0000000	0.0000000	0.0000000	0.0000000	0.0000000	0.0000000	0.0000000	0.0000000	0.0000000	0.0000000	0.0000000	0.0000000	0.0000000	0.0000000	0.0000000	0.0000000	0.0000000	0.0000000	0.0000000	0.0000000	3.1236518e-08	5.0372417e-06	0.00040197149	0.016872959	0.36814471	4.0950919	25.256205	91.762350	222.09495	415.42529	663.90897	954.04224	1261.6569	1548.8863	1765.6722	1858.2756	1494.1880	1134.3289	852.21884	568.96238	333.08228	149.66379	47.418714	11.344161	2.2466911	0.40240228	0.069912003	0.012278143	0.0022264701	0.00041942294	8.2203885e-05	1.5882067e-05	0.0000000	0.0000000	0.0000000	0.0000000	0.0000000	0.0000000	0.0000000	0.0000000	0.0000000
12.1240	0.0000000	0.0000000	0.0000000	0.0000000	0.0000000	0.0000000	0.0000000	0.0000000	0.0000000	0.0000000	0.0000000	0.0000000	0.0000000	0.0000000	0.0000000	0.0000000	0.0000000	0.0000000	0.0000000	0.0000000	0.0000000	0.0000000	0.0000000	0.0000000	0.0000000	0.0000000	0.0000000	0.0000000	0.0000000	0.0000000	0.0000000	0.0000000	0.0000000	0.0000000	0.0000000	0.0000000	0.0000000	0.0000000	0.0000000	0.0000000	2.4400556e-09	4.6930583e-07	4.3909113e-05	0.0021203507	0.053405422	0.70761670	5.0896016	21.183906	57.847749	120.41614	211.47091	329.99691	468.70204	611.72197	734.62318	808.04390	805.32444	714.72543	551.20540	357.95474	188.42474	77.377213	24.178936	5.8378090	1.1652538	0.21012807	0.036727736	0.0064863019	0.0011826434	0.00022401828	4.4135241e-05	8.5658401e-06	0.0000000	0.0000000	0.0000000	0.0000000	0.0000000	0.0000000	0.0000000	0.0000000	0.0000000
12.2640	0.0000000	0.0000000	0.0000000	0.0000000	0.0000000	0.0000000	0.0000000	0.0000000	0.0000000	0.0000000	0.0000000	0.0000000	0.0000000	0.0000000	0.0000000	0.0000000	0.0000000	0.0000000	0.0000000	0.0000000	0.0000000	0.0000000	0.0000000	0.0000000	0.0000000	0.0000000	0.0000000	0.0000000	0.0000000	0.0000000	0.0000000	0.0000000	0.0000000	0.0000000	0.0000000	0.0000000	0.0000000	0.0000000	0.0000000	0.0000000	2.3431778e-09	4.4529602e-07	4.0720320e-05	0.0019144798	0.047085573	0.61363595	4.3679657	18.063810	49.126780	102.05088	179.19739	280.17461	399.60780	525.02300	636.05326	706.86331	712.46958	639.76605	499.20623	327.98130	174.66548	72.564089	22.937510	5.6009370	1.1300633	0.20577934	0.036267133	0.0064460642	0.0011801212	0.00022388770	4.4067023e-05	8.5234418e-06	0.0000000	0.0000000	0.0000000	0.0000000	0.0000000	0.0000000	0.0000000	0.0000000	0.0000000
13.8250	0.0000000	0.0000000	0.0000000	0.0000000	0.0000000	0.0000000	0.0000000	0.0000000	0.0000000	0.0000000	0.0000000	0.0000000	0.0000000	0.0000000	0.0000000	0.0000000	0.0000000	0.0000000	0.0000000	0.0000000	0.0000000	0.0000000	0.0000000	0.0000000	0.0000000	0.0000000	0.0000000	0.0000000	0.0000000	0.0000000	0.0000000	0.0000000	0.0000000	0.0000000	0.0000000	0.0000000	0.0000000	0.0000000	0.0000000	0.0000000	4.3534472e-09	6.9729881e-07	5.4920376e-05	0.0022726151	0.050234313	0.59984331	3.9781807	15.532372	40.250664	80.275186	136.33087	207.66885	290.70161	377.55686	455.19106	506.06146	512.10344	462.51667	363.06346	239.67331	128.02165	53.236679	16.805442	4.0873133	0.81915936	0.14777295	0.025720806	0.0044975823	0.00080719771	0.00014982245	2.8842415e-05	5.4655380e-06	0.0000000	0.0000000	0.0000000	0.0000000	0.0000000	0.0000000	0.0000000	0.0000000	0.0000000
15.4530	0.0000000	0.0000000	0.0000000	0.0000000	0.0000000	0.0000000	0.0000000	0.0000000	0.0000000	0.0000000	0.0000000	0.0000000	0.0000000	0.0000000	0.0000000	0.0000000	0.0000000	0.0000000	0.0000000	0.0000000	0.0000000	0.0000000	0.0000000	0.0000000	0.0000000	0.0000000	0.0000000	0.0000000	0.0000000	0.0000000	0.0000000	0.0000000	0.0000000	0.0000000	0.0000000	0.0000000	0.0000000	0.0000000	0.0000000	0.0000000	1.3110382e-08	1.9036973e-06	0.00013610372	0.0051018480	0.10174176	1.0907671	6.4668763	22.511990	51.986079	92.305174	139.19862	187.80060	232.69831	267.81466	286.35206	282.59040	254.19058	204.49627	143.39295	84.879867	40.827474	15.358563	4.4073492	0.97974644	0.18055955	0.030156981	0.0048984613	0.00080668768	0.00013760544	2.4464076e-05	4.5381600e-06	8.3185192e-07	0.0000000	0.0000000	0.0000000	0.0000000	0.0000000	0.0000000	0.0000000	0.0000000	0.0000000
11.2500	0.0000000	0.0000000	0.0000000	0.0000000	0.0000000	0.0000000	0.0000000	0.0000000	0.0000000	0.0000000	0.0000000	0.0000000	0.0000000	0.0000000	0.0000000	0.0000000	0.0000000	0.0000000	0.0000000	0.0000000	0.0000000	0.0000000	0.0000000	0.0000000	0.0000000	0.0000000	0.0000000	0.0000000	0.0000000	0.0000000	0.0000000	0.0000000	0.0000000	0.0000000	0.0000000	0.0000000	0.0000000	0.0000000	0.0000000	0.0000000	4.1967829e-10	8.8636221e-08	8.8634352e-06	0.00044931225	0.011772841	0.16185178	1.2061277	5.2280573	14.821620	31.951336	57.986248	93.341466	136.55496	185.16421	231.63102	265.98718	277.39299	258.21776	209.36908	143.30056	79.702578	34.669423	11.497488	2.9179597	0.59073305	0.10792075	0.019084043	0.0034042914	0.00062579212	0.00011928144	2.3606563e-05	4.5951101e-06	0.0000000	0.0000000	0.0000000	0.0000000	0.0000000	0.0000000	0.0000000	0.0000000	0.0000000
11.1290	0.0000000	0.0000000	0.0000000	0.0000000	0.0000000	0.0000000	0.0000000	0.0000000	0.0000000	0.0000000	0.0000000	0.0000000	0.0000000	0.0000000	0.0000000	0.0000000	0.0000000	0.0000000	0.0000000	0.0000000	0.0000000	0.0000000	0.0000000	0.0000000	0.0000000	0.0000000	0.0000000	0.0000000	0.0000000	0.0000000	0.0000000	0.0000000	0.0000000	0.0000000	0.0000000	0.0000000	0.0000000	0.0000000	0.0000000	0.0000000	2.8609993e-10	6.2291459e-08	6.4115278e-06	0.00033397602	0.0089751178	0.12628267	0.96073285	4.2117525	12.063928	26.247626	48.027596	77.872382	114.64611	154.76720	191.80864	217.20878	222.31099	202.07972	159.17853	105.31332	56.356549	23.484994	7.4359536	1.8169236	0.36669099	0.066814575	0.011791606	0.0021006277	0.00038585405	7.3529101e-05	1.4554970e-05	2.8349480e-06	0.0000000	0.0000000	0.0000000	0.0000000	0.0000000	0.0000000	0.0000000	0.0000000	0.0000000
16.3360	0.0000000	0.0000000	0.0000000	0.0000000	0.0000000	0.0000000	0.0000000	0.0000000	0.0000000	0.0000000	0.0000000	0.0000000	0.0000000	0.0000000	0.0000000	0.0000000	0.0000000	0.0000000	0.0000000	0.0000000	0.0000000	0.0000000	0.0000000	0.0000000	0.0000000	0.0000000	0.0000000	0.0000000	0.0000000	0.0000000	0.0000000	0.0000000	0.0000000	0.0000000	0.0000000	0.0000000	0.0000000	0.0000000	0.0000000	0.0000000	5.4111010e-09	7.4292096e-07	5.0571984e-05	0.0018173683	0.035019960	0.36580285	2.1290860	7.3271006	16.838022	29.927279	45.440041	61.980149	77.692247	90.270935	97.241518	96.575542	87.408168	70.796977	50.030224	29.879607	14.517121	5.5220762	1.6040039	0.36131623	0.067547736	0.011456412	0.0018918942	0.00031711114	5.5106558e-05	9.9872204e-06	1.8894260e-06	3.5328789e-07	0.0000000	0.0000000	0.0000000	0.0000000	0.0000000	0.0000000	0.0000000	0.0000000	0.0000000
13.8900	0.0000000	0.0000000	0.0000000	0.0000000	0.0000000	0.0000000	0.0000000	0.0000000	0.0000000	0.0000000	0.0000000	0.0000000	0.0000000	0.0000000	0.0000000	0.0000000	0.0000000	0.0000000	0.0000000	0.0000000	0.0000000	0.0000000	0.0000000	0.0000000	0.0000000	0.0000000	0.0000000	0.0000000	0.0000000	0.0000000	0.0000000	0.0000000	0.0000000	0.0000000	0.0000000	0.0000000	0.0000000	0.0000000	0.0000000	0.0000000	1.9465123e-09	3.0428279e-07	2.3332441e-05	0.00093799372	0.020078940	0.22943462	1.4519157	5.3911516	13.226679	24.857672	39.621795	56.477161	73.871500	89.682028	101.25339	105.68744	100.72210	85.978706	64.028508	40.248770	20.551467	8.2036568	2.4971585	0.58857082	0.11493637	0.020323502	0.0034906002	0.00060682567	0.00010905053	2.0375118e-05	3.9612668e-06	7.5869832e-07	0.0000000	0.0000000	0.0000000	0.0000000	0.0000000	0.0000000	0.0000000	0.0000000	0.0000000
16.0040	0.0000000	0.0000000	0.0000000	0.0000000	0.0000000	0.0000000	0.0000000	0.0000000	0.0000000	0.0000000	0.0000000	0.0000000	0.0000000	0.0000000	0.0000000	0.0000000	0.0000000	0.0000000	0.0000000	0.0000000	0.0000000	0.0000000	0.0000000	0.0000000	0.0000000	0.0000000	0.0000000	0.0000000	0.0000000	0.0000000	0.0000000	0.0000000	0.0000000	0.0000000	0.0000000	0.0000000	0.0000000	0.0000000	0.0000000	0.0000000	3.3370001e-09	4.7094395e-07	3.2872902e-05	0.0012067974	0.023639195	0.24982920	1.4667030	5.0843216	11.770609	21.101986	32.364961	44.665556	56.754200	67.001635	73.559263	74.723491	69.443350	57.983276	42.344935	26.099696	13.016750	5.0467628	1.4857682	0.33790914	0.063648896	0.010872724	0.0018091387	0.00030562997	5.3540851e-05	9.7825485e-06	1.8654815e-06	3.5144883e-07	0.0000000	0.0000000	0.0000000	0.0000000	0.0000000	0.0000000	0.0000000	0.0000000	0.0000000
10.7700	0.0000000	0.0000000	0.0000000	0.0000000	0.0000000	0.0000000	0.0000000	0.0000000	0.0000000	0.0000000	0.0000000	0.0000000	0.0000000	0.0000000	0.0000000	0.0000000	0.0000000	0.0000000	0.0000000	0.0000000	0.0000000	0.0000000	0.0000000	0.0000000	0.0000000	0.0000000	0.0000000	0.0000000	0.0000000	0.0000000	0.0000000	0.0000000	0.0000000	0.0000000	0.0000000	0.0000000	0.0000000	0.0000000	0.0000000	0.0000000	1.5593600e-10	3.5574836e-08	3.8387067e-06	0.00020993383	0.0059351919	0.088005234	0.70406174	3.2216654	9.5074757	20.930295	37.891820	59.291165	82.190545	101.84543	122.60170	139.90010	144.31949	132.25449	105.04569	70.074254	37.800844	15.874452	5.0632423	1.2456545	0.25296713	0.046350188	0.0082187413	0.0014697424	0.00027077015	5.1709418e-05	1.0250025e-05	1.9978218e-06	0.0000000	0.0000000	0.0000000	0.0000000	0.0000000	0.0000000	0.0000000	0.0000000	0.0000000
10.6570	0.0000000	0.0000000	0.0000000	0.0000000	0.0000000	0.0000000	0.0000000	0.0000000	0.0000000	0.0000000	0.0000000	0.0000000	0.0000000	0.0000000	0.0000000	0.0000000	0.0000000	0.0000000	0.0000000	0.0000000	0.0000000	0.0000000	0.0000000	0.0000000	0.0000000	0.0000000	0.0000000	0.0000000	0.0000000	0.0000000	0.0000000	0.0000000	0.0000000	0.0000000	0.0000000	0.0000000	0.0000000	0.0000000	0.0000000	0.0000000	9.0183914e-11	2.0514061e-08	2.1891808e-06	0.00011746919	0.0032355986	0.046479011	0.35982007	1.6006915	4.6417431	10.209168	18.887632	31.009488	46.274522	63.330027	79.505243	90.999698	93.796621	85.563686	67.438092	44.527955	23.726106	9.8255766	3.0868158	0.74751359	0.14941576	0.026966038	0.0047187868	0.00083525801	0.00015291150	2.9156415e-05	5.8022058e-06	1.1422904e-06	0.0000000	0.0000000	0.0000000	0.0000000	0.0000000	0.0000000	0.0000000	0.0000000	0.0000000
12.6800	0.0000000	0.0000000	0.0000000	0.0000000	0.0000000	0.0000000	0.0000000	0.0000000	0.0000000	0.0000000	0.0000000	0.0000000	0.0000000	0.0000000	0.0000000	0.0000000	0.0000000	0.0000000	0.0000000	0.0000000	0.0000000	0.0000000	0.0000000	0.0000000	0.0000000	0.0000000	0.0000000	0.0000000	0.0000000	0.0000000	0.0000000	0.0000000	0.0000000	0.0000000	0.0000000	0.0000000	0.0000000	0.0000000	0.0000000	0.0000000	5.4549317e-10	9.3269914e-08	7.7435557e-06	0.00033432027	0.0076413740	0.093461121	0.62712490	2.4358488	6.1818568	11.918977	19.356871	27.969447	36.983248	45.344295	51.617686	54.242954	51.975715	44.546940	33.276584	20.998319	10.779605	4.3328382	1.3298456	0.31637389	0.062385874	0.011135704	0.0019290326	0.00033779778	6.1048240e-05	1.1450039e-05	2.2302683e-06	4.2714835e-07	0.0000000	0.0000000	0.0000000	0.0000000	0.0000000	0.0000000	0.0000000	0.0000000	0.0000000
11.0230	0.0000000	0.0000000	0.0000000	0.0000000	0.0000000	0.0000000	0.0000000	0.0000000	0.0000000	0.0000000	0.0000000	0.0000000	0.0000000	0.0000000	0.0000000	0.0000000	0.0000000	0.0000000	0.0000000	0.0000000	0.0000000	0.0000000	0.0000000	0.0000000	0.0000000	0.0000000	0.0000000	0.0000000	0.0000000	0.0000000	0.0000000	0.0000000	0.0000000	0.0000000	0.0000000	0.0000000	0.0000000	0.0000000	0.0000000	0.0000000	6.0230396e-11	1.3434372e-08	1.4259806e-06	7.6895348e-05	0.0021381438	0.030983352	0.24152805	1.0798929	3.1422700	6.9290460	12.850499	21.138109	31.599194	43.343629	54.595767	62.813445	65.303547	60.317072	48.315574	32.540508	17.746987	7.5417549	2.4343222	0.60566830	0.12424010	0.022961926	0.0041023920	0.00073862940	0.00013707236	2.6412214e-05	5.2947815e-06	1.0463560e-06	0.0000000	0.0000000	0.0000000	0.0000000	0.0000000	0.0000000	0.0000000	0.0000000	0.0000000
10.1150	0.0000000	0.0000000	0.0000000	0.0000000	0.0000000	0.0000000	0.0000000	0.0000000	0.0000000	0.0000000	0.0000000	0.0000000	0.0000000	0.0000000	0.0000000	0.0000000	0.0000000	0.0000000	0.0000000	0.0000000	0.0000000	0.0000000	0.0000000	0.0000000	0.0000000	0.0000000	0.0000000	0.0000000	0.0000000	0.0000000	0.0000000	0.0000000	0.0000000	0.0000000	0.0000000	0.0000000	0.0000000	0.0000000	0.0000000	0.0000000	7.5426157e-12	1.8665691e-09	2.1578538e-07	1.2504268e-05	0.00037092301	0.0057233187	0.047468395	0.22552391	0.69549426	1.6174181	3.1433424	5.3883249	8.3639082	11.894642	15.545376	18.602057	20.156150	19.383601	16.067180	11.073767	6.0851169	2.5687108	0.81635236	0.19927171	0.040175000	0.0073437365	0.0013064764	0.00023562361	4.3986373e-05	8.5488918e-06	1.7314424e-06	3.4605620e-07	0.0000000	0.0000000	0.0000000	0.0000000	0.0000000	0.0000000	0.0000000	0.0000000	0.0000000
