# DO NOT EDIT: written Thu Mar 14 18:48:37 2019 by wrt_emiss_fe17.pro
# faked emissivities [1e-23 ergs cm^3/s] for Fe17 lines from Del Zanna 2011, A&A 536, A59
# emissivities include ion balance, but not abundance, and are spline and ion balance jittered off of emiss_Fe17_00000.txt
# line 6 -- SEED, LOGT
# lines 7+ -- WVL, EMISSIVITY
      263296	4.00	4.05	4.10	4.15	4.20	4.25	4.30	4.35	4.40	4.45	4.50	4.55	4.60	4.65	4.70	4.75	4.80	4.85	4.90	4.95	5.00	5.05	5.10	5.15	5.20	5.25	5.30	5.35	5.40	5.45	5.50	5.55	5.60	5.65	5.70	5.75	5.80	5.85	5.90	5.95	6.00	6.05	6.10	6.15	6.20	6.25	6.30	6.35	6.40	6.45	6.50	6.55	6.60	6.65	6.70	6.75	6.80	6.85	6.90	6.95	7.00	7.05	7.10	7.15	7.20	7.25	7.30	7.35	7.40	7.45	7.50	7.55	7.60	7.65	7.70	7.75	7.80	7.85	7.90	7.95	8.00
15.0130	0.0000000	0.0000000	0.0000000	0.0000000	0.0000000	0.0000000	0.0000000	0.0000000	0.0000000	0.0000000	0.0000000	0.0000000	0.0000000	0.0000000	0.0000000	0.0000000	0.0000000	0.0000000	0.0000000	0.0000000	0.0000000	0.0000000	0.0000000	0.0000000	0.0000000	0.0000000	0.0000000	0.0000000	0.0000000	0.0000000	0.0000000	0.0000000	0.0000000	0.0000000	0.0000000	0.0000000	0.0000000	0.0000000	0.0000000	0.0000000	0.0000000	1.3404762e-06	0.00016997908	0.010941415	0.36061075	6.0481212	50.805425	223.44836	605.14004	1210.3305	2014.1527	2967.7863	3989.3620	4958.4003	5718.4673	6101.6361	5966.9524	5263.1695	4092.7095	2724.7570	1499.2435	657.89115	224.46010	59.693112	12.895896	2.4293273	0.43000621	0.075578407	0.013606383	0.0025410396	0.00049362062	9.9479392e-05	9.1063575e-06	0.0000000	0.0000000	0.0000000	0.0000000	0.0000000	0.0000000	0.0000000	0.0000000
17.0510	0.0000000	0.0000000	0.0000000	0.0000000	0.0000000	0.0000000	0.0000000	0.0000000	0.0000000	0.0000000	0.0000000	0.0000000	0.0000000	0.0000000	0.0000000	0.0000000	0.0000000	0.0000000	0.0000000	0.0000000	0.0000000	0.0000000	0.0000000	0.0000000	0.0000000	0.0000000	0.0000000	0.0000000	0.0000000	0.0000000	0.0000000	0.0000000	0.0000000	0.0000000	0.0000000	0.0000000	0.0000000	0.0000000	0.0000000	0.0000000	0.0000000	2.7934126e-06	0.00031490739	0.018209017	0.54303554	8.2862556	63.612690	256.93046	642.55392	1194.2203	1859.1972	2580.7927	3289.1992	3895.4353	4296.1466	4394.0674	4126.0118	3498.6676	2616.9084	1675.8493	886.66304	373.90226	122.50428	31.271436	6.4829599	1.1716154	0.19886941	0.033500182	0.0057826083	0.0010373567	0.00019410686	3.7783070e-05	3.3480221e-06	0.0000000	0.0000000	0.0000000	0.0000000	0.0000000	0.0000000	0.0000000	0.0000000
17.0960	0.0000000	0.0000000	0.0000000	0.0000000	0.0000000	0.0000000	0.0000000	0.0000000	0.0000000	0.0000000	0.0000000	0.0000000	0.0000000	0.0000000	0.0000000	0.0000000	0.0000000	0.0000000	0.0000000	0.0000000	0.0000000	0.0000000	0.0000000	0.0000000	0.0000000	0.0000000	0.0000000	0.0000000	0.0000000	0.0000000	0.0000000	0.0000000	0.0000000	0.0000000	0.0000000	0.0000000	0.0000000	0.0000000	0.0000000	0.0000000	0.0000000	2.6542254e-06	0.00029613537	0.016932225	0.49937545	7.5310560	57.062526	226.99555	557.73201	1015.8181	1546.4692	2095.7843	2603.8250	3001.9925	3219.4022	3198.7330	2915.0437	2396.8485	1736.7491	1076.2476	550.28121	223.91038	70.683776	17.363330	3.4607820	0.60100294	0.098026228	0.015873390	0.0026355155	0.00045513981	8.2078451e-05	1.5431063e-05	1.3251044e-06	0.0000000	0.0000000	0.0000000	0.0000000	0.0000000	0.0000000	0.0000000	0.0000000
16.7760	0.0000000	0.0000000	0.0000000	0.0000000	0.0000000	0.0000000	0.0000000	0.0000000	0.0000000	0.0000000	0.0000000	0.0000000	0.0000000	0.0000000	0.0000000	0.0000000	0.0000000	0.0000000	0.0000000	0.0000000	0.0000000	0.0000000	0.0000000	0.0000000	0.0000000	0.0000000	0.0000000	0.0000000	0.0000000	0.0000000	0.0000000	0.0000000	0.0000000	0.0000000	0.0000000	0.0000000	0.0000000	0.0000000	0.0000000	0.0000000	0.0000000	2.1113898e-06	0.00024053203	0.014029427	0.42218662	6.5084953	50.553928	206.88798	524.78381	989.48880	1562.0008	2195.6781	2826.7331	3372.3707	3737.9608	3834.4828	3604.4094	3054.5727	2280.1515	1455.1882	766.05514	320.83333	104.20776	26.326806	5.3936680	0.96215793	0.16107157	0.026747433	0.0045507176	0.00080480466	0.00014856641	2.8586495e-05	2.5127804e-06	0.0000000	0.0000000	0.0000000	0.0000000	0.0000000	0.0000000	0.0000000	0.0000000
15.2620	0.0000000	0.0000000	0.0000000	0.0000000	0.0000000	0.0000000	0.0000000	0.0000000	0.0000000	0.0000000	0.0000000	0.0000000	0.0000000	0.0000000	0.0000000	0.0000000	0.0000000	0.0000000	0.0000000	0.0000000	0.0000000	0.0000000	0.0000000	0.0000000	0.0000000	0.0000000	0.0000000	0.0000000	0.0000000	0.0000000	0.0000000	0.0000000	0.0000000	0.0000000	0.0000000	0.0000000	0.0000000	0.0000000	0.0000000	0.0000000	0.0000000	3.8558533e-07	4.8430427e-05	0.0030933414	0.10123611	1.6850787	14.029935	61.123645	164.03136	325.54965	538.94728	792.92365	1068.1489	1333.9477	1548.3339	1663.8767	1638.9310	1455.8676	1139.6276	763.19550	421.96550	185.80420	63.501455	16.881971	3.6374310	0.68161179	0.11966638	0.020797965	0.0036948005	0.00068052576	0.00013050047	2.6020789e-05	2.3640074e-06	0.0000000	0.0000000	0.0000000	0.0000000	0.0000000	0.0000000	0.0000000	0.0000000
12.1240	0.0000000	0.0000000	0.0000000	0.0000000	0.0000000	0.0000000	0.0000000	0.0000000	0.0000000	0.0000000	0.0000000	0.0000000	0.0000000	0.0000000	0.0000000	0.0000000	0.0000000	0.0000000	0.0000000	0.0000000	0.0000000	0.0000000	0.0000000	0.0000000	0.0000000	0.0000000	0.0000000	0.0000000	0.0000000	0.0000000	0.0000000	0.0000000	0.0000000	0.0000000	0.0000000	0.0000000	0.0000000	0.0000000	0.0000000	0.0000000	0.0000000	3.5561879e-08	5.5673232e-06	0.00043164200	0.016761636	0.32478994	3.0993617	15.286936	46.021964	101.75957	186.71707	303.33908	448.90733	605.74356	737.50850	797.14193	763.79367	653.54603	508.66916	351.63741	199.98637	90.288448	31.547136	8.5546874	1.8764927	0.35730331	0.063619488	0.011192358	0.0020088492	0.00037311110	7.1996066e-05	1.4410213e-05	1.3112721e-06	0.0000000	0.0000000	0.0000000	0.0000000	0.0000000	0.0000000	0.0000000	0.0000000
12.2640	0.0000000	0.0000000	0.0000000	0.0000000	0.0000000	0.0000000	0.0000000	0.0000000	0.0000000	0.0000000	0.0000000	0.0000000	0.0000000	0.0000000	0.0000000	0.0000000	0.0000000	0.0000000	0.0000000	0.0000000	0.0000000	0.0000000	0.0000000	0.0000000	0.0000000	0.0000000	0.0000000	0.0000000	0.0000000	0.0000000	0.0000000	0.0000000	0.0000000	0.0000000	0.0000000	0.0000000	0.0000000	0.0000000	0.0000000	0.0000000	0.0000000	3.3575239e-08	5.2063270e-06	0.00040094107	0.015498126	0.29930871	2.8469978	13.976400	41.747701	91.218408	164.62484	261.70513	377.99468	502.73778	617.69952	698.75810	720.83279	667.37548	542.01172	375.06951	213.52152	96.507654	33.767578	9.1729727	2.0162332	0.38471424	0.068632340	0.012093529	0.0021730227	0.00040381005	7.7903591e-05	1.5576974e-05	1.4148603e-06	0.0000000	0.0000000	0.0000000	0.0000000	0.0000000	0.0000000	0.0000000	0.0000000
13.8250	0.0000000	0.0000000	0.0000000	0.0000000	0.0000000	0.0000000	0.0000000	0.0000000	0.0000000	0.0000000	0.0000000	0.0000000	0.0000000	0.0000000	0.0000000	0.0000000	0.0000000	0.0000000	0.0000000	0.0000000	0.0000000	0.0000000	0.0000000	0.0000000	0.0000000	0.0000000	0.0000000	0.0000000	0.0000000	0.0000000	0.0000000	0.0000000	0.0000000	0.0000000	0.0000000	0.0000000	0.0000000	0.0000000	0.0000000	0.0000000	0.0000000	5.6986607e-08	7.6274569e-06	0.00051841474	0.018053232	0.31982194	2.8345567	13.138187	37.428586	78.637899	137.45933	213.04271	301.85400	396.21983	483.16661	544.75649	561.65355	520.48874	423.26463	293.11119	166.88140	75.401564	26.368673	7.1593417	1.5735879	0.30060568	0.053772453	0.0095164370	0.0017201398	0.00032199999	6.2648141e-05	1.2643423e-05	1.1593272e-06	0.0000000	0.0000000	0.0000000	0.0000000	0.0000000	0.0000000	0.0000000	0.0000000
15.4530	0.0000000	0.0000000	0.0000000	0.0000000	0.0000000	0.0000000	0.0000000	0.0000000	0.0000000	0.0000000	0.0000000	0.0000000	0.0000000	0.0000000	0.0000000	0.0000000	0.0000000	0.0000000	0.0000000	0.0000000	0.0000000	0.0000000	0.0000000	0.0000000	0.0000000	0.0000000	0.0000000	0.0000000	0.0000000	0.0000000	0.0000000	0.0000000	0.0000000	0.0000000	0.0000000	0.0000000	0.0000000	0.0000000	0.0000000	0.0000000	0.0000000	1.2559380e-07	1.5027613e-05	0.00091304234	0.028387837	0.44843966	3.5403491	14.610806	37.106154	69.636301	108.94010	151.45595	193.32923	228.31390	250.04455	253.86274	237.12308	200.20029	149.36208	95.643515	50.758677	21.544447	7.1003675	1.8083723	0.36855091	0.064469480	0.010467352	0.0016725092	0.00027245325	4.6050471e-05	8.1370302e-06	1.5063450e-06	1.2820449e-07	0.0000000	0.0000000	0.0000000	0.0000000	0.0000000	0.0000000	0.0000000	0.0000000
11.2500	0.0000000	0.0000000	0.0000000	0.0000000	0.0000000	0.0000000	0.0000000	0.0000000	0.0000000	0.0000000	0.0000000	0.0000000	0.0000000	0.0000000	0.0000000	0.0000000	0.0000000	0.0000000	0.0000000	0.0000000	0.0000000	0.0000000	0.0000000	0.0000000	0.0000000	0.0000000	0.0000000	0.0000000	0.0000000	0.0000000	0.0000000	0.0000000	0.0000000	0.0000000	0.0000000	0.0000000	0.0000000	0.0000000	0.0000000	0.0000000	0.0000000	8.0139797e-09	1.3730867e-06	0.00011530730	0.0048039806	0.098980888	0.99571376	5.1327950	16.009341	36.355049	67.897471	111.24595	164.94943	224.33142	280.80376	322.59869	337.09402	315.46814	258.54321	180.26443	103.24349	46.878646	16.455378	4.4787936	0.98544124	0.18813079	0.033570654	0.0059161865	0.0010632461	0.00019767318	3.8172277e-05	7.6451862e-06	6.9599717e-07	0.0000000	0.0000000	0.0000000	0.0000000	0.0000000	0.0000000	0.0000000	0.0000000
11.1290	0.0000000	0.0000000	0.0000000	0.0000000	0.0000000	0.0000000	0.0000000	0.0000000	0.0000000	0.0000000	0.0000000	0.0000000	0.0000000	0.0000000	0.0000000	0.0000000	0.0000000	0.0000000	0.0000000	0.0000000	0.0000000	0.0000000	0.0000000	0.0000000	0.0000000	0.0000000	0.0000000	0.0000000	0.0000000	0.0000000	0.0000000	0.0000000	0.0000000	0.0000000	0.0000000	0.0000000	0.0000000	0.0000000	0.0000000	0.0000000	0.0000000	4.8806551e-09	8.4716870e-07	7.2042309e-05	0.0030379012	0.063319452	0.64399212	3.3538926	10.559208	24.182812	45.514371	75.101653	112.08648	153.37010	193.07684	222.98586	234.12486	220.04441	181.00920	126.59838	72.692186	33.082026	11.640742	3.1778257	0.70195397	0.13471720	0.024205627	0.0043035906	0.00078201638	0.00014735813	2.8916849e-05	5.9016224e-06	5.4896135e-07	0.0000000	0.0000000	0.0000000	0.0000000	0.0000000	0.0000000	0.0000000	0.0000000
16.3360	0.0000000	0.0000000	0.0000000	0.0000000	0.0000000	0.0000000	0.0000000	0.0000000	0.0000000	0.0000000	0.0000000	0.0000000	0.0000000	0.0000000	0.0000000	0.0000000	0.0000000	0.0000000	0.0000000	0.0000000	0.0000000	0.0000000	0.0000000	0.0000000	0.0000000	0.0000000	0.0000000	0.0000000	0.0000000	0.0000000	0.0000000	0.0000000	0.0000000	0.0000000	0.0000000	0.0000000	0.0000000	0.0000000	0.0000000	0.0000000	0.0000000	5.3147142e-08	6.0877470e-06	0.00035679411	0.010789556	0.16715163	1.3034616	5.3459404	13.558841	25.494573	40.051381	55.972576	71.670897	85.129865	94.028185	96.190165	90.224143	76.324261	56.873121	36.238059	19.056292	7.9790610	2.5930712	0.65593548	0.13462320	0.024061780	0.0040354335	0.00067101728	0.00011420742	2.0173967e-05	3.7124166e-06	7.1064987e-07	6.2017768e-08	0.0000000	0.0000000	0.0000000	0.0000000	0.0000000	0.0000000	0.0000000	0.0000000
13.8900	0.0000000	0.0000000	0.0000000	0.0000000	0.0000000	0.0000000	0.0000000	0.0000000	0.0000000	0.0000000	0.0000000	0.0000000	0.0000000	0.0000000	0.0000000	0.0000000	0.0000000	0.0000000	0.0000000	0.0000000	0.0000000	0.0000000	0.0000000	0.0000000	0.0000000	0.0000000	0.0000000	0.0000000	0.0000000	0.0000000	0.0000000	0.0000000	0.0000000	0.0000000	0.0000000	0.0000000	0.0000000	0.0000000	0.0000000	0.0000000	0.0000000	2.0210007e-08	2.4877457e-06	0.00015858083	0.0056490178	0.11504148	1.0032318	4.5024405	12.353099	24.847395	41.365174	60.802779	81.466732	100.98726	116.33160	124.04916	121.17841	106.61392	82.473544	54.421337	29.571796	12.773142	4.2775757	1.1142477	0.23541747	0.043315590	0.0074787082	0.0012804053	0.00022443601	4.0844920e-05	7.7458535e-06	1.5277117e-06	1.3725804e-07	0.0000000	0.0000000	0.0000000	0.0000000	0.0000000	0.0000000	0.0000000	0.0000000
16.0040	0.0000000	0.0000000	0.0000000	0.0000000	0.0000000	0.0000000	0.0000000	0.0000000	0.0000000	0.0000000	0.0000000	0.0000000	0.0000000	0.0000000	0.0000000	0.0000000	0.0000000	0.0000000	0.0000000	0.0000000	0.0000000	0.0000000	0.0000000	0.0000000	0.0000000	0.0000000	0.0000000	0.0000000	0.0000000	0.0000000	0.0000000	0.0000000	0.0000000	0.0000000	0.0000000	0.0000000	0.0000000	0.0000000	0.0000000	0.0000000	0.0000000	3.5056008e-08	4.1274115e-06	0.00024799494	0.0076610802	0.12081358	0.95671923	3.9797529	10.235158	19.521351	31.108307	44.082838	57.197861	68.789024	76.884842	79.563401	75.473926	64.547867	48.602876	31.270701	16.588766	6.9998874	2.2905683	0.58313847	0.12043667	0.021665529	0.0036588292	0.00061314780	0.00010529549	1.8793387e-05	3.4988528e-06	6.7809650e-07	5.9920264e-08	0.0000000	0.0000000	0.0000000	0.0000000	0.0000000	0.0000000	0.0000000	0.0000000
10.7700	0.0000000	0.0000000	0.0000000	0.0000000	0.0000000	0.0000000	0.0000000	0.0000000	0.0000000	0.0000000	0.0000000	0.0000000	0.0000000	0.0000000	0.0000000	0.0000000	0.0000000	0.0000000	0.0000000	0.0000000	0.0000000	0.0000000	0.0000000	0.0000000	0.0000000	0.0000000	0.0000000	0.0000000	0.0000000	0.0000000	0.0000000	0.0000000	0.0000000	0.0000000	0.0000000	0.0000000	0.0000000	0.0000000	0.0000000	0.0000000	0.0000000	2.8511212e-09	5.1186022e-07	4.4928775e-05	0.0019524632	0.041875546	0.43740148	2.3328236	7.4911212	17.431791	33.262716	55.630200	84.249514	116.69065	147.39013	168.03455	169.80883	148.28612	121.98701	85.841322	49.564015	22.667626	8.0087093	2.1928538	0.48518748	0.093131001	0.016705921	0.0029588708	0.00053427249	9.9757536e-05	1.9337173e-05	3.8852186e-06	3.5455304e-07	0.0000000	0.0000000	0.0000000	0.0000000	0.0000000	0.0000000	0.0000000	0.0000000
10.6570	0.0000000	0.0000000	0.0000000	0.0000000	0.0000000	0.0000000	0.0000000	0.0000000	0.0000000	0.0000000	0.0000000	0.0000000	0.0000000	0.0000000	0.0000000	0.0000000	0.0000000	0.0000000	0.0000000	0.0000000	0.0000000	0.0000000	0.0000000	0.0000000	0.0000000	0.0000000	0.0000000	0.0000000	0.0000000	0.0000000	0.0000000	0.0000000	0.0000000	0.0000000	0.0000000	0.0000000	0.0000000	0.0000000	0.0000000	0.0000000	0.0000000	1.5642467e-09	2.7830657e-07	2.4017278e-05	0.0010249246	0.021721058	0.22624987	1.2127634	3.9384626	9.3013100	18.016647	30.491863	46.459392	64.615803	82.394334	96.094574	101.58709	95.861388	78.968582	55.184324	31.597886	14.313237	5.0037589	1.3546191	0.29620310	0.056190114	0.0099699407	0.0017494086	0.00031362540	5.8293662e-05	1.1282504e-05	2.2709702e-06	2.0835774e-07	0.0000000	0.0000000	0.0000000	0.0000000	0.0000000	0.0000000	0.0000000	0.0000000
12.6800	0.0000000	0.0000000	0.0000000	0.0000000	0.0000000	0.0000000	0.0000000	0.0000000	0.0000000	0.0000000	0.0000000	0.0000000	0.0000000	0.0000000	0.0000000	0.0000000	0.0000000	0.0000000	0.0000000	0.0000000	0.0000000	0.0000000	0.0000000	0.0000000	0.0000000	0.0000000	0.0000000	0.0000000	0.0000000	0.0000000	0.0000000	0.0000000	0.0000000	0.0000000	0.0000000	0.0000000	0.0000000	0.0000000	0.0000000	0.0000000	0.0000000	6.9994684e-09	9.7960637e-07	6.9137117e-05	0.0024864125	0.045225599	0.40763331	1.8911595	5.3060961	10.833106	18.202394	26.913544	36.252859	45.234979	52.457250	56.303017	55.332848	48.926528	37.997377	25.175979	13.743027	5.9659560	2.0088219	0.52629468	0.11182753	0.020680652	0.0035856858	0.00061579562	0.00010814475	1.9695172e-05	3.7335782e-06	7.3547567e-07	6.5975848e-08	0.0000000	0.0000000	0.0000000	0.0000000	0.0000000	0.0000000	0.0000000	0.0000000
11.0230	0.0000000	0.0000000	0.0000000	0.0000000	0.0000000	0.0000000	0.0000000	0.0000000	0.0000000	0.0000000	0.0000000	0.0000000	0.0000000	0.0000000	0.0000000	0.0000000	0.0000000	0.0000000	0.0000000	0.0000000	0.0000000	0.0000000	0.0000000	0.0000000	0.0000000	0.0000000	0.0000000	0.0000000	0.0000000	0.0000000	0.0000000	0.0000000	0.0000000	0.0000000	0.0000000	0.0000000	0.0000000	0.0000000	0.0000000	0.0000000	0.0000000	1.0543995e-09	1.9002637e-07	1.6819941e-05	0.00073683480	0.015857404	0.16543095	0.87857091	2.8073319	6.5064549	12.386143	20.680357	31.241512	43.277285	55.142378	64.401504	68.334521	64.896258	53.962709	38.186323	22.215891	10.253908	3.6594882	1.0123990	0.22623854	0.043829818	0.0079310691	0.0014166097	0.00025816989	4.8744731e-05	9.5787194e-06	1.9564847e-06	1.8200752e-07	0.0000000	0.0000000	0.0000000	0.0000000	0.0000000	0.0000000	0.0000000	0.0000000
10.1150	0.0000000	0.0000000	0.0000000	0.0000000	0.0000000	0.0000000	0.0000000	0.0000000	0.0000000	0.0000000	0.0000000	0.0000000	0.0000000	0.0000000	0.0000000	0.0000000	0.0000000	0.0000000	0.0000000	0.0000000	0.0000000	0.0000000	0.0000000	0.0000000	0.0000000	0.0000000	0.0000000	0.0000000	0.0000000	0.0000000	0.0000000	0.0000000	0.0000000	0.0000000	0.0000000	0.0000000	0.0000000	0.0000000	0.0000000	0.0000000	0.0000000	1.7209742e-10	3.4114599e-08	3.2732264e-06	0.00015413477	0.0035550882	0.039671772	0.22475116	0.76257175	1.8632122	3.7065043	6.4149629	9.9829090	14.184700	18.499109	22.101007	23.965699	23.216595	19.639065	14.087496	8.2750467	3.8456784	1.3801654	0.38394672	0.086362019	0.016867963	0.0030817627	0.00055624614	0.00010238979	1.9492375e-05	3.8528035e-06	7.8940176e-07	7.3468106e-08	0.0000000	0.0000000	0.0000000	0.0000000	0.0000000	0.0000000	0.0000000	0.0000000
