# DO NOT EDIT: written Thu Mar 14 18:48:37 2019 by wrt_emiss_fe17.pro
# faked emissivities [1e-23 ergs cm^3/s] for Fe17 lines from Del Zanna 2011, A&A 536, A59
# emissivities include ion balance, but not abundance, and are spline and ion balance jittered off of emiss_Fe17_00000.txt
# line 6 -- SEED, LOGT
# lines 7+ -- WVL, EMISSIVITY
      927508	4.00	4.05	4.10	4.15	4.20	4.25	4.30	4.35	4.40	4.45	4.50	4.55	4.60	4.65	4.70	4.75	4.80	4.85	4.90	4.95	5.00	5.05	5.10	5.15	5.20	5.25	5.30	5.35	5.40	5.45	5.50	5.55	5.60	5.65	5.70	5.75	5.80	5.85	5.90	5.95	6.00	6.05	6.10	6.15	6.20	6.25	6.30	6.35	6.40	6.45	6.50	6.55	6.60	6.65	6.70	6.75	6.80	6.85	6.90	6.95	7.00	7.05	7.10	7.15	7.20	7.25	7.30	7.35	7.40	7.45	7.50	7.55	7.60	7.65	7.70	7.75	7.80	7.85	7.90	7.95	8.00
15.0130	0.0000000	0.0000000	0.0000000	0.0000000	0.0000000	0.0000000	0.0000000	0.0000000	0.0000000	0.0000000	0.0000000	0.0000000	0.0000000	0.0000000	0.0000000	0.0000000	0.0000000	0.0000000	0.0000000	0.0000000	0.0000000	0.0000000	0.0000000	0.0000000	0.0000000	0.0000000	0.0000000	0.0000000	0.0000000	0.0000000	0.0000000	0.0000000	0.0000000	0.0000000	0.0000000	0.0000000	0.0000000	0.0000000	0.0000000	0.0000000	0.0000000	1.5891775e-06	0.00020188792	0.013015618	0.42838946	7.1422043	59.180983	254.16496	669.88245	1314.7844	2170.4852	3199.2439	4326.0982	5425.0959	6318.4131	6801.8488	6670.5567	5875.1066	4533.9298	2968.0547	1583.8379	661.57045	210.43785	51.618801	10.416108	1.8860709	0.32909929	0.057811479	0.010465140	0.0019667919	0.00038313116	7.7149158e-05	9.6310173e-07	0.0000000	0.0000000	0.0000000	0.0000000	0.0000000	0.0000000	0.0000000	0.0000000
17.0510	0.0000000	0.0000000	0.0000000	0.0000000	0.0000000	0.0000000	0.0000000	0.0000000	0.0000000	0.0000000	0.0000000	0.0000000	0.0000000	0.0000000	0.0000000	0.0000000	0.0000000	0.0000000	0.0000000	0.0000000	0.0000000	0.0000000	0.0000000	0.0000000	0.0000000	0.0000000	0.0000000	0.0000000	0.0000000	0.0000000	0.0000000	0.0000000	0.0000000	0.0000000	0.0000000	0.0000000	0.0000000	0.0000000	0.0000000	0.0000000	0.0000000	3.1021752e-06	0.00035876192	0.021291289	0.64799851	10.023239	77.251754	309.35411	756.94537	1378.6024	2121.3082	2925.6021	3713.3805	4382.6980	4814.6166	4898.2946	4563.7841	3824.8193	2810.6870	1752.8171	891.34923	354.93182	107.68780	25.224027	4.8601786	0.83680389	0.13907242	0.023310315	0.0040336217	0.00072597147	0.00013613951	2.6491833e-05	3.2019051e-07	0.0000000	0.0000000	0.0000000	0.0000000	0.0000000	0.0000000	0.0000000	0.0000000
17.0960	0.0000000	0.0000000	0.0000000	0.0000000	0.0000000	0.0000000	0.0000000	0.0000000	0.0000000	0.0000000	0.0000000	0.0000000	0.0000000	0.0000000	0.0000000	0.0000000	0.0000000	0.0000000	0.0000000	0.0000000	0.0000000	0.0000000	0.0000000	0.0000000	0.0000000	0.0000000	0.0000000	0.0000000	0.0000000	0.0000000	0.0000000	0.0000000	0.0000000	0.0000000	0.0000000	0.0000000	0.0000000	0.0000000	0.0000000	0.0000000	0.0000000	3.1709951e-06	0.00034906869	0.019743731	0.57647323	8.6040392	64.271098	250.17786	600.28607	1076.7383	1630.1119	2210.7439	2758.8972	3201.9656	3459.3699	3460.6880	3168.6559	2607.3090	1878.5115	1146.3094	568.92397	220.45753	64.910866	14.719046	2.7446291	0.45942153	0.074189792	0.012080995	0.0020311588	0.00035529463	6.4784912e-05	1.2265410e-05	1.4433099e-07	0.0000000	0.0000000	0.0000000	0.0000000	0.0000000	0.0000000	0.0000000	0.0000000
16.7760	0.0000000	0.0000000	0.0000000	0.0000000	0.0000000	0.0000000	0.0000000	0.0000000	0.0000000	0.0000000	0.0000000	0.0000000	0.0000000	0.0000000	0.0000000	0.0000000	0.0000000	0.0000000	0.0000000	0.0000000	0.0000000	0.0000000	0.0000000	0.0000000	0.0000000	0.0000000	0.0000000	0.0000000	0.0000000	0.0000000	0.0000000	0.0000000	0.0000000	0.0000000	0.0000000	0.0000000	0.0000000	0.0000000	0.0000000	0.0000000	0.0000000	1.9230693e-06	0.00021662988	0.012506394	0.37212269	5.6579555	43.088537	171.31505	458.08379	928.98241	1586.8743	2267.1592	2900.6465	3444.5107	3802.2369	3883.3638	3629.8684	3051.0865	1845.3916	1040.0332	530.76055	212.13341	64.603810	15.187754	2.9415273	0.51211314	0.086082233	0.014596154	0.0025553230	0.00046528813	8.8263632e-05	1.7370258e-05	2.1225643e-07	0.0000000	0.0000000	0.0000000	0.0000000	0.0000000	0.0000000	0.0000000	0.0000000
15.2620	0.0000000	0.0000000	0.0000000	0.0000000	0.0000000	0.0000000	0.0000000	0.0000000	0.0000000	0.0000000	0.0000000	0.0000000	0.0000000	0.0000000	0.0000000	0.0000000	0.0000000	0.0000000	0.0000000	0.0000000	0.0000000	0.0000000	0.0000000	0.0000000	0.0000000	0.0000000	0.0000000	0.0000000	0.0000000	0.0000000	0.0000000	0.0000000	0.0000000	0.0000000	0.0000000	0.0000000	0.0000000	0.0000000	0.0000000	0.0000000	0.0000000	4.8176141e-07	6.0314671e-05	0.0038429968	0.12526822	2.0702886	17.004798	72.384526	189.07873	367.83520	602.09043	880.51246	1182.0056	1472.0670	1702.9696	1821.0027	1779.7011	1561.5779	1199.3713	780.46841	413.40370	171.11741	53.833544	13.031615	2.5888180	0.46022913	0.078600913	0.013512100	0.0024187215	0.00045871891	9.2140789e-05	1.9391945e-05	2.5434261e-07	0.0000000	0.0000000	0.0000000	0.0000000	0.0000000	0.0000000	0.0000000	0.0000000
12.1240	0.0000000	0.0000000	0.0000000	0.0000000	0.0000000	0.0000000	0.0000000	0.0000000	0.0000000	0.0000000	0.0000000	0.0000000	0.0000000	0.0000000	0.0000000	0.0000000	0.0000000	0.0000000	0.0000000	0.0000000	0.0000000	0.0000000	0.0000000	0.0000000	0.0000000	0.0000000	0.0000000	0.0000000	0.0000000	0.0000000	0.0000000	0.0000000	0.0000000	0.0000000	0.0000000	0.0000000	0.0000000	0.0000000	0.0000000	0.0000000	0.0000000	3.8560114e-08	5.9904952e-06	0.00046170183	0.017812703	0.34204352	3.2140142	15.452060	45.104790	97.124867	174.42411	277.53756	402.21452	536.86613	661.40167	749.07215	771.85145	711.31299	571.96363	388.59739	214.40516	92.264346	30.134710	7.5688491	1.5601281	0.28787531	0.051063288	0.0090962980	0.0016656834	0.00031588041	6.2149331e-05	1.2635655e-05	1.5894946e-07	0.0000000	0.0000000	0.0000000	0.0000000	0.0000000	0.0000000	0.0000000	0.0000000
12.2640	0.0000000	0.0000000	0.0000000	0.0000000	0.0000000	0.0000000	0.0000000	0.0000000	0.0000000	0.0000000	0.0000000	0.0000000	0.0000000	0.0000000	0.0000000	0.0000000	0.0000000	0.0000000	0.0000000	0.0000000	0.0000000	0.0000000	0.0000000	0.0000000	0.0000000	0.0000000	0.0000000	0.0000000	0.0000000	0.0000000	0.0000000	0.0000000	0.0000000	0.0000000	0.0000000	0.0000000	0.0000000	0.0000000	0.0000000	0.0000000	0.0000000	3.3417702e-08	5.1662220e-06	0.00039678319	0.015264103	0.29227729	2.7367040	13.087945	37.910937	80.835807	144.91666	230.57677	334.72302	448.63448	556.43432	636.00974	662.94162	619.18970	505.06935	348.21390	194.95198	85.095028	28.170928	7.1641617	1.4652536	0.26829687	0.047278379	0.0083760830	0.0015271531	0.00028869575	5.6693232e-05	1.1520653e-05	1.4508444e-07	0.0000000	0.0000000	0.0000000	0.0000000	0.0000000	0.0000000	0.0000000	0.0000000
13.8250	0.0000000	0.0000000	0.0000000	0.0000000	0.0000000	0.0000000	0.0000000	0.0000000	0.0000000	0.0000000	0.0000000	0.0000000	0.0000000	0.0000000	0.0000000	0.0000000	0.0000000	0.0000000	0.0000000	0.0000000	0.0000000	0.0000000	0.0000000	0.0000000	0.0000000	0.0000000	0.0000000	0.0000000	0.0000000	0.0000000	0.0000000	0.0000000	0.0000000	0.0000000	0.0000000	0.0000000	0.0000000	0.0000000	0.0000000	0.0000000	0.0000000	6.0749134e-08	7.6781500e-06	0.00058701059	0.022532084	0.36963796	2.8636836	12.083143	33.551155	68.995649	118.80038	182.01372	255.25502	331.65326	400.10380	445.85212	453.54903	413.40935	328.96384	221.13398	120.72412	51.430007	16.645462	4.1484038	0.84999795	0.15627667	0.027691471	0.0049406540	0.00090840474	0.00017336646	3.4396699e-05	7.0646108e-06	8.9889137e-08	0.0000000	0.0000000	0.0000000	0.0000000	0.0000000	0.0000000	0.0000000	0.0000000
15.4530	0.0000000	0.0000000	0.0000000	0.0000000	0.0000000	0.0000000	0.0000000	0.0000000	0.0000000	0.0000000	0.0000000	0.0000000	0.0000000	0.0000000	0.0000000	0.0000000	0.0000000	0.0000000	0.0000000	0.0000000	0.0000000	0.0000000	0.0000000	0.0000000	0.0000000	0.0000000	0.0000000	0.0000000	0.0000000	0.0000000	0.0000000	0.0000000	0.0000000	0.0000000	0.0000000	0.0000000	0.0000000	0.0000000	0.0000000	0.0000000	0.0000000	1.3473866e-07	1.6223909e-05	0.0010942238	0.037583007	0.65012301	5.1536709	20.920322	52.040802	96.254944	149.51419	207.05989	262.67377	308.47523	335.78350	337.19367	308.99011	253.89659	182.45445	111.03126	55.005265	21.311480	6.2857145	1.4304782	0.26819095	0.045213666	0.0073641854	0.0012110405	0.00020586390	3.6445429e-05	6.7311480e-06	1.2914968e-06	1.5406153e-08	0.0000000	0.0000000	0.0000000	0.0000000	0.0000000	0.0000000	0.0000000	0.0000000
11.2500	0.0000000	0.0000000	0.0000000	0.0000000	0.0000000	0.0000000	0.0000000	0.0000000	0.0000000	0.0000000	0.0000000	0.0000000	0.0000000	0.0000000	0.0000000	0.0000000	0.0000000	0.0000000	0.0000000	0.0000000	0.0000000	0.0000000	0.0000000	0.0000000	0.0000000	0.0000000	0.0000000	0.0000000	0.0000000	0.0000000	0.0000000	0.0000000	0.0000000	0.0000000	0.0000000	0.0000000	0.0000000	0.0000000	0.0000000	0.0000000	0.0000000	8.5613824e-09	1.4698342e-06	0.00012393638	0.0051825645	0.10696495	1.0722363	5.4618613	16.794096	37.891866	70.797548	116.35781	173.09371	235.88172	295.22419	338.17501	351.04795	324.77607	261.36428	177.26621	97.438962	41.709446	13.536193	3.3759449	0.69085026	0.12659149	0.022310178	0.0039516039	0.00072018920	0.00013610345	2.6726690e-05	5.4323002e-06	6.8410706e-08	0.0000000	0.0000000	0.0000000	0.0000000	0.0000000	0.0000000	0.0000000	0.0000000
11.1290	0.0000000	0.0000000	0.0000000	0.0000000	0.0000000	0.0000000	0.0000000	0.0000000	0.0000000	0.0000000	0.0000000	0.0000000	0.0000000	0.0000000	0.0000000	0.0000000	0.0000000	0.0000000	0.0000000	0.0000000	0.0000000	0.0000000	0.0000000	0.0000000	0.0000000	0.0000000	0.0000000	0.0000000	0.0000000	0.0000000	0.0000000	0.0000000	0.0000000	0.0000000	0.0000000	0.0000000	0.0000000	0.0000000	0.0000000	0.0000000	0.0000000	6.7194413e-09	1.1324516e-06	9.2724557e-05	0.0037181293	0.072508128	0.68409973	3.3070467	9.8708431	22.069547	40.888189	66.748530	98.783956	134.12609	167.48919	191.65282	198.94451	187.90718	154.67274	107.23816	60.156975	26.208722	8.6254966	2.1736031	0.44808328	0.082509303	0.014583086	0.0025862646	0.00047139495	8.9025722e-05	1.7464633e-05	3.5473064e-06	4.4692744e-08	0.0000000	0.0000000	0.0000000	0.0000000	0.0000000	0.0000000	0.0000000	0.0000000
16.3360	0.0000000	0.0000000	0.0000000	0.0000000	0.0000000	0.0000000	0.0000000	0.0000000	0.0000000	0.0000000	0.0000000	0.0000000	0.0000000	0.0000000	0.0000000	0.0000000	0.0000000	0.0000000	0.0000000	0.0000000	0.0000000	0.0000000	0.0000000	0.0000000	0.0000000	0.0000000	0.0000000	0.0000000	0.0000000	0.0000000	0.0000000	0.0000000	0.0000000	0.0000000	0.0000000	0.0000000	0.0000000	0.0000000	0.0000000	0.0000000	0.0000000	6.4900250e-08	7.3900717e-06	0.00043035048	0.012895417	0.19712647	1.5056042	5.9849656	14.647288	26.749520	41.157883	56.628876	71.573940	84.005966	91.695124	92.637937	85.672634	71.247773	51.939923	32.134124	16.217560	6.4129016	1.9336555	0.45057296	0.086615528	0.014990232	0.0025090874	0.00042413093	7.4032896e-05	1.3427712e-05	2.5318292e-06	4.9357423e-07	5.9460508e-09	0.0000000	0.0000000	0.0000000	0.0000000	0.0000000	0.0000000	0.0000000	0.0000000
13.8900	0.0000000	0.0000000	0.0000000	0.0000000	0.0000000	0.0000000	0.0000000	0.0000000	0.0000000	0.0000000	0.0000000	0.0000000	0.0000000	0.0000000	0.0000000	0.0000000	0.0000000	0.0000000	0.0000000	0.0000000	0.0000000	0.0000000	0.0000000	0.0000000	0.0000000	0.0000000	0.0000000	0.0000000	0.0000000	0.0000000	0.0000000	0.0000000	0.0000000	0.0000000	0.0000000	0.0000000	0.0000000	0.0000000	0.0000000	0.0000000	0.0000000	2.2599160e-08	2.9616838e-06	0.00019762192	0.0067644610	0.11724608	1.0033311	4.4118462	11.764902	23.093447	37.779813	54.838231	72.800578	89.682362	102.99011	109.87384	107.73406	95.034513	73.206214	47.618243	25.145573	10.359043	3.2417616	0.78123462	0.15481608	0.027450065	0.0046903437	0.00080856718	0.00014395276	2.6662930e-05	5.1462534e-06	1.0307247e-06	1.2773327e-08	0.0000000	0.0000000	0.0000000	0.0000000	0.0000000	0.0000000	0.0000000	0.0000000
16.0040	0.0000000	0.0000000	0.0000000	0.0000000	0.0000000	0.0000000	0.0000000	0.0000000	0.0000000	0.0000000	0.0000000	0.0000000	0.0000000	0.0000000	0.0000000	0.0000000	0.0000000	0.0000000	0.0000000	0.0000000	0.0000000	0.0000000	0.0000000	0.0000000	0.0000000	0.0000000	0.0000000	0.0000000	0.0000000	0.0000000	0.0000000	0.0000000	0.0000000	0.0000000	0.0000000	0.0000000	0.0000000	0.0000000	0.0000000	0.0000000	0.0000000	4.7600225e-08	5.5788917e-06	0.00033325099	0.010195095	0.15836130	1.2247518	4.9187991	12.148201	22.378012	34.705549	48.082244	61.114934	72.020589	78.801684	79.688972	73.686611	61.213653	44.540474	27.479028	13.812932	5.4331447	1.6275887	0.37646015	0.071795294	0.012323329	0.0020458879	0.00034341929	5.9681804e-05	1.0820262e-05	2.0526421e-06	4.0439572e-07	4.9651901e-09	0.0000000	0.0000000	0.0000000	0.0000000	0.0000000	0.0000000	0.0000000	0.0000000
10.7700	0.0000000	0.0000000	0.0000000	0.0000000	0.0000000	0.0000000	0.0000000	0.0000000	0.0000000	0.0000000	0.0000000	0.0000000	0.0000000	0.0000000	0.0000000	0.0000000	0.0000000	0.0000000	0.0000000	0.0000000	0.0000000	0.0000000	0.0000000	0.0000000	0.0000000	0.0000000	0.0000000	0.0000000	0.0000000	0.0000000	0.0000000	0.0000000	0.0000000	0.0000000	0.0000000	0.0000000	0.0000000	0.0000000	0.0000000	0.0000000	0.0000000	3.0682271e-09	5.5155582e-07	4.8532941e-05	0.0021116998	0.045217141	0.46860681	2.4564025	7.7234462	17.704044	33.496806	55.663872	83.647914	115.11567	145.52598	168.36548	176.42464	164.62833	133.50738	91.163091	50.412612	21.700242	7.0807898	1.7757290	0.36551294	0.067401292	0.011957592	0.0021321973	0.00039116741	7.4390180e-05	1.4693235e-05	3.0025082e-06	3.8003773e-08	0.0000000	0.0000000	0.0000000	0.0000000	0.0000000	0.0000000	0.0000000	0.0000000
10.6570	0.0000000	0.0000000	0.0000000	0.0000000	0.0000000	0.0000000	0.0000000	0.0000000	0.0000000	0.0000000	0.0000000	0.0000000	0.0000000	0.0000000	0.0000000	0.0000000	0.0000000	0.0000000	0.0000000	0.0000000	0.0000000	0.0000000	0.0000000	0.0000000	0.0000000	0.0000000	0.0000000	0.0000000	0.0000000	0.0000000	0.0000000	0.0000000	0.0000000	0.0000000	0.0000000	0.0000000	0.0000000	0.0000000	0.0000000	0.0000000	0.0000000	1.9648622e-09	3.5778698e-07	3.1784080e-05	0.0013921121	0.029926950	0.31062766	1.6278480	5.1126201	11.705456	22.124294	36.504998	50.273818	65.156237	92.348723	108.51891	107.87237	93.668546	71.210404	46.002999	24.759981	10.669794	3.4833218	0.87329494	0.17953076	0.033037189	0.0058475924	0.0010405556	0.00019061170	3.6222575e-05	7.1552780e-06	1.4635785e-06	1.8903842e-08	0.0000000	0.0000000	0.0000000	0.0000000	0.0000000	0.0000000	0.0000000	0.0000000
12.6800	0.0000000	0.0000000	0.0000000	0.0000000	0.0000000	0.0000000	0.0000000	0.0000000	0.0000000	0.0000000	0.0000000	0.0000000	0.0000000	0.0000000	0.0000000	0.0000000	0.0000000	0.0000000	0.0000000	0.0000000	0.0000000	0.0000000	0.0000000	0.0000000	0.0000000	0.0000000	0.0000000	0.0000000	0.0000000	0.0000000	0.0000000	0.0000000	0.0000000	0.0000000	0.0000000	0.0000000	0.0000000	0.0000000	0.0000000	0.0000000	0.0000000	7.5497201e-09	1.0499380e-06	7.3704127e-05	0.0026326509	0.047413279	0.42040194	1.9001497	5.1742000	10.324607	17.103338	25.066904	33.558258	41.657803	48.057838	51.267324	49.981964	43.699843	33.382670	21.583009	11.357469	4.6742396	1.4649664	0.35443144	0.070654575	0.012660563	0.0021899702	0.00038201234	6.8780716e-05	1.2876364e-05	2.5107234e-06	5.0787491e-07	6.3814302e-09	0.0000000	0.0000000	0.0000000	0.0000000	0.0000000	0.0000000	0.0000000	0.0000000
11.0230	0.0000000	0.0000000	0.0000000	0.0000000	0.0000000	0.0000000	0.0000000	0.0000000	0.0000000	0.0000000	0.0000000	0.0000000	0.0000000	0.0000000	0.0000000	0.0000000	0.0000000	0.0000000	0.0000000	0.0000000	0.0000000	0.0000000	0.0000000	0.0000000	0.0000000	0.0000000	0.0000000	0.0000000	0.0000000	0.0000000	0.0000000	0.0000000	0.0000000	0.0000000	0.0000000	0.0000000	0.0000000	0.0000000	0.0000000	0.0000000	0.0000000	1.2339087e-09	2.2003948e-07	1.9318184e-05	0.00083954676	0.017898158	0.18406594	0.95551450	2.9752562	6.7686762	12.755981	21.183936	31.878748	43.963409	55.675285	64.488737	67.671138	63.311089	51.577819	35.477344	19.828562	8.6484417	2.8596828	0.72499498	0.15023648	0.027776918	0.0049248003	0.00087557834	0.00016007816	3.0377296e-05	6.0031833e-06	1.2320013e-06	1.5732221e-08	0.0000000	0.0000000	0.0000000	0.0000000	0.0000000	0.0000000	0.0000000	0.0000000
10.1150	0.0000000	0.0000000	0.0000000	0.0000000	0.0000000	0.0000000	0.0000000	0.0000000	0.0000000	0.0000000	0.0000000	0.0000000	0.0000000	0.0000000	0.0000000	0.0000000	0.0000000	0.0000000	0.0000000	0.0000000	0.0000000	0.0000000	0.0000000	0.0000000	0.0000000	0.0000000	0.0000000	0.0000000	0.0000000	0.0000000	0.0000000	0.0000000	0.0000000	0.0000000	0.0000000	0.0000000	0.0000000	0.0000000	0.0000000	0.0000000	0.0000000	1.9430226e-10	3.7620648e-08	3.5344627e-06	0.00016296497	0.0036739094	0.039864662	0.21775538	0.71054724	1.6834724	3.2799600	5.5970153	8.6208232	12.149604	15.731245	18.660469	20.070200	19.237364	16.028753	11.242428	6.3829075	2.8211721	0.94583966	0.24395805	0.051705888	0.0098309789	0.0018007618	0.00033186446	6.2970569e-05	1.2393025e-05	2.5343591e-06	5.3641062e-07	7.0245307e-09	0.0000000	0.0000000	0.0000000	0.0000000	0.0000000	0.0000000	0.0000000	0.0000000
