# DO NOT EDIT: written Thu Mar 14 18:48:37 2019 by wrt_emiss_fe17.pro
# faked emissivities [1e-23 ergs cm^3/s] for Fe17 lines from Del Zanna 2011, A&A 536, A59
# emissivities include ion balance, but not abundance, and are spline and ion balance jittered off of emiss_Fe17_00000.txt
# line 6 -- SEED, LOGT
# lines 7+ -- WVL, EMISSIVITY
      847790	4.00	4.05	4.10	4.15	4.20	4.25	4.30	4.35	4.40	4.45	4.50	4.55	4.60	4.65	4.70	4.75	4.80	4.85	4.90	4.95	5.00	5.05	5.10	5.15	5.20	5.25	5.30	5.35	5.40	5.45	5.50	5.55	5.60	5.65	5.70	5.75	5.80	5.85	5.90	5.95	6.00	6.05	6.10	6.15	6.20	6.25	6.30	6.35	6.40	6.45	6.50	6.55	6.60	6.65	6.70	6.75	6.80	6.85	6.90	6.95	7.00	7.05	7.10	7.15	7.20	7.25	7.30	7.35	7.40	7.45	7.50	7.55	7.60	7.65	7.70	7.75	7.80	7.85	7.90	7.95	8.00
15.0130	0.0000000	0.0000000	0.0000000	0.0000000	0.0000000	0.0000000	0.0000000	0.0000000	0.0000000	0.0000000	0.0000000	0.0000000	0.0000000	0.0000000	0.0000000	0.0000000	0.0000000	0.0000000	0.0000000	0.0000000	0.0000000	0.0000000	0.0000000	0.0000000	0.0000000	0.0000000	0.0000000	0.0000000	0.0000000	0.0000000	0.0000000	0.0000000	0.0000000	0.0000000	0.0000000	0.0000000	0.0000000	0.0000000	0.0000000	0.0000000	0.0000000	9.9193494e-07	0.00012514389	0.0079860132	0.26189493	4.4066872	37.771714	173.48198	493.40583	1018.9045	1723.0871	2564.3316	3482.0667	4383.1239	5138.0137	5594.9366	5612.2322	5111.9880	4141.9174	2906.3820	1709.9321	814.44923	304.58466	88.244900	20.259328	3.9337018	0.70080946	0.12212847	0.021619293	0.0039602714	0.00075483752	0.00014976381	2.2984230e-05	0.0000000	0.0000000	0.0000000	0.0000000	0.0000000	0.0000000	0.0000000	0.0000000
17.0510	0.0000000	0.0000000	0.0000000	0.0000000	0.0000000	0.0000000	0.0000000	0.0000000	0.0000000	0.0000000	0.0000000	0.0000000	0.0000000	0.0000000	0.0000000	0.0000000	0.0000000	0.0000000	0.0000000	0.0000000	0.0000000	0.0000000	0.0000000	0.0000000	0.0000000	0.0000000	0.0000000	0.0000000	0.0000000	0.0000000	0.0000000	0.0000000	0.0000000	0.0000000	0.0000000	0.0000000	0.0000000	0.0000000	0.0000000	0.0000000	0.0000000	1.9092724e-06	0.00021677211	0.012614851	0.38103228	5.9526969	47.687752	205.91051	553.49858	1085.4216	1750.0773	2490.5815	3240.5364	3913.9807	4406.2894	4610.7582	4446.3363	3894.1187	3032.8582	2044.4319	1154.6532	527.55807	189.14458	52.532735	11.566292	2.1551573	0.36873106	0.061754615	0.010512663	0.0018527906	0.00033976360	6.4812262e-05	9.5520703e-06	0.0000000	0.0000000	0.0000000	0.0000000	0.0000000	0.0000000	0.0000000	0.0000000
17.0960	0.0000000	0.0000000	0.0000000	0.0000000	0.0000000	0.0000000	0.0000000	0.0000000	0.0000000	0.0000000	0.0000000	0.0000000	0.0000000	0.0000000	0.0000000	0.0000000	0.0000000	0.0000000	0.0000000	0.0000000	0.0000000	0.0000000	0.0000000	0.0000000	0.0000000	0.0000000	0.0000000	0.0000000	0.0000000	0.0000000	0.0000000	0.0000000	0.0000000	0.0000000	0.0000000	0.0000000	0.0000000	0.0000000	0.0000000	0.0000000	0.0000000	2.1445713e-06	0.00023956719	0.013705966	0.40728620	6.2622076	49.344253	209.20301	550.81708	1055.0486	1656.9814	2291.6586	2892.1408	3383.0053	3684.5360	3727.5497	3474.0417	2940.3874	2213.4398	1442.4658	787.78843	348.16895	120.82023	32.514169	6.9455991	1.2561430	0.20845099	0.033797562	0.0055523241	0.00094005345	0.00016464271	2.9857083e-05	4.1739688e-06	0.0000000	0.0000000	0.0000000	0.0000000	0.0000000	0.0000000	0.0000000	0.0000000
16.7760	0.0000000	0.0000000	0.0000000	0.0000000	0.0000000	0.0000000	0.0000000	0.0000000	0.0000000	0.0000000	0.0000000	0.0000000	0.0000000	0.0000000	0.0000000	0.0000000	0.0000000	0.0000000	0.0000000	0.0000000	0.0000000	0.0000000	0.0000000	0.0000000	0.0000000	0.0000000	0.0000000	0.0000000	0.0000000	0.0000000	0.0000000	0.0000000	0.0000000	0.0000000	0.0000000	0.0000000	0.0000000	0.0000000	0.0000000	0.0000000	0.0000000	1.2105826e-06	0.00013793165	0.0080333508	0.24280298	4.0483438	34.574658	158.42620	449.20849	922.12350	1540.4500	2199.4176	2865.3341	3458.0137	3884.1335	4051.0571	3891.2703	3393.9113	2633.0081	1768.8345	996.14161	454.07379	162.49507	45.065794	9.8758347	1.8085119	0.30409828	0.050074269	0.0083877795	0.0014563825	0.00026355064	4.9719644e-05	7.2667493e-06	0.0000000	0.0000000	0.0000000	0.0000000	0.0000000	0.0000000	0.0000000	0.0000000
15.2620	0.0000000	0.0000000	0.0000000	0.0000000	0.0000000	0.0000000	0.0000000	0.0000000	0.0000000	0.0000000	0.0000000	0.0000000	0.0000000	0.0000000	0.0000000	0.0000000	0.0000000	0.0000000	0.0000000	0.0000000	0.0000000	0.0000000	0.0000000	0.0000000	0.0000000	0.0000000	0.0000000	0.0000000	0.0000000	0.0000000	0.0000000	0.0000000	0.0000000	0.0000000	0.0000000	0.0000000	0.0000000	0.0000000	0.0000000	0.0000000	0.0000000	3.4124085e-07	4.1970008e-05	0.0026129761	0.083537321	1.3668141	11.344802	50.214092	137.00456	270.31964	455.38139	678.73443	922.71358	1162.2904	1362.7412	1483.4748	1486.8354	1352.4980	1093.7981	765.65955	449.11607	213.14972	79.378317	22.887543	5.2265921	1.0089437	0.17862462	0.032511541	0.0064179514	0.0012715134	0.00024810157	4.8293116e-05	7.0433594e-06	0.0000000	0.0000000	0.0000000	0.0000000	0.0000000	0.0000000	0.0000000	0.0000000
12.1240	0.0000000	0.0000000	0.0000000	0.0000000	0.0000000	0.0000000	0.0000000	0.0000000	0.0000000	0.0000000	0.0000000	0.0000000	0.0000000	0.0000000	0.0000000	0.0000000	0.0000000	0.0000000	0.0000000	0.0000000	0.0000000	0.0000000	0.0000000	0.0000000	0.0000000	0.0000000	0.0000000	0.0000000	0.0000000	0.0000000	0.0000000	0.0000000	0.0000000	0.0000000	0.0000000	0.0000000	0.0000000	0.0000000	0.0000000	0.0000000	0.0000000	2.6104072e-08	4.1098637e-06	0.00031959003	0.012499605	0.24600735	2.4241320	12.613742	40.144333	91.745059	169.98816	274.60725	401.22655	539.00260	669.44790	767.63487	806.65335	766.39144	645.34123	469.14661	285.18393	139.98443	53.806101	15.982479	3.7527291	0.74317975	0.13462277	0.023772893	0.0042492803	0.00078326157	0.00014967825	2.9656885e-05	4.5280390e-06	0.0000000	0.0000000	0.0000000	0.0000000	0.0000000	0.0000000	0.0000000	0.0000000
12.2640	0.0000000	0.0000000	0.0000000	0.0000000	0.0000000	0.0000000	0.0000000	0.0000000	0.0000000	0.0000000	0.0000000	0.0000000	0.0000000	0.0000000	0.0000000	0.0000000	0.0000000	0.0000000	0.0000000	0.0000000	0.0000000	0.0000000	0.0000000	0.0000000	0.0000000	0.0000000	0.0000000	0.0000000	0.0000000	0.0000000	0.0000000	0.0000000	0.0000000	0.0000000	0.0000000	0.0000000	0.0000000	0.0000000	0.0000000	0.0000000	0.0000000	2.6894465e-08	4.1936803e-06	0.00032392677	0.012614578	0.24759917	2.4346054	12.631303	40.013015	90.857734	166.99387	267.24721	386.45374	513.58988	630.75968	714.68888	741.40135	694.57330	575.97556	411.94131	246.21235	118.83646	44.958347	13.168243	3.0564825	0.59995182	0.10799060	0.018994960	0.0033892060	0.00062468692	0.00011952416	2.3734569e-05	3.6343392e-06	0.0000000	0.0000000	0.0000000	0.0000000	0.0000000	0.0000000	0.0000000	0.0000000
13.8250	0.0000000	0.0000000	0.0000000	0.0000000	0.0000000	0.0000000	0.0000000	0.0000000	0.0000000	0.0000000	0.0000000	0.0000000	0.0000000	0.0000000	0.0000000	0.0000000	0.0000000	0.0000000	0.0000000	0.0000000	0.0000000	0.0000000	0.0000000	0.0000000	0.0000000	0.0000000	0.0000000	0.0000000	0.0000000	0.0000000	0.0000000	0.0000000	0.0000000	0.0000000	0.0000000	0.0000000	0.0000000	0.0000000	0.0000000	0.0000000	0.0000000	4.0171215e-08	5.4635916e-06	0.00037693438	0.013403347	0.24495394	2.2788429	11.316666	34.545056	75.931872	135.60485	211.53720	299.02715	389.47423	469.90192	524.85926	539.47358	504.16368	420.42951	304.39758	185.12933	91.276229	35.368318	10.625417	2.5310132	0.51001922	0.094256033	0.017018976	0.0031152193	0.00058835572	0.00011421792	2.2826646e-05	3.5201746e-06	0.0000000	0.0000000	0.0000000	0.0000000	0.0000000	0.0000000	0.0000000	0.0000000
15.4530	0.0000000	0.0000000	0.0000000	0.0000000	0.0000000	0.0000000	0.0000000	0.0000000	0.0000000	0.0000000	0.0000000	0.0000000	0.0000000	0.0000000	0.0000000	0.0000000	0.0000000	0.0000000	0.0000000	0.0000000	0.0000000	0.0000000	0.0000000	0.0000000	0.0000000	0.0000000	0.0000000	0.0000000	0.0000000	0.0000000	0.0000000	0.0000000	0.0000000	0.0000000	0.0000000	0.0000000	0.0000000	0.0000000	0.0000000	0.0000000	0.0000000	1.0937565e-07	1.3412244e-05	0.00083413240	0.026699893	0.43862046	3.6489098	16.143603	44.141343	87.432255	141.46252	200.87304	259.47599	309.68450	343.01596	351.75453	331.24177	282.42481	213.61512	139.57458	76.304086	33.717243	11.685782	3.1372981	0.66795454	0.12045178	0.019968710	0.0032457051	0.00053724111	9.2257678e-05	1.6520672e-05	3.0843830e-06	4.4593574e-07	0.0000000	0.0000000	0.0000000	0.0000000	0.0000000	0.0000000	0.0000000	0.0000000
11.2500	0.0000000	0.0000000	0.0000000	0.0000000	0.0000000	0.0000000	0.0000000	0.0000000	0.0000000	0.0000000	0.0000000	0.0000000	0.0000000	0.0000000	0.0000000	0.0000000	0.0000000	0.0000000	0.0000000	0.0000000	0.0000000	0.0000000	0.0000000	0.0000000	0.0000000	0.0000000	0.0000000	0.0000000	0.0000000	0.0000000	0.0000000	0.0000000	0.0000000	0.0000000	0.0000000	0.0000000	0.0000000	0.0000000	0.0000000	0.0000000	0.0000000	5.0110868e-09	8.7282379e-07	7.4414897e-05	0.0031648150	0.067211691	0.70943491	3.9260194	13.200935	31.687138	61.331271	102.97982	155.65727	215.36644	274.23834	320.91202	342.53998	329.00672	278.72274	202.87269	122.87993	59.829815	22.736376	6.6652525	1.5442918	0.30219827	0.054240515	0.0095295362	0.0017036647	0.00031605092	6.1217314e-05	1.2383960e-05	1.9354179e-06	0.0000000	0.0000000	0.0000000	0.0000000	0.0000000	0.0000000	0.0000000	0.0000000
11.1290	0.0000000	0.0000000	0.0000000	0.0000000	0.0000000	0.0000000	0.0000000	0.0000000	0.0000000	0.0000000	0.0000000	0.0000000	0.0000000	0.0000000	0.0000000	0.0000000	0.0000000	0.0000000	0.0000000	0.0000000	0.0000000	0.0000000	0.0000000	0.0000000	0.0000000	0.0000000	0.0000000	0.0000000	0.0000000	0.0000000	0.0000000	0.0000000	0.0000000	0.0000000	0.0000000	0.0000000	0.0000000	0.0000000	0.0000000	0.0000000	0.0000000	3.1557030e-09	5.5185878e-07	4.7197024e-05	0.0020110639	0.042746348	0.45117783	2.4945265	8.3725127	20.046661	38.686268	64.754118	97.581363	134.65189	171.09674	199.92886	213.27133	204.91577	174.43083	128.62753	79.182637	39.319193	15.285735	4.5950486	1.0934857	0.21995547	0.040576466	0.0073082321	0.0013276122	0.00024643220	4.6722172e-05	8.9895046e-06	1.3124839e-06	0.0000000	0.0000000	0.0000000	0.0000000	0.0000000	0.0000000	0.0000000	0.0000000
16.3360	0.0000000	0.0000000	0.0000000	0.0000000	0.0000000	0.0000000	0.0000000	0.0000000	0.0000000	0.0000000	0.0000000	0.0000000	0.0000000	0.0000000	0.0000000	0.0000000	0.0000000	0.0000000	0.0000000	0.0000000	0.0000000	0.0000000	0.0000000	0.0000000	0.0000000	0.0000000	0.0000000	0.0000000	0.0000000	0.0000000	0.0000000	0.0000000	0.0000000	0.0000000	0.0000000	0.0000000	0.0000000	0.0000000	0.0000000	0.0000000	0.0000000	3.8374069e-08	4.4094868e-06	0.00025854919	0.0078574614	0.12344752	0.99349678	4.3024377	11.573366	22.642180	36.315807	51.293261	66.120162	79.032398	88.002879	91.065610	86.851000	75.249114	58.002601	38.727610	21.691552	9.8419489	3.5081148	0.96968638	0.21267277	0.039503747	0.0067424295	0.0011272326	0.00019169620	3.3777989e-05	6.1978380e-06	1.1838911e-06	1.7484992e-07	0.0000000	0.0000000	0.0000000	0.0000000	0.0000000	0.0000000	0.0000000	0.0000000
13.8900	0.0000000	0.0000000	0.0000000	0.0000000	0.0000000	0.0000000	0.0000000	0.0000000	0.0000000	0.0000000	0.0000000	0.0000000	0.0000000	0.0000000	0.0000000	0.0000000	0.0000000	0.0000000	0.0000000	0.0000000	0.0000000	0.0000000	0.0000000	0.0000000	0.0000000	0.0000000	0.0000000	0.0000000	0.0000000	0.0000000	0.0000000	0.0000000	0.0000000	0.0000000	0.0000000	0.0000000	0.0000000	0.0000000	0.0000000	0.0000000	0.0000000	1.6535343e-08	2.1734624e-06	0.00014461715	0.0049534756	0.087146233	0.77999279	3.7218815	10.888166	22.865887	38.911440	57.726967	77.528284	95.968585	110.17274	117.03752	114.16927	100.87409	79.115963	53.668943	30.540862	14.090599	5.1139712	1.4415529	0.32298368	0.061400783	0.010743298	0.0018439838	0.00032228973	5.8401535e-05	1.1022871e-05	2.1657142e-06	3.2886498e-07	0.0000000	0.0000000	0.0000000	0.0000000	0.0000000	0.0000000	0.0000000	0.0000000
16.0040	0.0000000	0.0000000	0.0000000	0.0000000	0.0000000	0.0000000	0.0000000	0.0000000	0.0000000	0.0000000	0.0000000	0.0000000	0.0000000	0.0000000	0.0000000	0.0000000	0.0000000	0.0000000	0.0000000	0.0000000	0.0000000	0.0000000	0.0000000	0.0000000	0.0000000	0.0000000	0.0000000	0.0000000	0.0000000	0.0000000	0.0000000	0.0000000	0.0000000	0.0000000	0.0000000	0.0000000	0.0000000	0.0000000	0.0000000	0.0000000	0.0000000	2.5266505e-08	2.7709968e-06	0.00016438510	0.0051510623	0.083037895	0.68320904	3.0174231	8.2663081	16.457957	26.835713	38.480750	50.277692	60.808330	68.413795	71.451968	68.714821	59.978876	46.531610	36.119276	23.750147	10.794522	3.8485603	1.0630446	0.23288405	0.043208622	0.0073694018	0.0012322053	0.00020977912	3.7040138e-05	6.8160180e-06	1.3066535e-06	1.9379075e-07	0.0000000	0.0000000	0.0000000	0.0000000	0.0000000	0.0000000	0.0000000	0.0000000
10.7700	0.0000000	0.0000000	0.0000000	0.0000000	0.0000000	0.0000000	0.0000000	0.0000000	0.0000000	0.0000000	0.0000000	0.0000000	0.0000000	0.0000000	0.0000000	0.0000000	0.0000000	0.0000000	0.0000000	0.0000000	0.0000000	0.0000000	0.0000000	0.0000000	0.0000000	0.0000000	0.0000000	0.0000000	0.0000000	0.0000000	0.0000000	0.0000000	0.0000000	0.0000000	0.0000000	0.0000000	0.0000000	0.0000000	0.0000000	0.0000000	0.0000000	2.1124497e-09	3.8406555e-07	3.4067229e-05	0.0015035507	0.033061021	0.36038857	2.0525936	7.0687040	17.283258	33.914528	57.517881	87.586517	121.91325	156.11634	183.70633	197.17245	190.42263	162.20137	118.71189	72.326091	35.447529	13.565217	4.0036384	0.93301713	0.18334435	0.032961741	0.0057807035	0.0010272683	0.00018849357	3.5910434e-05	7.1058552e-06	1.0854277e-06	0.0000000	0.0000000	0.0000000	0.0000000	0.0000000	0.0000000	0.0000000	0.0000000
10.6570	0.0000000	0.0000000	0.0000000	0.0000000	0.0000000	0.0000000	0.0000000	0.0000000	0.0000000	0.0000000	0.0000000	0.0000000	0.0000000	0.0000000	0.0000000	0.0000000	0.0000000	0.0000000	0.0000000	0.0000000	0.0000000	0.0000000	0.0000000	0.0000000	0.0000000	0.0000000	0.0000000	0.0000000	0.0000000	0.0000000	0.0000000	0.0000000	0.0000000	0.0000000	0.0000000	0.0000000	0.0000000	0.0000000	0.0000000	0.0000000	0.0000000	9.1422410e-10	1.6838026e-07	1.6153918e-05	0.00077131797	0.018014794	0.20547789	1.2098090	4.2664257	10.602967	20.932851	35.640749	54.514685	75.554332	95.891331	111.38138	117.54850	111.23025	92.537294	65.969001	39.057166	18.563978	6.8785194	1.9635395	0.44713807	0.088012956	0.015856320	0.0027887891	0.00049743757	9.1693548e-05	1.7561640e-05	3.4953524e-06	5.3716783e-07	0.0000000	0.0000000	0.0000000	0.0000000	0.0000000	0.0000000	0.0000000	0.0000000
12.6800	0.0000000	0.0000000	0.0000000	0.0000000	0.0000000	0.0000000	0.0000000	0.0000000	0.0000000	0.0000000	0.0000000	0.0000000	0.0000000	0.0000000	0.0000000	0.0000000	0.0000000	0.0000000	0.0000000	0.0000000	0.0000000	0.0000000	0.0000000	0.0000000	0.0000000	0.0000000	0.0000000	0.0000000	0.0000000	0.0000000	0.0000000	0.0000000	0.0000000	0.0000000	0.0000000	0.0000000	0.0000000	0.0000000	0.0000000	0.0000000	0.0000000	5.1711303e-09	7.2624493e-07	5.1328069e-05	0.0018578713	0.034335388	0.32009099	1.5717554	4.6886333	9.9843639	17.168103	25.710399	34.930684	43.928115	51.415295	55.863628	55.834599	50.541333	40.549375	28.087962	16.273991	7.6201527	2.7988329	0.79640609	0.17966573	0.034299569	0.0060112429	0.0010309528	0.00017965598	3.2399745e-05	6.0774425e-06	1.1856739e-06	1.7877221e-07	0.0000000	0.0000000	0.0000000	0.0000000	0.0000000	0.0000000	0.0000000	0.0000000
11.0230	0.0000000	0.0000000	0.0000000	0.0000000	0.0000000	0.0000000	0.0000000	0.0000000	0.0000000	0.0000000	0.0000000	0.0000000	0.0000000	0.0000000	0.0000000	0.0000000	0.0000000	0.0000000	0.0000000	0.0000000	0.0000000	0.0000000	0.0000000	0.0000000	0.0000000	0.0000000	0.0000000	0.0000000	0.0000000	0.0000000	0.0000000	0.0000000	0.0000000	0.0000000	0.0000000	0.0000000	0.0000000	0.0000000	0.0000000	0.0000000	0.0000000	8.7758644e-10	1.5764834e-07	1.3900981e-05	0.00061074472	0.013296929	0.14249886	0.79602574	2.6881129	6.4577747	12.493897	20.959054	31.635272	43.704178	55.577128	64.964112	69.344605	66.771351	56.925119	41.917672	25.861098	12.918534	5.0639204	1.5359283	0.36848827	0.074592722	0.013814338	0.0024942014	0.00045615089	8.6127430e-05	1.6879280e-05	3.4330407e-06	5.3810788e-07	0.0000000	0.0000000	0.0000000	0.0000000	0.0000000	0.0000000	0.0000000	0.0000000
10.1150	0.0000000	0.0000000	0.0000000	0.0000000	0.0000000	0.0000000	0.0000000	0.0000000	0.0000000	0.0000000	0.0000000	0.0000000	0.0000000	0.0000000	0.0000000	0.0000000	0.0000000	0.0000000	0.0000000	0.0000000	0.0000000	0.0000000	0.0000000	0.0000000	0.0000000	0.0000000	0.0000000	0.0000000	0.0000000	0.0000000	0.0000000	0.0000000	0.0000000	0.0000000	0.0000000	0.0000000	0.0000000	0.0000000	0.0000000	0.0000000	0.0000000	1.1031295e-10	2.1780845e-08	2.0808998e-06	9.8223237e-05	0.0022961149	0.026474748	0.15881490	0.57395790	1.4674135	3.0010151	5.2919765	8.3670317	12.086183	16.068603	19.655664	21.957302	22.094220	19.625007	14.979989	9.5119159	4.8551411	1.9335929	0.59334966	0.14359012	0.029269179	0.0054527448	0.00098951058	0.00018161541	3.4343262e-05	6.7261514e-06	1.3645278e-06	2.1305856e-07	0.0000000	0.0000000	0.0000000	0.0000000	0.0000000	0.0000000	0.0000000	0.0000000
