# DO NOT EDIT: written Thu Mar 14 18:48:37 2019 by wrt_emiss_fe17.pro
# faked emissivities [1e-23 ergs cm^3/s] for Fe17 lines from Del Zanna 2011, A&A 536, A59
# emissivities include ion balance, but not abundance, and are spline and ion balance jittered off of emiss_Fe17_00000.txt
# line 6 -- SEED, LOGT
# lines 7+ -- WVL, EMISSIVITY
      673147	4.00	4.05	4.10	4.15	4.20	4.25	4.30	4.35	4.40	4.45	4.50	4.55	4.60	4.65	4.70	4.75	4.80	4.85	4.90	4.95	5.00	5.05	5.10	5.15	5.20	5.25	5.30	5.35	5.40	5.45	5.50	5.55	5.60	5.65	5.70	5.75	5.80	5.85	5.90	5.95	6.00	6.05	6.10	6.15	6.20	6.25	6.30	6.35	6.40	6.45	6.50	6.55	6.60	6.65	6.70	6.75	6.80	6.85	6.90	6.95	7.00	7.05	7.10	7.15	7.20	7.25	7.30	7.35	7.40	7.45	7.50	7.55	7.60	7.65	7.70	7.75	7.80	7.85	7.90	7.95	8.00
15.0130	0.0000000	0.0000000	0.0000000	0.0000000	0.0000000	0.0000000	0.0000000	0.0000000	0.0000000	0.0000000	0.0000000	0.0000000	0.0000000	0.0000000	0.0000000	0.0000000	0.0000000	0.0000000	0.0000000	0.0000000	0.0000000	0.0000000	0.0000000	0.0000000	0.0000000	0.0000000	0.0000000	0.0000000	0.0000000	0.0000000	0.0000000	0.0000000	0.0000000	0.0000000	0.0000000	0.0000000	0.0000000	0.0000000	0.0000000	0.0000000	2.0161792e-07	2.9505076e-05	0.0021533802	0.081064173	1.5848562	16.179979	90.506918	307.23150	721.04232	1332.8145	2115.3810	3011.5490	3922.2778	4721.3533	5273.4589	5442.8403	5126.1738	4322.7975	3181.6459	1979.7254	1003.3244	399.35940	122.06676	29.107352	5.7827127	1.0433078	0.18301531	0.032492504	0.0059583871	0.0011349717	0.00022479077	4.1385314e-05	0.0000000	0.0000000	0.0000000	0.0000000	0.0000000	0.0000000	0.0000000	0.0000000	0.0000000
17.0510	0.0000000	0.0000000	0.0000000	0.0000000	0.0000000	0.0000000	0.0000000	0.0000000	0.0000000	0.0000000	0.0000000	0.0000000	0.0000000	0.0000000	0.0000000	0.0000000	0.0000000	0.0000000	0.0000000	0.0000000	0.0000000	0.0000000	0.0000000	0.0000000	0.0000000	0.0000000	0.0000000	0.0000000	0.0000000	0.0000000	0.0000000	0.0000000	0.0000000	0.0000000	0.0000000	0.0000000	0.0000000	0.0000000	0.0000000	0.0000000	4.7293560e-07	6.0174056e-05	0.0038599070	0.12884764	2.2493045	20.635066	104.37368	322.57173	694.55244	1187.9423	1760.6403	2363.2936	2930.7138	3381.0914	3625.5977	3589.6625	3240.6847	2617.6637	1844.0270	1097.4133	531.68481	202.29828	59.135598	13.504849	2.5753746	0.44730962	0.075796827	0.013048212	0.0023294591	0.00043331250	8.3835942e-05	1.5051404e-05	0.0000000	0.0000000	0.0000000	0.0000000	0.0000000	0.0000000	0.0000000	0.0000000	0.0000000
17.0960	0.0000000	0.0000000	0.0000000	0.0000000	0.0000000	0.0000000	0.0000000	0.0000000	0.0000000	0.0000000	0.0000000	0.0000000	0.0000000	0.0000000	0.0000000	0.0000000	0.0000000	0.0000000	0.0000000	0.0000000	0.0000000	0.0000000	0.0000000	0.0000000	0.0000000	0.0000000	0.0000000	0.0000000	0.0000000	0.0000000	0.0000000	0.0000000	0.0000000	0.0000000	0.0000000	0.0000000	0.0000000	0.0000000	0.0000000	0.0000000	5.1772642e-07	6.6268345e-05	0.0042643485	0.14266667	2.4974927	22.980176	116.48186	359.98123	772.71131	1312.7745	1925.4044	2548.7383	3106.8613	3512.4780	3680.8163	3552.3036	3118.2055	2443.2208	1665.5235	956.72940	446.19838	162.95903	45.597931	9.9429635	1.8066518	0.29849038	0.048060517	0.0078566629	0.0013315397	0.00023530155	4.3379518e-05	7.4542748e-06	0.0000000	0.0000000	0.0000000	0.0000000	0.0000000	0.0000000	0.0000000	0.0000000	0.0000000
16.7760	0.0000000	0.0000000	0.0000000	0.0000000	0.0000000	0.0000000	0.0000000	0.0000000	0.0000000	0.0000000	0.0000000	0.0000000	0.0000000	0.0000000	0.0000000	0.0000000	0.0000000	0.0000000	0.0000000	0.0000000	0.0000000	0.0000000	0.0000000	0.0000000	0.0000000	0.0000000	0.0000000	0.0000000	0.0000000	0.0000000	0.0000000	0.0000000	0.0000000	0.0000000	0.0000000	0.0000000	0.0000000	0.0000000	0.0000000	0.0000000	3.4851061e-07	4.5141768e-05	0.0029376393	0.099330399	1.7579749	16.378327	84.281566	265.42680	583.01485	1017.5000	1537.9462	2102.4965	2648.7156	3095.5658	3354.6046	3349.3737	3043.2197	2469.6569	1745.2664	1040.3684	504.06100	191.43324	55.735256	12.646317	2.3896567	0.41009009	0.068452444	0.011571162	0.0020216654	0.00036715046	6.9350553e-05	1.2174277e-05	0.0000000	0.0000000	0.0000000	0.0000000	0.0000000	0.0000000	0.0000000	0.0000000	0.0000000
15.2620	0.0000000	0.0000000	0.0000000	0.0000000	0.0000000	0.0000000	0.0000000	0.0000000	0.0000000	0.0000000	0.0000000	0.0000000	0.0000000	0.0000000	0.0000000	0.0000000	0.0000000	0.0000000	0.0000000	0.0000000	0.0000000	0.0000000	0.0000000	0.0000000	0.0000000	0.0000000	0.0000000	0.0000000	0.0000000	0.0000000	0.0000000	0.0000000	0.0000000	0.0000000	0.0000000	0.0000000	0.0000000	0.0000000	0.0000000	0.0000000	6.4228788e-08	9.2890460e-06	0.00067014485	0.024948103	0.48257058	4.8754855	26.995693	90.805853	211.61920	389.69090	618.96690	887.12661	1170.9802	1433.8497	1627.6506	1701.5937	1617.7151	1372.5198	1013.2372	630.57155	318.79702	126.28944	38.337485	9.0630053	1.7823997	0.31796701	0.055102370	0.0096587691	0.0017481558	0.00032863685	6.4249068e-05	1.1680016e-05	0.0000000	0.0000000	0.0000000	0.0000000	0.0000000	0.0000000	0.0000000	0.0000000	0.0000000
12.1240	0.0000000	0.0000000	0.0000000	0.0000000	0.0000000	0.0000000	0.0000000	0.0000000	0.0000000	0.0000000	0.0000000	0.0000000	0.0000000	0.0000000	0.0000000	0.0000000	0.0000000	0.0000000	0.0000000	0.0000000	0.0000000	0.0000000	0.0000000	0.0000000	0.0000000	0.0000000	0.0000000	0.0000000	0.0000000	0.0000000	0.0000000	0.0000000	0.0000000	0.0000000	0.0000000	0.0000000	0.0000000	0.0000000	0.0000000	0.0000000	4.8867415e-09	8.9827062e-07	7.9591785e-05	0.0035277448	0.078990586	0.90077583	5.5033760	20.024245	49.610678	95.593505	163.52405	253.16268	357.80513	465.32641	557.01572	610.33718	605.06876	533.00581	407.00649	261.11521	135.66815	55.077732	17.093304	4.1237054	0.82647308	0.15004979	0.026429318	0.0047026857	0.00086295427	0.00016429083	3.2483816e-05	6.1366911e-06	0.0000000	0.0000000	0.0000000	0.0000000	0.0000000	0.0000000	0.0000000	0.0000000	0.0000000
12.2640	0.0000000	0.0000000	0.0000000	0.0000000	0.0000000	0.0000000	0.0000000	0.0000000	0.0000000	0.0000000	0.0000000	0.0000000	0.0000000	0.0000000	0.0000000	0.0000000	0.0000000	0.0000000	0.0000000	0.0000000	0.0000000	0.0000000	0.0000000	0.0000000	0.0000000	0.0000000	0.0000000	0.0000000	0.0000000	0.0000000	0.0000000	0.0000000	0.0000000	0.0000000	0.0000000	0.0000000	0.0000000	0.0000000	0.0000000	0.0000000	4.5649735e-09	8.3431589e-07	7.3897235e-05	0.0032916786	0.074459219	0.86202986	5.3704711	19.985978	50.726631	100.24705	168.54446	252.96648	347.49660	442.19525	523.40991	575.12333	581.63735	532.38228	424.80309	280.98816	147.97243	60.091404	18.471095	4.3823694	0.85989698	0.15253849	0.026271366	0.0045879048	0.00083051963	0.00015672001	3.0843610e-05	5.6568267e-06	0.0000000	0.0000000	0.0000000	0.0000000	0.0000000	0.0000000	0.0000000	0.0000000	0.0000000
13.8250	0.0000000	0.0000000	0.0000000	0.0000000	0.0000000	0.0000000	0.0000000	0.0000000	0.0000000	0.0000000	0.0000000	0.0000000	0.0000000	0.0000000	0.0000000	0.0000000	0.0000000	0.0000000	0.0000000	0.0000000	0.0000000	0.0000000	0.0000000	0.0000000	0.0000000	0.0000000	0.0000000	0.0000000	0.0000000	0.0000000	0.0000000	0.0000000	0.0000000	0.0000000	0.0000000	0.0000000	0.0000000	0.0000000	0.0000000	0.0000000	8.2552206e-09	1.2822493e-06	9.8970449e-05	0.0039374599	0.081436396	0.88066596	5.2202439	18.755027	46.433289	90.299002	150.67853	225.87517	310.85758	396.20533	467.79207	508.15175	501.22816	440.19486	335.32397	214.56984	111.19683	45.042106	13.957058	3.3649470	0.67483030	0.12280546	0.021720108	0.0038873861	0.00071857087	0.00013795684	2.7526627e-05	5.1008233e-06	0.0000000	0.0000000	0.0000000	0.0000000	0.0000000	0.0000000	0.0000000	0.0000000	0.0000000
15.4530	0.0000000	0.0000000	0.0000000	0.0000000	0.0000000	0.0000000	0.0000000	0.0000000	0.0000000	0.0000000	0.0000000	0.0000000	0.0000000	0.0000000	0.0000000	0.0000000	0.0000000	0.0000000	0.0000000	0.0000000	0.0000000	0.0000000	0.0000000	0.0000000	0.0000000	0.0000000	0.0000000	0.0000000	0.0000000	0.0000000	0.0000000	0.0000000	0.0000000	0.0000000	0.0000000	0.0000000	0.0000000	0.0000000	0.0000000	0.0000000	1.8785868e-08	2.6080707e-06	0.00018039761	0.0064301600	0.11894775	1.1482339	6.0702060	19.476827	43.241704	75.740097	114.21335	155.07818	193.50406	223.47110	238.69498	234.29417	208.74928	165.71858	114.30581	66.381476	31.289891	11.551822	3.2684942	0.72088619	0.13661528	0.023741891	0.0040053921	0.00068313539	0.00012023969	2.1966876e-05	4.1680297e-06	7.3384110e-07	0.0000000	0.0000000	0.0000000	0.0000000	0.0000000	0.0000000	0.0000000	0.0000000	0.0000000
11.2500	0.0000000	0.0000000	0.0000000	0.0000000	0.0000000	0.0000000	0.0000000	0.0000000	0.0000000	0.0000000	0.0000000	0.0000000	0.0000000	0.0000000	0.0000000	0.0000000	0.0000000	0.0000000	0.0000000	0.0000000	0.0000000	0.0000000	0.0000000	0.0000000	0.0000000	0.0000000	0.0000000	0.0000000	0.0000000	0.0000000	0.0000000	0.0000000	0.0000000	0.0000000	0.0000000	0.0000000	0.0000000	0.0000000	0.0000000	0.0000000	9.4235126e-10	1.9421845e-07	1.9154932e-05	0.00093960067	0.023183674	0.29046563	1.9463206	5.7334291	15.546854	32.785099	58.779390	93.841249	136.32763	181.72833	222.37334	248.44467	250.54013	224.00087	173.24659	112.37180	58.938805	24.123332	7.5397294	1.8301890	0.36884140	0.067308068	0.011911114	0.0025009899	0.00051308971	0.00010132674	2.0093662e-05	3.6978903e-06	0.0000000	0.0000000	0.0000000	0.0000000	0.0000000	0.0000000	0.0000000	0.0000000	0.0000000
11.1290	0.0000000	0.0000000	0.0000000	0.0000000	0.0000000	0.0000000	0.0000000	0.0000000	0.0000000	0.0000000	0.0000000	0.0000000	0.0000000	0.0000000	0.0000000	0.0000000	0.0000000	0.0000000	0.0000000	0.0000000	0.0000000	0.0000000	0.0000000	0.0000000	0.0000000	0.0000000	0.0000000	0.0000000	0.0000000	0.0000000	0.0000000	0.0000000	0.0000000	0.0000000	0.0000000	0.0000000	0.0000000	0.0000000	0.0000000	0.0000000	5.7742901e-10	1.2055796e-07	1.1974121e-05	0.00058778893	0.014436014	0.17927392	1.1869666	4.6647518	12.461237	25.900349	45.861518	72.515182	104.62448	138.88154	169.65091	189.63306	191.69507	172.08721	133.81951	87.366027	46.163938	19.048442	6.0051105	1.4707764	0.29911456	0.055079266	0.0098323721	0.0017713268	0.00032868311	6.3182568e-05	1.2592409e-05	2.3257704e-06	0.0000000	0.0000000	0.0000000	0.0000000	0.0000000	0.0000000	0.0000000	0.0000000	0.0000000
16.3360	0.0000000	0.0000000	0.0000000	0.0000000	0.0000000	0.0000000	0.0000000	0.0000000	0.0000000	0.0000000	0.0000000	0.0000000	0.0000000	0.0000000	0.0000000	0.0000000	0.0000000	0.0000000	0.0000000	0.0000000	0.0000000	0.0000000	0.0000000	0.0000000	0.0000000	0.0000000	0.0000000	0.0000000	0.0000000	0.0000000	0.0000000	0.0000000	0.0000000	0.0000000	0.0000000	0.0000000	0.0000000	0.0000000	0.0000000	0.0000000	1.1079243e-08	1.4597220e-06	9.5888432e-05	0.0032666006	0.058163966	0.54436641	2.7998006	8.7514376	18.988863	32.581961	48.235245	64.433947	79.269670	90.499606	95.855060	93.604230	83.249258	66.188099	45.863196	26.841789	12.793447	4.7923207	1.3807065	0.31124685	0.058695476	0.010094970	0.0016950309	0.00028914511	5.1114824e-05	9.4117896e-06	1.8051178e-06	3.2204884e-07	0.0000000	0.0000000	0.0000000	0.0000000	0.0000000	0.0000000	0.0000000	0.0000000	0.0000000
13.8900	0.0000000	0.0000000	0.0000000	0.0000000	0.0000000	0.0000000	0.0000000	0.0000000	0.0000000	0.0000000	0.0000000	0.0000000	0.0000000	0.0000000	0.0000000	0.0000000	0.0000000	0.0000000	0.0000000	0.0000000	0.0000000	0.0000000	0.0000000	0.0000000	0.0000000	0.0000000	0.0000000	0.0000000	0.0000000	0.0000000	0.0000000	0.0000000	0.0000000	0.0000000	0.0000000	0.0000000	0.0000000	0.0000000	0.0000000	0.0000000	3.4802511e-09	5.2325705e-07	3.8984375e-05	0.0014959154	0.029835341	0.31118858	1.7791266	6.1597243	14.660083	27.322078	43.566075	62.256942	81.540402	98.845205	110.68131	113.80648	106.34800	88.584454	64.077413	38.972748	19.215992	7.4142209	2.1913414	0.50475895	0.096896500	0.016913876	0.0028761002	0.00049608886	8.8592620e-05	1.6472959e-05	3.1911158e-06	5.7546730e-07	0.0000000	0.0000000	0.0000000	0.0000000	0.0000000	0.0000000	0.0000000	0.0000000	0.0000000
16.0040	0.0000000	0.0000000	0.0000000	0.0000000	0.0000000	0.0000000	0.0000000	0.0000000	0.0000000	0.0000000	0.0000000	0.0000000	0.0000000	0.0000000	0.0000000	0.0000000	0.0000000	0.0000000	0.0000000	0.0000000	0.0000000	0.0000000	0.0000000	0.0000000	0.0000000	0.0000000	0.0000000	0.0000000	0.0000000	0.0000000	0.0000000	0.0000000	0.0000000	0.0000000	0.0000000	0.0000000	0.0000000	0.0000000	0.0000000	0.0000000	5.1232574e-09	6.9646454e-07	4.7401796e-05	0.0016676154	0.030524195	0.29233412	1.5377043	4.9253020	10.955893	19.288969	29.313491	40.193099	50.727933	59.366833	64.409741	64.389478	58.794316	51.311137	38.980102	24.654342	12.411472	4.8095971	1.4087670	0.31818028	0.059388674	0.010015617	0.0016388714	0.00027167697	4.6702465e-05	8.3979895e-06	1.5830277e-06	2.7934963e-07	0.0000000	0.0000000	0.0000000	0.0000000	0.0000000	0.0000000	0.0000000	0.0000000	0.0000000
10.7700	0.0000000	0.0000000	0.0000000	0.0000000	0.0000000	0.0000000	0.0000000	0.0000000	0.0000000	0.0000000	0.0000000	0.0000000	0.0000000	0.0000000	0.0000000	0.0000000	0.0000000	0.0000000	0.0000000	0.0000000	0.0000000	0.0000000	0.0000000	0.0000000	0.0000000	0.0000000	0.0000000	0.0000000	0.0000000	0.0000000	0.0000000	0.0000000	0.0000000	0.0000000	0.0000000	0.0000000	0.0000000	0.0000000	0.0000000	0.0000000	2.4444598e-10	5.2949384e-08	5.4707994e-06	0.00028050006	0.0072220661	0.094271727	0.65681027	2.7135973	7.5929608	16.434736	30.100921	48.903633	72.089908	97.334497	120.52762	136.16570	138.72987	127.46944	101.22055	67.243928	36.027533	15.021206	4.7686493	1.1721210	0.23848413	0.043832586	0.0077970459	0.0013981734	0.00025811037	4.9364218e-05	9.7944530e-06	1.8029344e-06	0.0000000	0.0000000	0.0000000	0.0000000	0.0000000	0.0000000	0.0000000	0.0000000	0.0000000
10.6570	0.0000000	0.0000000	0.0000000	0.0000000	0.0000000	0.0000000	0.0000000	0.0000000	0.0000000	0.0000000	0.0000000	0.0000000	0.0000000	0.0000000	0.0000000	0.0000000	0.0000000	0.0000000	0.0000000	0.0000000	0.0000000	0.0000000	0.0000000	0.0000000	0.0000000	0.0000000	0.0000000	0.0000000	0.0000000	0.0000000	0.0000000	0.0000000	0.0000000	0.0000000	0.0000000	0.0000000	0.0000000	0.0000000	0.0000000	0.0000000	1.2734514e-10	2.8111260e-08	2.9495910e-06	0.00015308365	0.0039784194	0.052283106	0.36587005	1.5155271	4.2481744	9.2106683	16.900668	27.515402	40.654293	55.014729	68.253860	77.223751	78.749664	71.083052	55.410428	36.163607	19.055880	7.8247746	2.4505614	0.59542262	0.12000927	0.021892850	0.0038734218	0.00069234252	0.00012766226	2.4433442e-05	4.8591790e-06	8.9766455e-07	0.0000000	0.0000000	0.0000000	0.0000000	0.0000000	0.0000000	0.0000000	0.0000000	0.0000000
12.6800	0.0000000	0.0000000	0.0000000	0.0000000	0.0000000	0.0000000	0.0000000	0.0000000	0.0000000	0.0000000	0.0000000	0.0000000	0.0000000	0.0000000	0.0000000	0.0000000	0.0000000	0.0000000	0.0000000	0.0000000	0.0000000	0.0000000	0.0000000	0.0000000	0.0000000	0.0000000	0.0000000	0.0000000	0.0000000	0.0000000	0.0000000	0.0000000	0.0000000	0.0000000	0.0000000	0.0000000	0.0000000	0.0000000	0.0000000	0.0000000	8.8933090e-10	1.4475572e-07	1.1598872e-05	0.00047562438	0.010078896	0.11094722	0.66316182	2.3691096	5.7579874	10.882313	17.506727	25.169376	33.167604	40.529824	45.939702	47.980817	45.572334	38.586724	28.372921	17.563585	8.8273782	3.4768384	1.0504936	0.24767920	0.048706168	0.0087112671	0.0015173825	0.00026773693	4.8778455e-05	9.2170924e-06	1.8055332e-06	3.2753927e-07	0.0000000	0.0000000	0.0000000	0.0000000	0.0000000	0.0000000	0.0000000	0.0000000	0.0000000
11.0230	0.0000000	0.0000000	0.0000000	0.0000000	0.0000000	0.0000000	0.0000000	0.0000000	0.0000000	0.0000000	0.0000000	0.0000000	0.0000000	0.0000000	0.0000000	0.0000000	0.0000000	0.0000000	0.0000000	0.0000000	0.0000000	0.0000000	0.0000000	0.0000000	0.0000000	0.0000000	0.0000000	0.0000000	0.0000000	0.0000000	0.0000000	0.0000000	0.0000000	0.0000000	0.0000000	0.0000000	0.0000000	0.0000000	0.0000000	0.0000000	1.2689807e-10	2.6984697e-08	2.7615952e-06	0.00014101941	0.0036191546	0.046938751	0.32393796	1.3235998	3.6654044	7.8763844	14.390512	23.433671	34.634786	46.697075	57.793774	65.254308	66.450471	59.969389	46.812997	30.655232	16.243645	6.7193405	2.1219579	0.52000638	0.10566871	0.019419403	0.0034573878	0.00062110961	0.00011507240	2.2144005e-05	4.4338689e-06	8.2609805e-07	0.0000000	0.0000000	0.0000000	0.0000000	0.0000000	0.0000000	0.0000000	0.0000000	0.0000000
10.1150	0.0000000	0.0000000	0.0000000	0.0000000	0.0000000	0.0000000	0.0000000	0.0000000	0.0000000	0.0000000	0.0000000	0.0000000	0.0000000	0.0000000	0.0000000	0.0000000	0.0000000	0.0000000	0.0000000	0.0000000	0.0000000	0.0000000	0.0000000	0.0000000	0.0000000	0.0000000	0.0000000	0.0000000	0.0000000	0.0000000	0.0000000	0.0000000	0.0000000	0.0000000	0.0000000	0.0000000	0.0000000	0.0000000	0.0000000	0.0000000	1.5138595e-11	3.6294621e-09	4.1089493e-07	2.2879522e-05	0.00063472973	0.0088651008	0.065674558	0.28687614	0.84427251	1.9116378	3.6431678	6.1303655	9.3229507	12.944022	16.446846	19.048055	19.883819	18.377917	14.675974	9.8185160	5.3097512	2.2434648	0.72580721	0.18308357	0.038510039	0.0073596820	0.0013663614	0.00025610413	4.9390386e-05	9.7858513e-06	1.9913781e-06	3.7569799e-07	0.0000000	0.0000000	0.0000000	0.0000000	0.0000000	0.0000000	0.0000000	0.0000000	0.0000000
