# DO NOT EDIT: written Thu Mar 14 18:48:37 2019 by wrt_emiss_fe17.pro
# faked emissivities [1e-23 ergs cm^3/s] for Fe17 lines from Del Zanna 2011, A&A 536, A59
# emissivities include ion balance, but not abundance, and are spline and ion balance jittered off of emiss_Fe17_00000.txt
# line 6 -- SEED, LOGT
# lines 7+ -- WVL, EMISSIVITY
      828980	4.00	4.05	4.10	4.15	4.20	4.25	4.30	4.35	4.40	4.45	4.50	4.55	4.60	4.65	4.70	4.75	4.80	4.85	4.90	4.95	5.00	5.05	5.10	5.15	5.20	5.25	5.30	5.35	5.40	5.45	5.50	5.55	5.60	5.65	5.70	5.75	5.80	5.85	5.90	5.95	6.00	6.05	6.10	6.15	6.20	6.25	6.30	6.35	6.40	6.45	6.50	6.55	6.60	6.65	6.70	6.75	6.80	6.85	6.90	6.95	7.00	7.05	7.10	7.15	7.20	7.25	7.30	7.35	7.40	7.45	7.50	7.55	7.60	7.65	7.70	7.75	7.80	7.85	7.90	7.95	8.00
15.0130	0.0000000	0.0000000	0.0000000	0.0000000	0.0000000	0.0000000	0.0000000	0.0000000	0.0000000	0.0000000	0.0000000	0.0000000	0.0000000	0.0000000	0.0000000	0.0000000	0.0000000	0.0000000	0.0000000	0.0000000	0.0000000	0.0000000	0.0000000	0.0000000	0.0000000	0.0000000	0.0000000	0.0000000	0.0000000	0.0000000	0.0000000	0.0000000	0.0000000	0.0000000	0.0000000	0.0000000	0.0000000	0.0000000	0.0000000	0.0000000	0.0000000	1.5160186e-06	0.00019040764	0.012130881	0.39475758	6.5137274	53.526568	228.67888	600.45707	1172.1445	1920.2175	2805.1806	3758.0355	4669.7519	5392.0689	5759.8883	5631.4831	4953.6142	3825.6951	2514.0528	1353.0920	573.88287	186.86301	47.163019	9.7544407	1.7897743	0.31300378	0.054754192	0.0098432363	0.0018373964	0.00035721305	7.2140229e-05	3.1759494e-06	0.0000000	0.0000000	0.0000000	0.0000000	0.0000000	0.0000000	0.0000000	0.0000000
17.0510	0.0000000	0.0000000	0.0000000	0.0000000	0.0000000	0.0000000	0.0000000	0.0000000	0.0000000	0.0000000	0.0000000	0.0000000	0.0000000	0.0000000	0.0000000	0.0000000	0.0000000	0.0000000	0.0000000	0.0000000	0.0000000	0.0000000	0.0000000	0.0000000	0.0000000	0.0000000	0.0000000	0.0000000	0.0000000	0.0000000	0.0000000	0.0000000	0.0000000	0.0000000	0.0000000	0.0000000	0.0000000	0.0000000	0.0000000	0.0000000	0.0000000	2.5378410e-06	0.00028519447	0.016452015	0.48903862	7.4228564	56.434060	224.23649	550.34220	1008.9161	1558.8370	2252.0626	3377.3977	4189.4511	4315.4726	3732.5050	3399.3732	2861.2237	2115.6457	1331.4017	736.53652	344.30044	117.64359	28.462846	5.6493298	0.99607891	0.16763554	0.028258969	0.0049018821	0.00088391891	0.00016611306	3.2428278e-05	1.3794040e-06	0.0000000	0.0000000	0.0000000	0.0000000	0.0000000	0.0000000	0.0000000	0.0000000
17.0960	0.0000000	0.0000000	0.0000000	0.0000000	0.0000000	0.0000000	0.0000000	0.0000000	0.0000000	0.0000000	0.0000000	0.0000000	0.0000000	0.0000000	0.0000000	0.0000000	0.0000000	0.0000000	0.0000000	0.0000000	0.0000000	0.0000000	0.0000000	0.0000000	0.0000000	0.0000000	0.0000000	0.0000000	0.0000000	0.0000000	0.0000000	0.0000000	0.0000000	0.0000000	0.0000000	0.0000000	0.0000000	0.0000000	0.0000000	0.0000000	0.0000000	3.1322598e-06	0.00034898872	0.019915068	0.58529778	8.7782218	65.851367	257.54426	620.23041	1111.8871	1674.3364	2250.0223	2774.1823	3173.7652	3375.4738	3323.2243	2997.1179	2434.0907	1736.4127	1053.9470	523.70169	204.93208	61.536576	14.326788	2.7360591	0.46431128	0.075268952	0.012236653	0.0020500108	0.00035761094	6.5133834e-05	1.2348104e-05	5.1116861e-07	0.0000000	0.0000000	0.0000000	0.0000000	0.0000000	0.0000000	0.0000000	0.0000000
16.7760	0.0000000	0.0000000	0.0000000	0.0000000	0.0000000	0.0000000	0.0000000	0.0000000	0.0000000	0.0000000	0.0000000	0.0000000	0.0000000	0.0000000	0.0000000	0.0000000	0.0000000	0.0000000	0.0000000	0.0000000	0.0000000	0.0000000	0.0000000	0.0000000	0.0000000	0.0000000	0.0000000	0.0000000	0.0000000	0.0000000	0.0000000	0.0000000	0.0000000	0.0000000	0.0000000	0.0000000	0.0000000	0.0000000	0.0000000	0.0000000	0.0000000	2.0772691e-06	0.00023457628	0.013578111	0.40543158	6.1946412	47.521266	190.97885	475.04852	883.84343	1386.7669	1946.9510	2510.6532	3005.3607	3345.5648	3448.1027	3255.4601	2767.6570	2067.4424	1314.8157	685.08456	281.35756	88.726085	21.699396	4.3523992	0.77526628	0.13176688	0.022418055	0.0039187145	0.00071033739	0.00013373710	2.6041906e-05	1.0989893e-06	0.0000000	0.0000000	0.0000000	0.0000000	0.0000000	0.0000000	0.0000000	0.0000000
15.2620	0.0000000	0.0000000	0.0000000	0.0000000	0.0000000	0.0000000	0.0000000	0.0000000	0.0000000	0.0000000	0.0000000	0.0000000	0.0000000	0.0000000	0.0000000	0.0000000	0.0000000	0.0000000	0.0000000	0.0000000	0.0000000	0.0000000	0.0000000	0.0000000	0.0000000	0.0000000	0.0000000	0.0000000	0.0000000	0.0000000	0.0000000	0.0000000	0.0000000	0.0000000	0.0000000	0.0000000	0.0000000	0.0000000	0.0000000	0.0000000	0.0000000	4.1727952e-07	5.1511512e-05	0.0032369775	0.10416517	1.7019861	13.854760	58.652042	152.66607	295.61011	480.81802	698.31678	932.86134	1158.2404	1337.0999	1428.6748	1397.7035	1230.5817	951.41290	625.93042	337.24456	143.16400	46.644512	11.775749	2.4377120	0.44875623	0.078752117	0.013825751	0.0024946457	0.00046740727	9.1211132e-05	1.8487669e-05	8.1671612e-07	0.0000000	0.0000000	0.0000000	0.0000000	0.0000000	0.0000000	0.0000000	0.0000000
12.1240	0.0000000	0.0000000	0.0000000	0.0000000	0.0000000	0.0000000	0.0000000	0.0000000	0.0000000	0.0000000	0.0000000	0.0000000	0.0000000	0.0000000	0.0000000	0.0000000	0.0000000	0.0000000	0.0000000	0.0000000	0.0000000	0.0000000	0.0000000	0.0000000	0.0000000	0.0000000	0.0000000	0.0000000	0.0000000	0.0000000	0.0000000	0.0000000	0.0000000	0.0000000	0.0000000	0.0000000	0.0000000	0.0000000	0.0000000	0.0000000	0.0000000	4.0037361e-08	6.3120964e-06	0.00049467614	0.019411937	0.37846299	3.5992873	17.435465	50.846534	107.89673	189.79074	295.90887	420.72502	551.88054	669.46853	748.16170	762.48218	696.85147	557.47699	378.35739	209.68544	91.298802	30.428421	7.8403668	1.6514000	0.30780441	0.054548645	0.0096464485	0.0017490166	0.00032853829	6.4116225e-05	1.2962267e-05	5.6978581e-07	0.0000000	0.0000000	0.0000000	0.0000000	0.0000000	0.0000000	0.0000000	0.0000000
12.2640	0.0000000	0.0000000	0.0000000	0.0000000	0.0000000	0.0000000	0.0000000	0.0000000	0.0000000	0.0000000	0.0000000	0.0000000	0.0000000	0.0000000	0.0000000	0.0000000	0.0000000	0.0000000	0.0000000	0.0000000	0.0000000	0.0000000	0.0000000	0.0000000	0.0000000	0.0000000	0.0000000	0.0000000	0.0000000	0.0000000	0.0000000	0.0000000	0.0000000	0.0000000	0.0000000	0.0000000	0.0000000	0.0000000	0.0000000	0.0000000	0.0000000	4.3409565e-08	6.7163426e-06	0.00051616256	0.019879118	0.38145028	3.5862609	17.272132	50.453423	108.28733	193.04006	304.11285	435.88308	575.43798	701.47101	773.47402	750.34525	659.90733	515.74572	346.89552	192.45477	84.341268	28.313954	7.3313569	1.5483863	0.28884857	0.051145336	0.0090228569	0.0016297749	0.00030461870	5.9093355e-05	1.1866289e-05	5.1784283e-07	0.0000000	0.0000000	0.0000000	0.0000000	0.0000000	0.0000000	0.0000000	0.0000000
13.8250	0.0000000	0.0000000	0.0000000	0.0000000	0.0000000	0.0000000	0.0000000	0.0000000	0.0000000	0.0000000	0.0000000	0.0000000	0.0000000	0.0000000	0.0000000	0.0000000	0.0000000	0.0000000	0.0000000	0.0000000	0.0000000	0.0000000	0.0000000	0.0000000	0.0000000	0.0000000	0.0000000	0.0000000	0.0000000	0.0000000	0.0000000	0.0000000	0.0000000	0.0000000	0.0000000	0.0000000	0.0000000	0.0000000	0.0000000	0.0000000	0.0000000	7.0286175e-08	9.3949682e-06	0.00063884239	0.022263675	0.39442510	3.4818634	15.946097	44.651246	92.426303	159.79847	245.46207	344.89258	448.89668	542.57162	605.79385	607.42330	546.13639	429.34413	285.91401	155.32659	66.285474	21.666922	5.4830829	1.1368266	0.20922421	0.036737356	0.0064603116	0.0011690577	0.00021996465	4.3151176e-05	8.7993005e-06	3.9120038e-07	0.0000000	0.0000000	0.0000000	0.0000000	0.0000000	0.0000000	0.0000000	0.0000000
15.4530	0.0000000	0.0000000	0.0000000	0.0000000	0.0000000	0.0000000	0.0000000	0.0000000	0.0000000	0.0000000	0.0000000	0.0000000	0.0000000	0.0000000	0.0000000	0.0000000	0.0000000	0.0000000	0.0000000	0.0000000	0.0000000	0.0000000	0.0000000	0.0000000	0.0000000	0.0000000	0.0000000	0.0000000	0.0000000	0.0000000	0.0000000	0.0000000	0.0000000	0.0000000	0.0000000	0.0000000	0.0000000	0.0000000	0.0000000	0.0000000	0.0000000	1.2936660e-07	1.5541591e-05	0.00094880727	0.029613370	0.46861529	3.6895458	15.719962	46.979566	95.305509	148.64773	206.39411	262.32964	308.60539	336.56180	338.76062	311.38469	256.96659	185.80776	114.10290	57.297299	22.646501	6.8668324	1.6141546	0.31121081	0.051620751	0.0080262569	0.0012525735	0.00020200266	3.4094269e-05	6.0506574e-06	1.1260413e-06	4.6100099e-08	0.0000000	0.0000000	0.0000000	0.0000000	0.0000000	0.0000000	0.0000000	0.0000000
11.2500	0.0000000	0.0000000	0.0000000	0.0000000	0.0000000	0.0000000	0.0000000	0.0000000	0.0000000	0.0000000	0.0000000	0.0000000	0.0000000	0.0000000	0.0000000	0.0000000	0.0000000	0.0000000	0.0000000	0.0000000	0.0000000	0.0000000	0.0000000	0.0000000	0.0000000	0.0000000	0.0000000	0.0000000	0.0000000	0.0000000	0.0000000	0.0000000	0.0000000	0.0000000	0.0000000	0.0000000	0.0000000	0.0000000	0.0000000	0.0000000	0.0000000	8.7248592e-09	1.4979572e-06	0.00012618046	0.0052677753	0.10850042	1.0857323	5.5268012	16.968404	38.091799	70.694978	115.43652	170.75587	231.65905	289.04347	330.57003	343.20076	318.21888	257.33641	176.01045	98.060670	42.839742	14.305534	3.6897897	0.77767351	0.14504438	0.025721242	0.0045515161	0.00082575310	0.00015518899	3.0295497e-05	6.1249188e-06	2.6909078e-07	0.0000000	0.0000000	0.0000000	0.0000000	0.0000000	0.0000000	0.0000000	0.0000000
11.1290	0.0000000	0.0000000	0.0000000	0.0000000	0.0000000	0.0000000	0.0000000	0.0000000	0.0000000	0.0000000	0.0000000	0.0000000	0.0000000	0.0000000	0.0000000	0.0000000	0.0000000	0.0000000	0.0000000	0.0000000	0.0000000	0.0000000	0.0000000	0.0000000	0.0000000	0.0000000	0.0000000	0.0000000	0.0000000	0.0000000	0.0000000	0.0000000	0.0000000	0.0000000	0.0000000	0.0000000	0.0000000	0.0000000	0.0000000	0.0000000	0.0000000	5.4379746e-09	9.3600771e-07	7.9031202e-05	0.0033093072	0.068462185	0.68953154	3.5413269	10.991786	24.987964	47.031665	77.968106	117.17298	161.55854	204.85830	237.98550	250.74634	235.63252	192.78642	133.12137	74.687834	32.763882	10.949874	2.8158901	0.58915503	0.10861858	0.018983423	0.0033056779	0.00059022557	0.00010936900	2.1108758e-05	4.2309747e-06	1.8479660e-07	0.0000000	0.0000000	0.0000000	0.0000000	0.0000000	0.0000000	0.0000000	0.0000000
16.3360	0.0000000	0.0000000	0.0000000	0.0000000	0.0000000	0.0000000	0.0000000	0.0000000	0.0000000	0.0000000	0.0000000	0.0000000	0.0000000	0.0000000	0.0000000	0.0000000	0.0000000	0.0000000	0.0000000	0.0000000	0.0000000	0.0000000	0.0000000	0.0000000	0.0000000	0.0000000	0.0000000	0.0000000	0.0000000	0.0000000	0.0000000	0.0000000	0.0000000	0.0000000	0.0000000	0.0000000	0.0000000	0.0000000	0.0000000	0.0000000	0.0000000	6.7006557e-08	7.5245177e-06	0.00043179623	0.012759114	0.19255769	1.4550728	5.7405382	13.964480	25.306074	38.548410	52.439043	65.496603	75.968186	81.977103	81.932208	75.451847	62.993637	46.169757	28.786939	14.699106	5.9150683	1.8279371	0.43829644	0.086253059	0.015086612	0.0025205948	0.00042220376	7.2837862e-05	1.3073775e-05	2.4473000e-06	4.7612833e-07	2.0190668e-08	0.0000000	0.0000000	0.0000000	0.0000000	0.0000000	0.0000000	0.0000000	0.0000000
13.8900	0.0000000	0.0000000	0.0000000	0.0000000	0.0000000	0.0000000	0.0000000	0.0000000	0.0000000	0.0000000	0.0000000	0.0000000	0.0000000	0.0000000	0.0000000	0.0000000	0.0000000	0.0000000	0.0000000	0.0000000	0.0000000	0.0000000	0.0000000	0.0000000	0.0000000	0.0000000	0.0000000	0.0000000	0.0000000	0.0000000	0.0000000	0.0000000	0.0000000	0.0000000	0.0000000	0.0000000	0.0000000	0.0000000	0.0000000	0.0000000	0.0000000	2.2672038e-08	2.5766700e-06	0.00016314897	0.0054901436	0.093870867	0.79927716	3.5257309	9.4812802	18.782268	30.976476	45.266460	60.391008	74.572708	85.543554	90.753413	88.058195	76.758801	58.602789	37.948818	20.069081	8.3451539	2.6602024	0.65703094	0.13303816	0.023922451	0.0041053238	0.00070568977	0.00015733021	3.1056928e-05	5.9516858e-06	1.1847058e-06	5.1374823e-08	0.0000000	0.0000000	0.0000000	0.0000000	0.0000000	0.0000000	0.0000000	0.0000000
16.0040	0.0000000	0.0000000	0.0000000	0.0000000	0.0000000	0.0000000	0.0000000	0.0000000	0.0000000	0.0000000	0.0000000	0.0000000	0.0000000	0.0000000	0.0000000	0.0000000	0.0000000	0.0000000	0.0000000	0.0000000	0.0000000	0.0000000	0.0000000	0.0000000	0.0000000	0.0000000	0.0000000	0.0000000	0.0000000	0.0000000	0.0000000	0.0000000	0.0000000	0.0000000	0.0000000	0.0000000	0.0000000	0.0000000	0.0000000	0.0000000	0.0000000	3.6017112e-08	4.2377348e-06	0.00025441766	0.0078382879	0.12293301	0.96358307	3.9414568	9.9487947	18.737679	29.710099	42.125588	54.909125	66.551549	75.170948	78.789684	75.697913	65.364321	49.374144	31.544266	16.368959	6.6260486	2.0406722	0.48413440	0.093781532	0.016096712	0.0026368721	0.00043380569	7.3826605e-05	1.3144896e-05	2.4539266e-06	4.7849057e-07	2.0429130e-08	0.0000000	0.0000000	0.0000000	0.0000000	0.0000000	0.0000000	0.0000000	0.0000000
10.7700	0.0000000	0.0000000	0.0000000	0.0000000	0.0000000	0.0000000	0.0000000	0.0000000	0.0000000	0.0000000	0.0000000	0.0000000	0.0000000	0.0000000	0.0000000	0.0000000	0.0000000	0.0000000	0.0000000	0.0000000	0.0000000	0.0000000	0.0000000	0.0000000	0.0000000	0.0000000	0.0000000	0.0000000	0.0000000	0.0000000	0.0000000	0.0000000	0.0000000	0.0000000	0.0000000	0.0000000	0.0000000	0.0000000	0.0000000	0.0000000	0.0000000	3.3181225e-09	5.9354168e-07	5.1933878e-05	0.0022469558	0.047864866	0.49420494	2.5873186	8.1316661	18.587737	34.967926	57.668347	85.930300	117.25521	147.06344	169.00359	176.22586	164.01909	133.05705	91.232108	50.928882	22.289197	7.4570995	1.9276880	0.40743444	0.076273282	0.013589314	0.0024184553	0.00044176812	8.3700797e-05	1.6497487e-05	3.3730275e-06	1.5003115e-07	0.0000000	0.0000000	0.0000000	0.0000000	0.0000000	0.0000000	0.0000000	0.0000000
10.6570	0.0000000	0.0000000	0.0000000	0.0000000	0.0000000	0.0000000	0.0000000	0.0000000	0.0000000	0.0000000	0.0000000	0.0000000	0.0000000	0.0000000	0.0000000	0.0000000	0.0000000	0.0000000	0.0000000	0.0000000	0.0000000	0.0000000	0.0000000	0.0000000	0.0000000	0.0000000	0.0000000	0.0000000	0.0000000	0.0000000	0.0000000	0.0000000	0.0000000	0.0000000	0.0000000	0.0000000	0.0000000	0.0000000	0.0000000	0.0000000	0.0000000	1.6071549e-09	2.9389252e-07	2.6212671e-05	0.0011531962	0.024923427	0.26056375	1.3792952	4.3811953	10.124594	19.265017	32.152913	48.504954	67.013975	85.074296	98.911482	104.27383	98.038479	80.272882	55.507483	31.220075	13.750621	4.6206945	1.1960140	0.25207426	0.046872690	0.0082717652	0.0014554343	0.00026258227	4.9124351e-05	9.5642029e-06	1.9336079e-06	8.5195729e-08	0.0000000	0.0000000	0.0000000	0.0000000	0.0000000	0.0000000	0.0000000	0.0000000
12.6800	0.0000000	0.0000000	0.0000000	0.0000000	0.0000000	0.0000000	0.0000000	0.0000000	0.0000000	0.0000000	0.0000000	0.0000000	0.0000000	0.0000000	0.0000000	0.0000000	0.0000000	0.0000000	0.0000000	0.0000000	0.0000000	0.0000000	0.0000000	0.0000000	0.0000000	0.0000000	0.0000000	0.0000000	0.0000000	0.0000000	0.0000000	0.0000000	0.0000000	0.0000000	0.0000000	0.0000000	0.0000000	0.0000000	0.0000000	0.0000000	0.0000000	8.5890310e-09	1.2003060e-06	8.4648663e-05	0.0030387509	0.055048560	0.49186547	2.2465828	6.1892823	12.469160	20.798939	30.639921	41.189815	51.318449	57.043717	58.028269	53.674154	44.787524	33.119391	21.048176	11.062227	4.6222917	1.4944610	0.37710181	0.078389370	0.014505506	0.0025622688	0.00045259236	8.1993471e-05	1.5368046e-05	2.9835477e-06	5.9772673e-07	2.5950557e-08	0.0000000	0.0000000	0.0000000	0.0000000	0.0000000	0.0000000	0.0000000	0.0000000
11.0230	0.0000000	0.0000000	0.0000000	0.0000000	0.0000000	0.0000000	0.0000000	0.0000000	0.0000000	0.0000000	0.0000000	0.0000000	0.0000000	0.0000000	0.0000000	0.0000000	0.0000000	0.0000000	0.0000000	0.0000000	0.0000000	0.0000000	0.0000000	0.0000000	0.0000000	0.0000000	0.0000000	0.0000000	0.0000000	0.0000000	0.0000000	0.0000000	0.0000000	0.0000000	0.0000000	0.0000000	0.0000000	0.0000000	0.0000000	0.0000000	0.0000000	1.1468470e-09	2.0483508e-07	1.7996218e-05	0.00078258424	0.016704859	0.17233841	0.90032213	2.8263909	6.4755149	12.272034	20.490032	31.028226	43.130911	55.154692	64.610503	68.662531	65.141725	53.892755	37.715234	21.507917	9.6180978	3.2852168	0.86549409	0.18595923	0.035285181	0.0063536139	0.0011396376	0.00020943827	3.9889779e-05	7.9008535e-06	1.6230908e-06	7.2564757e-08	0.0000000	0.0000000	0.0000000	0.0000000	0.0000000	0.0000000	0.0000000	0.0000000
10.1150	0.0000000	0.0000000	0.0000000	0.0000000	0.0000000	0.0000000	0.0000000	0.0000000	0.0000000	0.0000000	0.0000000	0.0000000	0.0000000	0.0000000	0.0000000	0.0000000	0.0000000	0.0000000	0.0000000	0.0000000	0.0000000	0.0000000	0.0000000	0.0000000	0.0000000	0.0000000	0.0000000	0.0000000	0.0000000	0.0000000	0.0000000	0.0000000	0.0000000	0.0000000	0.0000000	0.0000000	0.0000000	0.0000000	0.0000000	0.0000000	0.0000000	1.7328194e-10	3.4175763e-08	3.2677366e-06	0.00015327244	0.0035144918	0.038808501	0.21600988	0.71780147	1.7247934	3.3909772	5.8130848	8.9597232	12.588952	16.192807	19.024091	20.218691	19.121653	15.713857	10.881404	6.1179839	2.7143431	0.93419134	0.24824475	0.053905499	0.010362852	0.0018946762	0.00034557830	6.4579514e-05	1.2490073e-05	2.5066128e-06	5.2039093e-07	2.3448275e-08	0.0000000	0.0000000	0.0000000	0.0000000	0.0000000	0.0000000	0.0000000	0.0000000
