# DO NOT EDIT: written Thu Mar 14 18:48:37 2019 by wrt_emiss_fe17.pro
# faked emissivities [1e-23 ergs cm^3/s] for Fe17 lines from Del Zanna 2011, A&A 536, A59
# emissivities include ion balance, but not abundance, and are spline and ion balance jittered off of emiss_Fe17_00000.txt
# line 6 -- SEED, LOGT
# lines 7+ -- WVL, EMISSIVITY
      836180	4.00	4.05	4.10	4.15	4.20	4.25	4.30	4.35	4.40	4.45	4.50	4.55	4.60	4.65	4.70	4.75	4.80	4.85	4.90	4.95	5.00	5.05	5.10	5.15	5.20	5.25	5.30	5.35	5.40	5.45	5.50	5.55	5.60	5.65	5.70	5.75	5.80	5.85	5.90	5.95	6.00	6.05	6.10	6.15	6.20	6.25	6.30	6.35	6.40	6.45	6.50	6.55	6.60	6.65	6.70	6.75	6.80	6.85	6.90	6.95	7.00	7.05	7.10	7.15	7.20	7.25	7.30	7.35	7.40	7.45	7.50	7.55	7.60	7.65	7.70	7.75	7.80	7.85	7.90	7.95	8.00
15.0130	0.0000000	0.0000000	0.0000000	0.0000000	0.0000000	0.0000000	0.0000000	0.0000000	0.0000000	0.0000000	0.0000000	0.0000000	0.0000000	0.0000000	0.0000000	0.0000000	0.0000000	0.0000000	0.0000000	0.0000000	0.0000000	0.0000000	0.0000000	0.0000000	0.0000000	0.0000000	0.0000000	0.0000000	0.0000000	0.0000000	0.0000000	0.0000000	0.0000000	0.0000000	0.0000000	0.0000000	0.0000000	0.0000000	0.0000000	0.0000000	0.0000000	9.3240324e-07	0.00011781544	0.0075524699	0.24913998	4.2182122	36.318898	167.07889	476.44169	991.53042	1697.0461	2561.1468	3528.1290	4503.6117	5348.8024	5893.8571	5972.8173	5485.2040	4469.7763	3145.2073	1849.4672	877.59783	326.21448	93.918485	21.461673	4.1548171	0.73837335	0.12826190	0.022596974	0.0041104418	0.00077595952	0.00015201533	2.1843885e-05	0.0000000	0.0000000	0.0000000	0.0000000	0.0000000	0.0000000	0.0000000	0.0000000
17.0510	0.0000000	0.0000000	0.0000000	0.0000000	0.0000000	0.0000000	0.0000000	0.0000000	0.0000000	0.0000000	0.0000000	0.0000000	0.0000000	0.0000000	0.0000000	0.0000000	0.0000000	0.0000000	0.0000000	0.0000000	0.0000000	0.0000000	0.0000000	0.0000000	0.0000000	0.0000000	0.0000000	0.0000000	0.0000000	0.0000000	0.0000000	0.0000000	0.0000000	0.0000000	0.0000000	0.0000000	0.0000000	0.0000000	0.0000000	0.0000000	0.0000000	1.9998284e-06	0.00022627672	0.013122463	0.39436412	6.1145748	48.414736	205.63944	543.60496	1053.0211	1684.0854	2382.7086	3085.3850	3710.1869	4158.2471	4330.2146	4152.7280	3613.0082	2791.2047	1862.7990	1039.2359	468.01995	165.19711	45.211830	9.8367382	1.8165017	0.30868139	0.051446460	0.0087343308	0.0015392160	0.00028318334	5.4418147e-05	7.7133958e-06	0.0000000	0.0000000	0.0000000	0.0000000	0.0000000	0.0000000	0.0000000	0.0000000
17.0960	0.0000000	0.0000000	0.0000000	0.0000000	0.0000000	0.0000000	0.0000000	0.0000000	0.0000000	0.0000000	0.0000000	0.0000000	0.0000000	0.0000000	0.0000000	0.0000000	0.0000000	0.0000000	0.0000000	0.0000000	0.0000000	0.0000000	0.0000000	0.0000000	0.0000000	0.0000000	0.0000000	0.0000000	0.0000000	0.0000000	0.0000000	0.0000000	0.0000000	0.0000000	0.0000000	0.0000000	0.0000000	0.0000000	0.0000000	0.0000000	0.0000000	1.7940857e-06	0.00020249095	0.011737121	0.35358915	5.5070827	43.826035	186.87948	494.74215	956.53088	1520.9184	2131.2572	2723.0150	3218.6391	3532.9457	3590.0559	3346.9322	2819.8150	2101.1027	1346.7892	718.39680	307.97699	103.10279	26.690788	5.4839346	0.95592043	0.15341560	0.024430484	0.0040106258	0.00068286091	0.00012120250	2.2421513e-05	3.0525231e-06	0.0000000	0.0000000	0.0000000	0.0000000	0.0000000	0.0000000	0.0000000	0.0000000
16.7760	0.0000000	0.0000000	0.0000000	0.0000000	0.0000000	0.0000000	0.0000000	0.0000000	0.0000000	0.0000000	0.0000000	0.0000000	0.0000000	0.0000000	0.0000000	0.0000000	0.0000000	0.0000000	0.0000000	0.0000000	0.0000000	0.0000000	0.0000000	0.0000000	0.0000000	0.0000000	0.0000000	0.0000000	0.0000000	0.0000000	0.0000000	0.0000000	0.0000000	0.0000000	0.0000000	0.0000000	0.0000000	0.0000000	0.0000000	0.0000000	0.0000000	1.5631151e-06	0.00017706421	0.010251737	0.30752474	4.7631392	37.713765	160.34875	424.59364	823.84384	1318.8441	1865.4984	2410.0244	2885.4274	3215.6178	3327.3514	3170.0820	2741.0690	2106.6135	1400.5394	779.59154	350.86566	123.96192	34.011642	7.4303538	1.3801411	0.23624574	0.039689428	0.0067910653	0.0012048518	0.00022273038	4.2885369e-05	6.0719617e-06	0.0000000	0.0000000	0.0000000	0.0000000	0.0000000	0.0000000	0.0000000	0.0000000
15.2620	0.0000000	0.0000000	0.0000000	0.0000000	0.0000000	0.0000000	0.0000000	0.0000000	0.0000000	0.0000000	0.0000000	0.0000000	0.0000000	0.0000000	0.0000000	0.0000000	0.0000000	0.0000000	0.0000000	0.0000000	0.0000000	0.0000000	0.0000000	0.0000000	0.0000000	0.0000000	0.0000000	0.0000000	0.0000000	0.0000000	0.0000000	0.0000000	0.0000000	0.0000000	0.0000000	0.0000000	0.0000000	0.0000000	0.0000000	0.0000000	0.0000000	3.2137883e-07	4.0297027e-05	0.0025653788	0.084010182	1.4096687	11.999500	54.450561	152.86507	312.74503	525.73930	779.05215	1054.0649	1323.0469	1548.2135	1684.7617	1689.7158	1538.7903	1245.6584	872.12963	510.99098	241.90575	89.808782	25.850731	5.9117327	1.1464062	0.20426301	0.035606277	0.0063005483	0.0011521284	0.00021884322	4.3176284e-05	6.2473184e-06	0.0000000	0.0000000	0.0000000	0.0000000	0.0000000	0.0000000	0.0000000	0.0000000
12.1240	0.0000000	0.0000000	0.0000000	0.0000000	0.0000000	0.0000000	0.0000000	0.0000000	0.0000000	0.0000000	0.0000000	0.0000000	0.0000000	0.0000000	0.0000000	0.0000000	0.0000000	0.0000000	0.0000000	0.0000000	0.0000000	0.0000000	0.0000000	0.0000000	0.0000000	0.0000000	0.0000000	0.0000000	0.0000000	0.0000000	0.0000000	0.0000000	0.0000000	0.0000000	0.0000000	0.0000000	0.0000000	0.0000000	0.0000000	0.0000000	0.0000000	2.3491960e-08	3.7149459e-06	0.00029023409	0.011388585	0.22527258	2.2286847	11.590988	36.857754	84.500780	157.59626	256.62159	377.95609	511.42358	638.95968	735.72978	774.63905	735.42923	616.80791	444.94013	267.24252	129.09875	48.716293	14.211020	3.2862610	0.64322557	0.11550476	0.020268150	0.0036073895	0.00066321203	0.00012661044	2.5099114e-05	3.6501861e-06	0.0000000	0.0000000	0.0000000	0.0000000	0.0000000	0.0000000	0.0000000	0.0000000
12.2640	0.0000000	0.0000000	0.0000000	0.0000000	0.0000000	0.0000000	0.0000000	0.0000000	0.0000000	0.0000000	0.0000000	0.0000000	0.0000000	0.0000000	0.0000000	0.0000000	0.0000000	0.0000000	0.0000000	0.0000000	0.0000000	0.0000000	0.0000000	0.0000000	0.0000000	0.0000000	0.0000000	0.0000000	0.0000000	0.0000000	0.0000000	0.0000000	0.0000000	0.0000000	0.0000000	0.0000000	0.0000000	0.0000000	0.0000000	0.0000000	0.0000000	3.0424708e-08	4.7480085e-06	0.00035875447	0.013606926	0.25992235	2.4829813	12.494351	38.521236	85.897539	156.50951	250.43126	365.07130	492.87621	618.74963	719.97314	769.39337	743.69575	636.35280	469.00004	281.92009	135.21103	50.719304	14.726079	3.3933497	0.66242782	0.11871503	0.020799240	0.0036972631	0.00067898233	0.00012948133	2.5639303e-05	3.7242878e-06	0.0000000	0.0000000	0.0000000	0.0000000	0.0000000	0.0000000	0.0000000	0.0000000
13.8250	0.0000000	0.0000000	0.0000000	0.0000000	0.0000000	0.0000000	0.0000000	0.0000000	0.0000000	0.0000000	0.0000000	0.0000000	0.0000000	0.0000000	0.0000000	0.0000000	0.0000000	0.0000000	0.0000000	0.0000000	0.0000000	0.0000000	0.0000000	0.0000000	0.0000000	0.0000000	0.0000000	0.0000000	0.0000000	0.0000000	0.0000000	0.0000000	0.0000000	0.0000000	0.0000000	0.0000000	0.0000000	0.0000000	0.0000000	0.0000000	0.0000000	4.5523301e-08	6.0858919e-06	0.00041077414	0.014206013	0.25207310	2.2846336	11.132837	33.695428	74.394710	134.86915	215.04578	311.96856	417.84803	519.00054	596.08632	627.30794	595.66402	499.39974	359.68342	215.51320	103.82271	39.074478	11.372148	2.6255518	0.51365486	0.092303193	0.016226188	0.0028956204	0.00053399952	0.00010226078	2.0326688e-05	2.9606876e-06	0.0000000	0.0000000	0.0000000	0.0000000	0.0000000	0.0000000	0.0000000	0.0000000
15.4530	0.0000000	0.0000000	0.0000000	0.0000000	0.0000000	0.0000000	0.0000000	0.0000000	0.0000000	0.0000000	0.0000000	0.0000000	0.0000000	0.0000000	0.0000000	0.0000000	0.0000000	0.0000000	0.0000000	0.0000000	0.0000000	0.0000000	0.0000000	0.0000000	0.0000000	0.0000000	0.0000000	0.0000000	0.0000000	0.0000000	0.0000000	0.0000000	0.0000000	0.0000000	0.0000000	0.0000000	0.0000000	0.0000000	0.0000000	0.0000000	0.0000000	1.0824421e-07	1.3113922e-05	0.00080601561	0.025465121	0.41201202	3.3800103	14.769846	39.880602	78.344378	126.20154	178.76604	230.52691	274.68388	303.64182	310.54981	291.37194	247.18600	185.69273	120.24185	64.980055	28.318521	9.6684935	2.5599159	0.53922589	0.096537206	0.015928398	0.0025806406	0.00042618716	7.3062157e-05	1.3067812e-05	2.4378901e-06	3.3493530e-07	0.0000000	0.0000000	0.0000000	0.0000000	0.0000000	0.0000000	0.0000000	0.0000000
11.2500	0.0000000	0.0000000	0.0000000	0.0000000	0.0000000	0.0000000	0.0000000	0.0000000	0.0000000	0.0000000	0.0000000	0.0000000	0.0000000	0.0000000	0.0000000	0.0000000	0.0000000	0.0000000	0.0000000	0.0000000	0.0000000	0.0000000	0.0000000	0.0000000	0.0000000	0.0000000	0.0000000	0.0000000	0.0000000	0.0000000	0.0000000	0.0000000	0.0000000	0.0000000	0.0000000	0.0000000	0.0000000	0.0000000	0.0000000	0.0000000	0.0000000	6.7520282e-09	1.1666053e-06	9.8665943e-05	0.0041565629	0.087240487	0.90655846	4.9170362	16.203199	38.293835	73.288745	121.99154	183.07027	251.72243	311.62390	352.65200	362.27327	332.91770	268.34749	187.78884	111.45101	53.900298	20.497601	6.0267758	1.4015998	0.27542009	0.049582912	0.0087130939	0.0015518250	0.00028536327	5.4482827e-05	1.0803859e-05	1.5722386e-06	0.0000000	0.0000000	0.0000000	0.0000000	0.0000000	0.0000000	0.0000000	0.0000000
11.1290	0.0000000	0.0000000	0.0000000	0.0000000	0.0000000	0.0000000	0.0000000	0.0000000	0.0000000	0.0000000	0.0000000	0.0000000	0.0000000	0.0000000	0.0000000	0.0000000	0.0000000	0.0000000	0.0000000	0.0000000	0.0000000	0.0000000	0.0000000	0.0000000	0.0000000	0.0000000	0.0000000	0.0000000	0.0000000	0.0000000	0.0000000	0.0000000	0.0000000	0.0000000	0.0000000	0.0000000	0.0000000	0.0000000	0.0000000	0.0000000	0.0000000	4.1115593e-09	7.2774300e-07	6.2747624e-05	0.0026802383	0.056747865	0.59224572	3.2137211	10.559369	24.815296	47.133479	77.769101	115.64053	157.62060	198.10430	229.39149	243.03739	232.41172	196.48356	142.94910	86.634914	42.244606	16.093307	4.7384533	1.1055183	0.21815418	0.039448864	0.0069623431	0.0012448463	0.00022963340	4.3933711e-05	8.7180071e-06	1.2673814e-06	0.0000000	0.0000000	0.0000000	0.0000000	0.0000000	0.0000000	0.0000000	0.0000000
16.3360	0.0000000	0.0000000	0.0000000	0.0000000	0.0000000	0.0000000	0.0000000	0.0000000	0.0000000	0.0000000	0.0000000	0.0000000	0.0000000	0.0000000	0.0000000	0.0000000	0.0000000	0.0000000	0.0000000	0.0000000	0.0000000	0.0000000	0.0000000	0.0000000	0.0000000	0.0000000	0.0000000	0.0000000	0.0000000	0.0000000	0.0000000	0.0000000	0.0000000	0.0000000	0.0000000	0.0000000	0.0000000	0.0000000	0.0000000	0.0000000	0.0000000	4.0840583e-08	4.6990233e-06	0.00027610094	0.0084009426	0.13189513	1.0568974	4.5371460	12.096506	23.557973	37.757881	53.397480	68.970759	82.610266	92.143603	95.448525	91.033005	78.766005	60.523030	40.195467	22.337050	10.033075	3.5353300	0.96511328	0.20886295	0.038178847	0.0063747649	0.0010327560	0.00016840438	2.8211121e-05	4.8928627e-06	9.2190316e-07	1.2933706e-07	0.0000000	0.0000000	0.0000000	0.0000000	0.0000000	0.0000000	0.0000000	0.0000000
13.8900	0.0000000	0.0000000	0.0000000	0.0000000	0.0000000	0.0000000	0.0000000	0.0000000	0.0000000	0.0000000	0.0000000	0.0000000	0.0000000	0.0000000	0.0000000	0.0000000	0.0000000	0.0000000	0.0000000	0.0000000	0.0000000	0.0000000	0.0000000	0.0000000	0.0000000	0.0000000	0.0000000	0.0000000	0.0000000	0.0000000	0.0000000	0.0000000	0.0000000	0.0000000	0.0000000	0.0000000	0.0000000	0.0000000	0.0000000	0.0000000	0.0000000	1.6872274e-08	2.2093602e-06	0.00014652822	0.0049970802	0.087347508	0.77379850	3.6378599	10.482173	21.773518	36.786064	54.286249	72.607474	89.605382	102.69076	109.03360	106.32670	93.817295	73.307229	49.356463	27.736063	12.578118	4.4749383	1.2370453	0.27273037	0.051252018	0.0089046661	0.0015243736	0.00026697095	4.8720239e-05	9.3131605e-06	1.8645261e-06	2.7604066e-07	0.0000000	0.0000000	0.0000000	0.0000000	0.0000000	0.0000000	0.0000000	0.0000000
16.0040	0.0000000	0.0000000	0.0000000	0.0000000	0.0000000	0.0000000	0.0000000	0.0000000	0.0000000	0.0000000	0.0000000	0.0000000	0.0000000	0.0000000	0.0000000	0.0000000	0.0000000	0.0000000	0.0000000	0.0000000	0.0000000	0.0000000	0.0000000	0.0000000	0.0000000	0.0000000	0.0000000	0.0000000	0.0000000	0.0000000	0.0000000	0.0000000	0.0000000	0.0000000	0.0000000	0.0000000	0.0000000	0.0000000	0.0000000	0.0000000	0.0000000	2.8532328e-08	3.3965404e-06	0.00020604520	0.0064496290	0.10377260	0.84980028	3.7215850	10.112889	20.064964	32.735262	47.059030	61.677592	74.810672	84.340888	88.155250	84.695016	73.685807	56.814449	37.767342	20.945801	9.3622059	3.2761196	0.88862343	0.19169656	0.035136980	0.0059351084	0.00098454282	0.00016652666	2.9249288e-05	5.3621213e-06	1.0257248e-06	1.4451760e-07	0.0000000	0.0000000	0.0000000	0.0000000	0.0000000	0.0000000	0.0000000	0.0000000
10.7700	0.0000000	0.0000000	0.0000000	0.0000000	0.0000000	0.0000000	0.0000000	0.0000000	0.0000000	0.0000000	0.0000000	0.0000000	0.0000000	0.0000000	0.0000000	0.0000000	0.0000000	0.0000000	0.0000000	0.0000000	0.0000000	0.0000000	0.0000000	0.0000000	0.0000000	0.0000000	0.0000000	0.0000000	0.0000000	0.0000000	0.0000000	0.0000000	0.0000000	0.0000000	0.0000000	0.0000000	0.0000000	0.0000000	0.0000000	0.0000000	0.0000000	2.1492105e-09	3.8720249e-07	3.4063833e-05	0.0014900495	0.032421715	0.34859934	1.9507511	6.6036464	15.952242	31.072577	52.465045	79.686035	110.77442	141.81493	166.97544	179.44044	173.59495	148.15021	108.62994	66.290233	32.542509	12.488428	3.7089193	0.87437368	0.17462282	0.031988442	0.0057190710	0.0010348282	0.00019283612	3.7195651e-05	7.4267591e-06	1.0841671e-06	0.0000000	0.0000000	0.0000000	0.0000000	0.0000000	0.0000000	0.0000000	0.0000000
10.6570	0.0000000	0.0000000	0.0000000	0.0000000	0.0000000	0.0000000	0.0000000	0.0000000	0.0000000	0.0000000	0.0000000	0.0000000	0.0000000	0.0000000	0.0000000	0.0000000	0.0000000	0.0000000	0.0000000	0.0000000	0.0000000	0.0000000	0.0000000	0.0000000	0.0000000	0.0000000	0.0000000	0.0000000	0.0000000	0.0000000	0.0000000	0.0000000	0.0000000	0.0000000	0.0000000	0.0000000	0.0000000	0.0000000	0.0000000	0.0000000	0.0000000	1.1465376e-09	2.1160110e-07	1.9013572e-05	0.00084717790	0.018726415	0.20400828	1.1541155	3.9437952	9.6079252	18.856575	32.047849	48.932425	68.262049	87.495833	102.87253	110.05908	105.64203	89.131143	64.366460	38.593252	18.649135	7.0720971	2.0802168	0.48600216	0.096176748	0.017451977	0.0030905000	0.00055452204	0.00010269328	1.9735498e-05	3.9362512e-06	5.7548391e-07	0.0000000	0.0000000	0.0000000	0.0000000	0.0000000	0.0000000	0.0000000	0.0000000
12.6800	0.0000000	0.0000000	0.0000000	0.0000000	0.0000000	0.0000000	0.0000000	0.0000000	0.0000000	0.0000000	0.0000000	0.0000000	0.0000000	0.0000000	0.0000000	0.0000000	0.0000000	0.0000000	0.0000000	0.0000000	0.0000000	0.0000000	0.0000000	0.0000000	0.0000000	0.0000000	0.0000000	0.0000000	0.0000000	0.0000000	0.0000000	0.0000000	0.0000000	0.0000000	0.0000000	0.0000000	0.0000000	0.0000000	0.0000000	0.0000000	0.0000000	6.0198428e-09	8.4853671e-07	6.0240398e-05	0.0021883440	0.040511954	0.37692790	1.8389320	5.4489168	11.574371	19.925627	29.927951	40.800598	51.474326	60.397483	65.716552	65.689330	59.373825	47.474554	32.701147	18.794266	8.7095664	3.1622005	0.88734719	0.19778619	0.037415473	0.0065096931	0.0011091836	0.00019205573	3.4402104e-05	6.4060487e-06	1.2397547e-06	1.7610749e-07	0.0000000	0.0000000	0.0000000	0.0000000	0.0000000	0.0000000	0.0000000	0.0000000
11.0230	0.0000000	0.0000000	0.0000000	0.0000000	0.0000000	0.0000000	0.0000000	0.0000000	0.0000000	0.0000000	0.0000000	0.0000000	0.0000000	0.0000000	0.0000000	0.0000000	0.0000000	0.0000000	0.0000000	0.0000000	0.0000000	0.0000000	0.0000000	0.0000000	0.0000000	0.0000000	0.0000000	0.0000000	0.0000000	0.0000000	0.0000000	0.0000000	0.0000000	0.0000000	0.0000000	0.0000000	0.0000000	0.0000000	0.0000000	0.0000000	0.0000000	8.1887065e-10	1.4674622e-07	1.2896814e-05	0.00056323954	0.012176036	0.12941653	0.71318434	2.3741465	5.6481347	10.874161	18.222823	27.568243	38.281155	49.052752	57.905230	62.541441	61.023082	52.725450	39.273095	24.411866	12.223021	4.7822075	1.4451029	0.34555656	0.069780998	0.012892760	0.0023205250	0.00042257427	7.9374203e-05	1.5472247e-05	3.1313538e-06	4.6479239e-07	0.0000000	0.0000000	0.0000000	0.0000000	0.0000000	0.0000000	0.0000000	0.0000000
10.1150	0.0000000	0.0000000	0.0000000	0.0000000	0.0000000	0.0000000	0.0000000	0.0000000	0.0000000	0.0000000	0.0000000	0.0000000	0.0000000	0.0000000	0.0000000	0.0000000	0.0000000	0.0000000	0.0000000	0.0000000	0.0000000	0.0000000	0.0000000	0.0000000	0.0000000	0.0000000	0.0000000	0.0000000	0.0000000	0.0000000	0.0000000	0.0000000	0.0000000	0.0000000	0.0000000	0.0000000	0.0000000	0.0000000	0.0000000	0.0000000	0.0000000	1.3775904e-10	2.7270232e-08	2.6091578e-06	0.00012301039	0.0028618860	0.032670360	0.19288816	0.68500619	1.7260748	3.4879591	6.0817575	9.5037096	13.553621	17.765011	21.387998	23.470487	23.148947	20.104726	14.971594	9.2605129	4.6028917	1.7880375	0.53774880	0.12851373	0.026069968	0.0048606906	0.00088589437	0.00016360764	3.1147575e-05	6.1423546e-06	1.2543840e-06	1.8732168e-07	0.0000000	0.0000000	0.0000000	0.0000000	0.0000000	0.0000000	0.0000000	0.0000000
