# DO NOT EDIT: written Thu Mar 14 18:48:37 2019 by wrt_emiss_fe17.pro
# faked emissivities [1e-23 ergs cm^3/s] for Fe17 lines from Del Zanna 2011, A&A 536, A59
# emissivities include ion balance, but not abundance, and are spline and ion balance jittered off of emiss_Fe17_00000.txt
# line 6 -- SEED, LOGT
# lines 7+ -- WVL, EMISSIVITY
      153338	4.00	4.05	4.10	4.15	4.20	4.25	4.30	4.35	4.40	4.45	4.50	4.55	4.60	4.65	4.70	4.75	4.80	4.85	4.90	4.95	5.00	5.05	5.10	5.15	5.20	5.25	5.30	5.35	5.40	5.45	5.50	5.55	5.60	5.65	5.70	5.75	5.80	5.85	5.90	5.95	6.00	6.05	6.10	6.15	6.20	6.25	6.30	6.35	6.40	6.45	6.50	6.55	6.60	6.65	6.70	6.75	6.80	6.85	6.90	6.95	7.00	7.05	7.10	7.15	7.20	7.25	7.30	7.35	7.40	7.45	7.50	7.55	7.60	7.65	7.70	7.75	7.80	7.85	7.90	7.95	8.00
15.0130	0.0000000	0.0000000	0.0000000	0.0000000	0.0000000	0.0000000	0.0000000	0.0000000	0.0000000	0.0000000	0.0000000	0.0000000	0.0000000	0.0000000	0.0000000	0.0000000	0.0000000	0.0000000	0.0000000	0.0000000	0.0000000	0.0000000	0.0000000	0.0000000	0.0000000	0.0000000	0.0000000	0.0000000	0.0000000	0.0000000	0.0000000	0.0000000	0.0000000	0.0000000	0.0000000	0.0000000	0.0000000	0.0000000	0.0000000	0.0000000	3.0657992e-08	5.5540344e-06	0.00046017863	0.020780524	0.51740317	7.0468236	51.535334	207.52691	529.30531	1019.1252	1663.0087	2463.9624	3357.0521	4248.7139	5000.2363	5444.4490	5422.7633	4853.0946	3805.1724	2528.9115	1366.8892	576.10038	183.38411	43.191323	7.8050173	1.2655910	0.21645476	0.038085728	0.0069163992	0.0013044339	0.00025704727	5.4349121e-05	0.0000000	0.0000000	0.0000000	0.0000000	0.0000000	0.0000000	0.0000000	0.0000000	0.0000000
17.0510	0.0000000	0.0000000	0.0000000	0.0000000	0.0000000	0.0000000	0.0000000	0.0000000	0.0000000	0.0000000	0.0000000	0.0000000	0.0000000	0.0000000	0.0000000	0.0000000	0.0000000	0.0000000	0.0000000	0.0000000	0.0000000	0.0000000	0.0000000	0.0000000	0.0000000	0.0000000	0.0000000	0.0000000	0.0000000	0.0000000	0.0000000	0.0000000	0.0000000	0.0000000	0.0000000	0.0000000	0.0000000	0.0000000	0.0000000	0.0000000	7.5799352e-08	1.2023324e-05	0.00088627532	0.036062851	0.81685908	10.199585	68.826625	257.23600	612.31424	1106.0613	1698.5851	2344.7946	2982.9598	3530.4102	3889.0827	3965.9311	3700.7816	3102.8649	2278.0833	1417.2478	717.82257	284.20717	85.591914	19.886397	3.8161592	0.66178861	0.11136291	0.018958199	0.0033357112	0.00061023594	0.00011619858	2.2612311e-05	0.0000000	0.0000000	0.0000000	0.0000000	0.0000000	0.0000000	0.0000000	0.0000000	0.0000000
17.0960	0.0000000	0.0000000	0.0000000	0.0000000	0.0000000	0.0000000	0.0000000	0.0000000	0.0000000	0.0000000	0.0000000	0.0000000	0.0000000	0.0000000	0.0000000	0.0000000	0.0000000	0.0000000	0.0000000	0.0000000	0.0000000	0.0000000	0.0000000	0.0000000	0.0000000	0.0000000	0.0000000	0.0000000	0.0000000	0.0000000	0.0000000	0.0000000	0.0000000	0.0000000	0.0000000	0.0000000	0.0000000	0.0000000	0.0000000	0.0000000	7.0256922e-08	1.1066124e-05	0.00080809568	0.032557213	0.73087690	9.0502225	60.541150	223.94910	526.33735	935.99575	1410.8601	2011.3191	2657.3637	3211.1869	3560.8767	3612.4453	3319.9680	2717.9469	1933.6575	1157.7307	560.78240	211.11484	60.147782	13.164976	2.3722022	0.38543465	0.060707835	0.0096754455	0.0015960866	0.00027449049	4.9330570e-05	9.1070066e-06	0.0000000	0.0000000	0.0000000	0.0000000	0.0000000	0.0000000	0.0000000	0.0000000	0.0000000
16.7760	0.0000000	0.0000000	0.0000000	0.0000000	0.0000000	0.0000000	0.0000000	0.0000000	0.0000000	0.0000000	0.0000000	0.0000000	0.0000000	0.0000000	0.0000000	0.0000000	0.0000000	0.0000000	0.0000000	0.0000000	0.0000000	0.0000000	0.0000000	0.0000000	0.0000000	0.0000000	0.0000000	0.0000000	0.0000000	0.0000000	0.0000000	0.0000000	0.0000000	0.0000000	0.0000000	0.0000000	0.0000000	0.0000000	0.0000000	0.0000000	5.9336292e-08	9.5504825e-06	0.00071067138	0.029102238	0.66308527	8.3329357	56.640117	213.41043	512.39562	933.45761	1444.5707	2006.5335	2561.9362	3034.9243	3339.0891	3394.7687	3153.7915	2630.1743	1920.0092	1187.5277	597.98220	235.39650	70.486078	16.283197	3.1069881	0.53583071	0.089695346	0.015197019	0.0026631059	0.00048566406	9.2291084e-05	1.7944251e-05	0.0000000	0.0000000	0.0000000	0.0000000	0.0000000	0.0000000	0.0000000	0.0000000	0.0000000
15.2620	0.0000000	0.0000000	0.0000000	0.0000000	0.0000000	0.0000000	0.0000000	0.0000000	0.0000000	0.0000000	0.0000000	0.0000000	0.0000000	0.0000000	0.0000000	0.0000000	0.0000000	0.0000000	0.0000000	0.0000000	0.0000000	0.0000000	0.0000000	0.0000000	0.0000000	0.0000000	0.0000000	0.0000000	0.0000000	0.0000000	0.0000000	0.0000000	0.0000000	0.0000000	0.0000000	0.0000000	0.0000000	0.0000000	0.0000000	0.0000000	9.7782677e-09	1.7465699e-06	0.00014313207	0.0064084145	0.15843391	2.1432723	15.559748	62.160883	157.21859	300.13206	484.91731	701.90014	933.87003	1153.5462	1324.1337	1405.1790	1362.9154	1186.6998	904.35201	583.87139	306.86495	126.05848	39.376922	9.4815112	1.8833012	0.33755875	0.058618559	0.010283342	0.0018622646	0.00035031743	8.1037724e-05	1.8031988e-05	0.0000000	0.0000000	0.0000000	0.0000000	0.0000000	0.0000000	0.0000000	0.0000000	0.0000000
12.1240	0.0000000	0.0000000	0.0000000	0.0000000	0.0000000	0.0000000	0.0000000	0.0000000	0.0000000	0.0000000	0.0000000	0.0000000	0.0000000	0.0000000	0.0000000	0.0000000	0.0000000	0.0000000	0.0000000	0.0000000	0.0000000	0.0000000	0.0000000	0.0000000	0.0000000	0.0000000	0.0000000	0.0000000	0.0000000	0.0000000	0.0000000	0.0000000	0.0000000	0.0000000	0.0000000	0.0000000	0.0000000	0.0000000	0.0000000	0.0000000	7.4023410e-10	1.7201069e-07	1.7786413e-05	0.00097801686	0.029005368	0.46161492	3.8823285	17.759838	50.996890	109.71997	198.25481	318.25226	465.43402	626.08364	775.32497	867.95962	880.09768	797.01743	628.87648	418.67121	226.05303	95.074686	29.708816	6.9937031	1.3347534	0.22541003	0.036418648	0.0062996631	0.0011520962	0.00021854989	4.3068529e-05	8.6596876e-06	0.0000000	0.0000000	0.0000000	0.0000000	0.0000000	0.0000000	0.0000000	0.0000000	0.0000000
12.2640	0.0000000	0.0000000	0.0000000	0.0000000	0.0000000	0.0000000	0.0000000	0.0000000	0.0000000	0.0000000	0.0000000	0.0000000	0.0000000	0.0000000	0.0000000	0.0000000	0.0000000	0.0000000	0.0000000	0.0000000	0.0000000	0.0000000	0.0000000	0.0000000	0.0000000	0.0000000	0.0000000	0.0000000	0.0000000	0.0000000	0.0000000	0.0000000	0.0000000	0.0000000	0.0000000	0.0000000	0.0000000	0.0000000	0.0000000	0.0000000	7.8220225e-10	1.7591595e-07	1.7660496e-05	0.00094556571	0.027387617	0.42687459	3.5214222	15.788651	44.318763	92.954565	163.49598	255.46201	364.14475	478.70180	581.26543	648.86954	658.59334	597.11740	471.59354	314.18602	169.74102	71.430415	22.788655	5.5909154	1.1290644	0.20525232	0.036052412	0.0063782433	0.0011611538	0.00021883301	4.2749079e-05	8.5073986e-06	0.0000000	0.0000000	0.0000000	0.0000000	0.0000000	0.0000000	0.0000000	0.0000000	0.0000000
13.8250	0.0000000	0.0000000	0.0000000	0.0000000	0.0000000	0.0000000	0.0000000	0.0000000	0.0000000	0.0000000	0.0000000	0.0000000	0.0000000	0.0000000	0.0000000	0.0000000	0.0000000	0.0000000	0.0000000	0.0000000	0.0000000	0.0000000	0.0000000	0.0000000	0.0000000	0.0000000	0.0000000	0.0000000	0.0000000	0.0000000	0.0000000	0.0000000	0.0000000	0.0000000	0.0000000	0.0000000	0.0000000	0.0000000	0.0000000	0.0000000	1.3833057e-09	2.6559814e-07	2.3324619e-05	0.0011185107	0.029648484	0.43064576	3.3583247	14.381272	38.783209	78.474123	133.67396	203.05642	282.55424	364.28709	435.92241	481.51971	485.09982	437.39697	343.86548	228.06945	122.68985	51.435540	16.362247	4.0076144	0.80948280	0.14758688	0.026083506	0.0046595185	0.00085967117	0.00016480235	3.2866476e-05	6.6948348e-06	0.0000000	0.0000000	0.0000000	0.0000000	0.0000000	0.0000000	0.0000000	0.0000000	0.0000000
15.4530	0.0000000	0.0000000	0.0000000	0.0000000	0.0000000	0.0000000	0.0000000	0.0000000	0.0000000	0.0000000	0.0000000	0.0000000	0.0000000	0.0000000	0.0000000	0.0000000	0.0000000	0.0000000	0.0000000	0.0000000	0.0000000	0.0000000	0.0000000	0.0000000	0.0000000	0.0000000	0.0000000	0.0000000	0.0000000	0.0000000	0.0000000	0.0000000	0.0000000	0.0000000	0.0000000	0.0000000	0.0000000	0.0000000	0.0000000	0.0000000	3.9462661e-09	6.7898399e-07	5.3541152e-05	0.0023038077	0.054681101	0.70962278	4.9392215	18.903769	45.754707	83.472800	128.66636	177.31412	224.11473	262.34559	284.64315	284.79254	259.82203	212.33437	151.57186	91.498905	44.901390	17.206651	5.0120120	1.1259406	0.20892547	0.035049516	0.0057100530	0.00094220351	0.00016093633	2.8633227e-05	5.3129603e-06	1.0094121e-06	0.0000000	0.0000000	0.0000000	0.0000000	0.0000000	0.0000000	0.0000000	0.0000000	0.0000000
11.2500	0.0000000	0.0000000	0.0000000	0.0000000	0.0000000	0.0000000	0.0000000	0.0000000	0.0000000	0.0000000	0.0000000	0.0000000	0.0000000	0.0000000	0.0000000	0.0000000	0.0000000	0.0000000	0.0000000	0.0000000	0.0000000	0.0000000	0.0000000	0.0000000	0.0000000	0.0000000	0.0000000	0.0000000	0.0000000	0.0000000	0.0000000	0.0000000	0.0000000	0.0000000	0.0000000	0.0000000	0.0000000	0.0000000	0.0000000	0.0000000	1.5087845e-10	3.8545714e-08	4.3276687e-06	0.00025550119	0.0080534653	0.13487622	1.1817025	5.5727427	16.325182	35.499991	64.358621	103.10270	149.95263	200.23419	246.01356	277.05998	283.13333	258.16939	205.00088	137.35076	74.678355	31.663808	10.195086	2.5298207	0.51822861	0.095919886	0.017228007	0.0031312478	0.00058788811	0.00011452612	2.3145178e-05	4.7583694e-06	0.0000000	0.0000000	0.0000000	0.0000000	0.0000000	0.0000000	0.0000000	0.0000000	0.0000000
11.1290	0.0000000	0.0000000	0.0000000	0.0000000	0.0000000	0.0000000	0.0000000	0.0000000	0.0000000	0.0000000	0.0000000	0.0000000	0.0000000	0.0000000	0.0000000	0.0000000	0.0000000	0.0000000	0.0000000	0.0000000	0.0000000	0.0000000	0.0000000	0.0000000	0.0000000	0.0000000	0.0000000	0.0000000	0.0000000	0.0000000	0.0000000	0.0000000	0.0000000	0.0000000	0.0000000	0.0000000	0.0000000	0.0000000	0.0000000	0.0000000	9.2558499e-11	2.4207463e-08	2.7843717e-06	0.00016850130	0.0054460106	0.093531201	0.84015181	4.0595822	12.172509	27.058351	50.072741	81.748962	120.94809	163.95940	204.03247	232.10503	238.92489	218.84317	174.07532	116.50905	63.107903	26.585752	8.4826480	2.0805049	0.42019733	0.076496664	0.013481530	0.0023990533	0.00044066052	8.4102457e-05	1.6707090e-05	3.3906366e-06	0.0000000	0.0000000	0.0000000	0.0000000	0.0000000	0.0000000	0.0000000	0.0000000	0.0000000
16.3360	0.0000000	0.0000000	0.0000000	0.0000000	0.0000000	0.0000000	0.0000000	0.0000000	0.0000000	0.0000000	0.0000000	0.0000000	0.0000000	0.0000000	0.0000000	0.0000000	0.0000000	0.0000000	0.0000000	0.0000000	0.0000000	0.0000000	0.0000000	0.0000000	0.0000000	0.0000000	0.0000000	0.0000000	0.0000000	0.0000000	0.0000000	0.0000000	0.0000000	0.0000000	0.0000000	0.0000000	0.0000000	0.0000000	0.0000000	0.0000000	1.6251512e-09	2.6474661e-07	1.9941667e-05	0.00082683334	0.019095859	0.24358238	1.6820268	6.4418942	15.727800	29.019247	45.096080	62.484647	79.234039	92.932346	100.97136	101.14886	92.405022	75.633379	54.078364	32.708488	16.090912	6.1860051	1.8091438	0.40841476	0.076223151	0.012872451	0.0021131914	0.00035176632	6.0689443e-05	1.0921155e-05	2.0527007e-06	3.9571147e-07	0.0000000	0.0000000	0.0000000	0.0000000	0.0000000	0.0000000	0.0000000	0.0000000	0.0000000
13.8900	0.0000000	0.0000000	0.0000000	0.0000000	0.0000000	0.0000000	0.0000000	0.0000000	0.0000000	0.0000000	0.0000000	0.0000000	0.0000000	0.0000000	0.0000000	0.0000000	0.0000000	0.0000000	0.0000000	0.0000000	0.0000000	0.0000000	0.0000000	0.0000000	0.0000000	0.0000000	0.0000000	0.0000000	0.0000000	0.0000000	0.0000000	0.0000000	0.0000000	0.0000000	0.0000000	0.0000000	0.0000000	0.0000000	0.0000000	0.0000000	5.1121947e-10	1.0038087e-07	8.9098350e-06	0.00042357982	0.010943388	0.15294257	1.1363112	4.6000045	11.653151	22.068351	35.187152	50.172374	65.757232	80.180643	91.181282	96.170771	92.928248	80.706255	61.335868	39.439301	20.615866	8.4138357	2.6094818	0.62387670	0.12311185	0.021940644	0.0037914376	0.00066229096	0.00011946673	2.2382502e-05	4.3592633e-06	8.6622872e-07	0.0000000	0.0000000	0.0000000	0.0000000	0.0000000	0.0000000	0.0000000	0.0000000	0.0000000
16.0040	0.0000000	0.0000000	0.0000000	0.0000000	0.0000000	0.0000000	0.0000000	0.0000000	0.0000000	0.0000000	0.0000000	0.0000000	0.0000000	0.0000000	0.0000000	0.0000000	0.0000000	0.0000000	0.0000000	0.0000000	0.0000000	0.0000000	0.0000000	0.0000000	0.0000000	0.0000000	0.0000000	0.0000000	0.0000000	0.0000000	0.0000000	0.0000000	0.0000000	0.0000000	0.0000000	0.0000000	0.0000000	0.0000000	0.0000000	0.0000000	1.2055882e-09	2.0340203e-07	1.5776073e-05	0.00066833968	0.015617527	0.19820409	1.3289524	4.8916492	11.491525	20.538922	31.287847	42.960466	54.516083	64.562654	71.427926	73.441449	69.368952	59.087784	44.214989	28.115461	14.587905	5.9240567	1.8304203	0.43623417	0.083915255	0.014456157	0.0024183884	0.00040978850	7.1876540e-05	1.3129728e-05	2.5004694e-06	4.8732198e-07	0.0000000	0.0000000	0.0000000	0.0000000	0.0000000	0.0000000	0.0000000	0.0000000	0.0000000
10.7700	0.0000000	0.0000000	0.0000000	0.0000000	0.0000000	0.0000000	0.0000000	0.0000000	0.0000000	0.0000000	0.0000000	0.0000000	0.0000000	0.0000000	0.0000000	0.0000000	0.0000000	0.0000000	0.0000000	0.0000000	0.0000000	0.0000000	0.0000000	0.0000000	0.0000000	0.0000000	0.0000000	0.0000000	0.0000000	0.0000000	0.0000000	0.0000000	0.0000000	0.0000000	0.0000000	0.0000000	0.0000000	0.0000000	0.0000000	0.0000000	4.3251222e-11	1.2036758e-08	1.5030175e-06	9.9840470e-05	0.0035693351	0.067274285	0.62099782	3.0681867	9.3796660	21.181297	39.700567	65.506972	97.836540	133.87061	168.29689	193.64104	201.78837	187.19368	150.81465	102.20554	56.024299	23.869249	7.6962389	1.9057267	0.38814890	0.071170215	0.012613817	0.0022532047	0.00040871034	7.7013381e-05	1.5111788e-05	3.0347766e-06	0.0000000	0.0000000	0.0000000	0.0000000	0.0000000	0.0000000	0.0000000	0.0000000	0.0000000
10.6570	0.0000000	0.0000000	0.0000000	0.0000000	0.0000000	0.0000000	0.0000000	0.0000000	0.0000000	0.0000000	0.0000000	0.0000000	0.0000000	0.0000000	0.0000000	0.0000000	0.0000000	0.0000000	0.0000000	0.0000000	0.0000000	0.0000000	0.0000000	0.0000000	0.0000000	0.0000000	0.0000000	0.0000000	0.0000000	0.0000000	0.0000000	0.0000000	0.0000000	0.0000000	0.0000000	0.0000000	0.0000000	0.0000000	0.0000000	0.0000000	2.7790625e-11	7.6120448e-09	9.1105430e-07	5.7066209e-05	0.0019006417	0.033500834	0.30753202	1.5116387	4.5874738	10.267546	19.044496	31.079409	45.996355	62.610877	78.599357	90.601721	94.840589	88.571995	71.967886	49.261162	27.302076	11.767730	3.8391291	0.96166600	0.19803768	0.036691768	0.0065686639	0.0011849314	0.00022010938	4.2364523e-05	8.4595683e-06	1.7207927e-06	0.0000000	0.0000000	0.0000000	0.0000000	0.0000000	0.0000000	0.0000000	0.0000000	0.0000000
12.6800	0.0000000	0.0000000	0.0000000	0.0000000	0.0000000	0.0000000	0.0000000	0.0000000	0.0000000	0.0000000	0.0000000	0.0000000	0.0000000	0.0000000	0.0000000	0.0000000	0.0000000	0.0000000	0.0000000	0.0000000	0.0000000	0.0000000	0.0000000	0.0000000	0.0000000	0.0000000	0.0000000	0.0000000	0.0000000	0.0000000	0.0000000	0.0000000	0.0000000	0.0000000	0.0000000	0.0000000	0.0000000	0.0000000	0.0000000	0.0000000	1.8744781e-10	3.6747297e-08	3.2364795e-06	0.00015502884	0.0040968763	0.059185207	0.45662211	1.9152670	5.0139104	9.7847784	16.000232	23.280329	31.060699	38.532007	44.508091	47.597125	46.541170	40.806766	31.240591	20.219490	10.635349	4.3669679	1.3625869	0.32774902	0.065050053	0.011651708	0.0020216846	0.00035417943	6.3996829e-05	1.1996258e-05	2.3351598e-06	4.6341944e-07	0.0000000	0.0000000	0.0000000	0.0000000	0.0000000	0.0000000	0.0000000	0.0000000	0.0000000
11.0230	0.0000000	0.0000000	0.0000000	0.0000000	0.0000000	0.0000000	0.0000000	0.0000000	0.0000000	0.0000000	0.0000000	0.0000000	0.0000000	0.0000000	0.0000000	0.0000000	0.0000000	0.0000000	0.0000000	0.0000000	0.0000000	0.0000000	0.0000000	0.0000000	0.0000000	0.0000000	0.0000000	0.0000000	0.0000000	0.0000000	0.0000000	0.0000000	0.0000000	0.0000000	0.0000000	0.0000000	0.0000000	0.0000000	0.0000000	0.0000000	2.2452799e-11	5.9371929e-09	6.9506150e-07	4.2991414e-05	0.0014203549	0.024842437	0.22637740	1.1061503	3.3467185	7.5030495	14.028598	23.201059	34.859350	48.098133	61.030277	70.870979	74.134569	68.291110	54.701164	36.924122	20.206057	8.6111622	2.7808406	0.69017559	0.14095329	0.025926678	0.0046128292	0.00082778126	0.00015324750	2.9478628e-05	5.9032059e-06	1.2087524e-06	0.0000000	0.0000000	0.0000000	0.0000000	0.0000000	0.0000000	0.0000000	0.0000000	0.0000000
10.1150	0.0000000	0.0000000	0.0000000	0.0000000	0.0000000	0.0000000	0.0000000	0.0000000	0.0000000	0.0000000	0.0000000	0.0000000	0.0000000	0.0000000	0.0000000	0.0000000	0.0000000	0.0000000	0.0000000	0.0000000	0.0000000	0.0000000	0.0000000	0.0000000	0.0000000	0.0000000	0.0000000	0.0000000	0.0000000	0.0000000	0.0000000	0.0000000	0.0000000	0.0000000	0.0000000	0.0000000	0.0000000	0.0000000	0.0000000	0.0000000	2.6137426e-12	7.6943200e-10	9.8882038e-08	6.6480779e-06	0.00023763152	0.0044956615	0.044306411	0.23378861	0.76093987	1.8227552	3.6094787	6.2692720	9.8238605	14.061871	18.445909	22.095084	23.901928	22.895152	18.969871	13.198018	7.3807587	3.1862328	1.0352327	0.25680278	0.052054307	0.0094271416	0.0016380344	0.00028521844	5.0974366e-05	9.6218138e-06	1.9514966e-06	4.0326676e-07	0.0000000	0.0000000	0.0000000	0.0000000	0.0000000	0.0000000	0.0000000	0.0000000	0.0000000
