# DO NOT EDIT: written Thu Mar 14 18:48:37 2019 by wrt_emiss_fe17.pro
# faked emissivities [1e-23 ergs cm^3/s] for Fe17 lines from Del Zanna 2011, A&A 536, A59
# emissivities include ion balance, but not abundance, and are spline and ion balance jittered off of emiss_Fe17_00000.txt
# line 6 -- SEED, LOGT
# lines 7+ -- WVL, EMISSIVITY
      377584	4.00	4.05	4.10	4.15	4.20	4.25	4.30	4.35	4.40	4.45	4.50	4.55	4.60	4.65	4.70	4.75	4.80	4.85	4.90	4.95	5.00	5.05	5.10	5.15	5.20	5.25	5.30	5.35	5.40	5.45	5.50	5.55	5.60	5.65	5.70	5.75	5.80	5.85	5.90	5.95	6.00	6.05	6.10	6.15	6.20	6.25	6.30	6.35	6.40	6.45	6.50	6.55	6.60	6.65	6.70	6.75	6.80	6.85	6.90	6.95	7.00	7.05	7.10	7.15	7.20	7.25	7.30	7.35	7.40	7.45	7.50	7.55	7.60	7.65	7.70	7.75	7.80	7.85	7.90	7.95	8.00
15.0130	0.0000000	0.0000000	0.0000000	0.0000000	0.0000000	0.0000000	0.0000000	0.0000000	0.0000000	0.0000000	0.0000000	0.0000000	0.0000000	0.0000000	0.0000000	0.0000000	0.0000000	0.0000000	0.0000000	0.0000000	0.0000000	0.0000000	0.0000000	0.0000000	0.0000000	0.0000000	0.0000000	0.0000000	0.0000000	0.0000000	0.0000000	0.0000000	0.0000000	0.0000000	0.0000000	0.0000000	0.0000000	0.0000000	0.0000000	0.0000000	0.0000000	1.5070771e-06	0.00019083868	0.012208540	0.39975014	6.6595036	55.589639	243.33762	656.99813	1311.7472	2183.4872	3228.6122	4370.7011	5486.0205	6401.5825	6917.9458	6855.0463	6128.6339	4831.3150	3261.0921	1819.3721	809.47368	279.86993	75.272884	16.378993	3.0914350	0.54543121	0.095114166	0.016934766	0.0031235347	0.00059936239	0.00011950704	1.1505553e-05	0.0000000	0.0000000	0.0000000	0.0000000	0.0000000	0.0000000	0.0000000	0.0000000
17.0510	0.0000000	0.0000000	0.0000000	0.0000000	0.0000000	0.0000000	0.0000000	0.0000000	0.0000000	0.0000000	0.0000000	0.0000000	0.0000000	0.0000000	0.0000000	0.0000000	0.0000000	0.0000000	0.0000000	0.0000000	0.0000000	0.0000000	0.0000000	0.0000000	0.0000000	0.0000000	0.0000000	0.0000000	0.0000000	0.0000000	0.0000000	0.0000000	0.0000000	0.0000000	0.0000000	0.0000000	0.0000000	0.0000000	0.0000000	0.0000000	0.0000000	2.4745052e-06	0.00028103144	0.016375056	0.49228224	7.5756461	58.691002	239.41851	604.66340	1133.1974	1775.8198	2477.5466	3169.7292	3764.7422	4160.7871	4262.0705	4006.4308	3400.1999	2545.4951	1632.0571	865.11120	365.85651	120.32010	30.825730	6.4025093	1.1563591	0.19577225	0.032853345	0.0056448798	0.0010074568	0.00018747102	3.6307679e-05	3.3992564e-06	0.0000000	0.0000000	0.0000000	0.0000000	0.0000000	0.0000000	0.0000000	0.0000000
17.0960	0.0000000	0.0000000	0.0000000	0.0000000	0.0000000	0.0000000	0.0000000	0.0000000	0.0000000	0.0000000	0.0000000	0.0000000	0.0000000	0.0000000	0.0000000	0.0000000	0.0000000	0.0000000	0.0000000	0.0000000	0.0000000	0.0000000	0.0000000	0.0000000	0.0000000	0.0000000	0.0000000	0.0000000	0.0000000	0.0000000	0.0000000	0.0000000	0.0000000	0.0000000	0.0000000	0.0000000	0.0000000	0.0000000	0.0000000	0.0000000	0.0000000	2.8330864e-06	0.00031322494	0.017783459	0.52224038	7.8683325	59.763106	239.06409	591.71698	1085.6347	1663.6647	2268.0295	2833.6743	3284.9540	3542.2627	3539.3184	3244.3383	2684.2875	1958.3358	1222.8871	630.79275	259.29934	82.792540	20.571689	4.1403579	0.72421206	0.11871923	0.019289664	0.0032089322	0.00055445808	9.9878524e-05	1.8722442e-05	1.6961256e-06	0.0000000	0.0000000	0.0000000	0.0000000	0.0000000	0.0000000	0.0000000	0.0000000
16.7760	0.0000000	0.0000000	0.0000000	0.0000000	0.0000000	0.0000000	0.0000000	0.0000000	0.0000000	0.0000000	0.0000000	0.0000000	0.0000000	0.0000000	0.0000000	0.0000000	0.0000000	0.0000000	0.0000000	0.0000000	0.0000000	0.0000000	0.0000000	0.0000000	0.0000000	0.0000000	0.0000000	0.0000000	0.0000000	0.0000000	0.0000000	0.0000000	0.0000000	0.0000000	0.0000000	0.0000000	0.0000000	0.0000000	0.0000000	0.0000000	0.0000000	1.6794910e-06	0.00018709381	0.010788507	0.32245698	4.9438989	38.256785	156.29233	396.26694	746.88121	1178.5104	1656.4968	2133.9321	2549.7758	2833.5967	2917.9149	2757.1492	2352.4669	1771.2763	1142.7162	609.69052	259.55877	85.919258	22.147475	4.6254564	0.83939816	0.14266800	0.024014280	0.0041350426	0.00073894123	0.00013756355	2.6631248e-05	2.4902972e-06	0.0000000	0.0000000	0.0000000	0.0000000	0.0000000	0.0000000	0.0000000	0.0000000
15.2620	0.0000000	0.0000000	0.0000000	0.0000000	0.0000000	0.0000000	0.0000000	0.0000000	0.0000000	0.0000000	0.0000000	0.0000000	0.0000000	0.0000000	0.0000000	0.0000000	0.0000000	0.0000000	0.0000000	0.0000000	0.0000000	0.0000000	0.0000000	0.0000000	0.0000000	0.0000000	0.0000000	0.0000000	0.0000000	0.0000000	0.0000000	0.0000000	0.0000000	0.0000000	0.0000000	0.0000000	0.0000000	0.0000000	0.0000000	0.0000000	0.0000000	4.1361713e-07	5.1613739e-05	0.0032784396	0.10682750	1.7727301	14.738627	64.240354	172.65713	343.11355	568.52971	837.13575	1128.8459	1411.4594	1640.4229	1764.9929	1740.2966	1546.9874	1211.3275	811.12352	448.24421	197.19182	67.270282	17.809310	3.8043023	0.70312769	0.12126226	0.020650096	0.0035900506	0.00064709792	0.00012156732	2.3799671e-05	2.2687032e-06	0.0000000	0.0000000	0.0000000	0.0000000	0.0000000	0.0000000	0.0000000	0.0000000
12.1240	0.0000000	0.0000000	0.0000000	0.0000000	0.0000000	0.0000000	0.0000000	0.0000000	0.0000000	0.0000000	0.0000000	0.0000000	0.0000000	0.0000000	0.0000000	0.0000000	0.0000000	0.0000000	0.0000000	0.0000000	0.0000000	0.0000000	0.0000000	0.0000000	0.0000000	0.0000000	0.0000000	0.0000000	0.0000000	0.0000000	0.0000000	0.0000000	0.0000000	0.0000000	0.0000000	0.0000000	0.0000000	0.0000000	0.0000000	0.0000000	0.0000000	3.1496528e-08	4.9708483e-06	0.00038811872	0.015162600	0.29525686	2.8286705	13.992273	42.133139	92.725199	168.33696	268.84711	389.53226	518.78569	637.26653	719.86280	740.95476	684.20973	554.25772	382.68737	217.49964	98.224631	34.365494	9.3323561	2.0471721	0.38905105	0.069048009	0.012104182	0.0021657186	0.00040141779	7.7407843e-05	1.5511101e-05	1.5014178e-06	0.0000000	0.0000000	0.0000000	0.0000000	0.0000000	0.0000000	0.0000000	0.0000000
12.2640	0.0000000	0.0000000	0.0000000	0.0000000	0.0000000	0.0000000	0.0000000	0.0000000	0.0000000	0.0000000	0.0000000	0.0000000	0.0000000	0.0000000	0.0000000	0.0000000	0.0000000	0.0000000	0.0000000	0.0000000	0.0000000	0.0000000	0.0000000	0.0000000	0.0000000	0.0000000	0.0000000	0.0000000	0.0000000	0.0000000	0.0000000	0.0000000	0.0000000	0.0000000	0.0000000	0.0000000	0.0000000	0.0000000	0.0000000	0.0000000	0.0000000	3.2219236e-08	5.0094334e-06	0.00038694379	0.015011445	0.29119151	2.7852421	13.769673	41.449394	91.226193	165.74175	265.15549	385.32440	515.50267	636.91577	724.22619	750.62189	697.87065	568.87035	394.93146	225.48479	102.18369	35.825448	9.7324262	2.1309003	0.40298514	0.070921877	0.012289265	0.0021677046	0.00039527813	7.4883458e-05	1.4731851e-05	1.4003519e-06	0.0000000	0.0000000	0.0000000	0.0000000	0.0000000	0.0000000	0.0000000	0.0000000
13.8250	0.0000000	0.0000000	0.0000000	0.0000000	0.0000000	0.0000000	0.0000000	0.0000000	0.0000000	0.0000000	0.0000000	0.0000000	0.0000000	0.0000000	0.0000000	0.0000000	0.0000000	0.0000000	0.0000000	0.0000000	0.0000000	0.0000000	0.0000000	0.0000000	0.0000000	0.0000000	0.0000000	0.0000000	0.0000000	0.0000000	0.0000000	0.0000000	0.0000000	0.0000000	0.0000000	0.0000000	0.0000000	0.0000000	0.0000000	0.0000000	0.0000000	5.6372922e-08	7.5185014e-06	0.00050988454	0.017750332	0.31505833	2.8025665	13.041577	37.228206	78.126649	136.02652	209.58860	294.89333	384.21387	465.11306	520.93370	534.11265	492.80804	399.53993	276.26681	157.34129	71.258907	25.026046	6.8290768	1.5071738	0.28860913	0.051685634	0.0091533720	0.0016557827	0.00031034791	6.0497198e-05	1.2242792e-05	1.1946435e-06	0.0000000	0.0000000	0.0000000	0.0000000	0.0000000	0.0000000	0.0000000	0.0000000
15.4530	0.0000000	0.0000000	0.0000000	0.0000000	0.0000000	0.0000000	0.0000000	0.0000000	0.0000000	0.0000000	0.0000000	0.0000000	0.0000000	0.0000000	0.0000000	0.0000000	0.0000000	0.0000000	0.0000000	0.0000000	0.0000000	0.0000000	0.0000000	0.0000000	0.0000000	0.0000000	0.0000000	0.0000000	0.0000000	0.0000000	0.0000000	0.0000000	0.0000000	0.0000000	0.0000000	0.0000000	0.0000000	0.0000000	0.0000000	0.0000000	0.0000000	1.1556673e-07	1.3917301e-05	0.00085124178	0.026657939	0.42448520	3.3820848	14.106900	36.222553	68.640498	108.22489	151.28803	193.24243	228.34671	250.24085	253.36344	234.70048	195.76086	143.70309	90.169054	46.702072	19.273533	6.1788565	1.5418175	0.31170726	0.054776326	0.0090210862	0.0014726884	0.00024622688	4.2781112e-05	7.7541072e-06	1.4635234e-06	1.3359974e-07	0.0000000	0.0000000	0.0000000	0.0000000	0.0000000	0.0000000	0.0000000	0.0000000
11.2500	0.0000000	0.0000000	0.0000000	0.0000000	0.0000000	0.0000000	0.0000000	0.0000000	0.0000000	0.0000000	0.0000000	0.0000000	0.0000000	0.0000000	0.0000000	0.0000000	0.0000000	0.0000000	0.0000000	0.0000000	0.0000000	0.0000000	0.0000000	0.0000000	0.0000000	0.0000000	0.0000000	0.0000000	0.0000000	0.0000000	0.0000000	0.0000000	0.0000000	0.0000000	0.0000000	0.0000000	0.0000000	0.0000000	0.0000000	0.0000000	0.0000000	7.0748957e-09	1.2216829e-06	0.00010395411	0.0044039954	0.092434403	0.94758501	4.9729234	15.737773	36.037065	67.322901	109.30189	159.46873	213.48590	264.49825	302.43274	316.11744	297.25945	245.76667	173.47241	100.89443	46.647462	16.704540	4.6391845	1.0393242	0.20133481	0.036325782	0.0064521325	0.0011656685	0.00021741045	4.2041833e-05	8.4184813e-06	8.1127723e-07	0.0000000	0.0000000	0.0000000	0.0000000	0.0000000	0.0000000	0.0000000	0.0000000
11.1290	0.0000000	0.0000000	0.0000000	0.0000000	0.0000000	0.0000000	0.0000000	0.0000000	0.0000000	0.0000000	0.0000000	0.0000000	0.0000000	0.0000000	0.0000000	0.0000000	0.0000000	0.0000000	0.0000000	0.0000000	0.0000000	0.0000000	0.0000000	0.0000000	0.0000000	0.0000000	0.0000000	0.0000000	0.0000000	0.0000000	0.0000000	0.0000000	0.0000000	0.0000000	0.0000000	0.0000000	0.0000000	0.0000000	0.0000000	0.0000000	0.0000000	5.0020231e-09	8.6612447e-07	7.3511043e-05	0.0030959937	0.064503652	0.65651706	3.4264478	10.817042	24.823206	46.771294	77.216009	115.26281	157.70792	198.48959	229.14144	240.45239	225.84302	185.65826	129.79307	74.545883	33.965389	11.973061	3.2723694	0.72189022	0.13788987	0.024582417	0.0043258528	0.00077642934	0.00014426195	2.7865436e-05	5.5873450e-06	5.4036283e-07	0.0000000	0.0000000	0.0000000	0.0000000	0.0000000	0.0000000	0.0000000	0.0000000
16.3360	0.0000000	0.0000000	0.0000000	0.0000000	0.0000000	0.0000000	0.0000000	0.0000000	0.0000000	0.0000000	0.0000000	0.0000000	0.0000000	0.0000000	0.0000000	0.0000000	0.0000000	0.0000000	0.0000000	0.0000000	0.0000000	0.0000000	0.0000000	0.0000000	0.0000000	0.0000000	0.0000000	0.0000000	0.0000000	0.0000000	0.0000000	0.0000000	0.0000000	0.0000000	0.0000000	0.0000000	0.0000000	0.0000000	0.0000000	0.0000000	0.0000000	5.2155396e-08	5.9935937e-06	0.00035239174	0.010691855	0.16623489	1.3017754	5.3662616	13.680811	25.825921	40.676378	56.932871	72.960831	86.701221	95.793393	98.027652	91.994240	77.890512	58.127737	37.127374	19.596684	8.2490807	2.6992571	0.68784006	0.14205516	0.025502545	0.0042904981	0.00071537873	0.00012211802	2.1651126e-05	4.0016227e-06	7.6950251e-07	7.1500122e-08	0.0000000	0.0000000	0.0000000	0.0000000	0.0000000	0.0000000	0.0000000	0.0000000
13.8900	0.0000000	0.0000000	0.0000000	0.0000000	0.0000000	0.0000000	0.0000000	0.0000000	0.0000000	0.0000000	0.0000000	0.0000000	0.0000000	0.0000000	0.0000000	0.0000000	0.0000000	0.0000000	0.0000000	0.0000000	0.0000000	0.0000000	0.0000000	0.0000000	0.0000000	0.0000000	0.0000000	0.0000000	0.0000000	0.0000000	0.0000000	0.0000000	0.0000000	0.0000000	0.0000000	0.0000000	0.0000000	0.0000000	0.0000000	0.0000000	0.0000000	2.2743461e-08	2.8717441e-06	0.00018362043	0.0060105784	0.10017378	0.83604725	3.6450326	9.7210104	18.996971	30.711746	44.891357	60.187505	74.653484	86.051728	91.831761	89.797743	79.114539	61.319621	40.573082	22.131375	9.6088959	3.2385101	0.84908776	0.18027993	0.033255735	0.0057456450	0.00098325986	0.00017217705	3.1298021e-05	5.9283498e-06	1.1680166e-06	1.1402989e-07	0.0000000	0.0000000	0.0000000	0.0000000	0.0000000	0.0000000	0.0000000	0.0000000
16.0040	0.0000000	0.0000000	0.0000000	0.0000000	0.0000000	0.0000000	0.0000000	0.0000000	0.0000000	0.0000000	0.0000000	0.0000000	0.0000000	0.0000000	0.0000000	0.0000000	0.0000000	0.0000000	0.0000000	0.0000000	0.0000000	0.0000000	0.0000000	0.0000000	0.0000000	0.0000000	0.0000000	0.0000000	0.0000000	0.0000000	0.0000000	0.0000000	0.0000000	0.0000000	0.0000000	0.0000000	0.0000000	0.0000000	0.0000000	0.0000000	0.0000000	3.3026729e-08	3.9423206e-06	0.00023981764	0.0074903131	0.11929136	0.95348821	4.0031071	10.383987	19.941955	31.944571	45.453500	59.179219	71.393226	80.038017	83.091171	79.103944	67.941327	51.427565	33.303965	17.807048	7.5839733	2.5074798	0.64483353	0.13423918	0.024263991	0.0041052125	0.00068758253	0.00011776727	2.0923123e-05	3.8693074e-06	7.4318125e-07	6.8834552e-08	0.0000000	0.0000000	0.0000000	0.0000000	0.0000000	0.0000000	0.0000000	0.0000000
10.7700	0.0000000	0.0000000	0.0000000	0.0000000	0.0000000	0.0000000	0.0000000	0.0000000	0.0000000	0.0000000	0.0000000	0.0000000	0.0000000	0.0000000	0.0000000	0.0000000	0.0000000	0.0000000	0.0000000	0.0000000	0.0000000	0.0000000	0.0000000	0.0000000	0.0000000	0.0000000	0.0000000	0.0000000	0.0000000	0.0000000	0.0000000	0.0000000	0.0000000	0.0000000	0.0000000	0.0000000	0.0000000	0.0000000	0.0000000	0.0000000	0.0000000	2.8295203e-09	5.2193114e-07	4.7063995e-05	0.0020980638	0.046039817	0.49086821	2.6591185	8.6053064	20.150982	38.589486	64.546681	97.401535	134.56097	170.95446	199.21824	211.02695	200.07319	165.35945	115.68302	66.429729	30.237650	10.640717	2.9012438	0.63807168	0.12144464	0.021561517	0.0037763068	0.00067413449	0.00012449005	2.3882569e-05	4.7538365e-06	4.5629038e-07	0.0000000	0.0000000	0.0000000	0.0000000	0.0000000	0.0000000	0.0000000	0.0000000
10.6570	0.0000000	0.0000000	0.0000000	0.0000000	0.0000000	0.0000000	0.0000000	0.0000000	0.0000000	0.0000000	0.0000000	0.0000000	0.0000000	0.0000000	0.0000000	0.0000000	0.0000000	0.0000000	0.0000000	0.0000000	0.0000000	0.0000000	0.0000000	0.0000000	0.0000000	0.0000000	0.0000000	0.0000000	0.0000000	0.0000000	0.0000000	0.0000000	0.0000000	0.0000000	0.0000000	0.0000000	0.0000000	0.0000000	0.0000000	0.0000000	0.0000000	1.2964145e-09	2.3546030e-07	2.1078814e-05	0.00094461945	0.021169980	0.23449883	1.3447660	4.6192927	11.151527	20.899932	31.726333	47.182543	71.952408	96.810191	112.98278	119.78891	113.60558	94.247150	66.460143	38.480440	17.662882	6.2676524	1.7229414	0.38194383	0.073262901	0.013112003	0.0023161960	0.00041731370	7.7829846e-05	1.5087838e-05	3.0358490e-06	2.9457858e-07	0.0000000	0.0000000	0.0000000	0.0000000	0.0000000	0.0000000	0.0000000	0.0000000
12.6800	0.0000000	0.0000000	0.0000000	0.0000000	0.0000000	0.0000000	0.0000000	0.0000000	0.0000000	0.0000000	0.0000000	0.0000000	0.0000000	0.0000000	0.0000000	0.0000000	0.0000000	0.0000000	0.0000000	0.0000000	0.0000000	0.0000000	0.0000000	0.0000000	0.0000000	0.0000000	0.0000000	0.0000000	0.0000000	0.0000000	0.0000000	0.0000000	0.0000000	0.0000000	0.0000000	0.0000000	0.0000000	0.0000000	0.0000000	0.0000000	0.0000000	6.3244759e-09	8.9868470e-07	6.4519411e-05	0.0023656509	0.043978287	0.40631665	1.9385752	5.6050796	11.790161	20.383503	30.386021	41.051016	51.374036	59.760785	64.353218	63.471059	56.346847	43.960609	29.283967	16.089378	7.0393098	2.2713896	0.56039063	0.11308198	0.020403980	0.0035386335	0.00062062598	0.00011301583	2.1544386e-05	4.2919519e-06	8.8790611e-07	8.5210869e-08	0.0000000	0.0000000	0.0000000	0.0000000	0.0000000	0.0000000	0.0000000	0.0000000
11.0230	0.0000000	0.0000000	0.0000000	0.0000000	0.0000000	0.0000000	0.0000000	0.0000000	0.0000000	0.0000000	0.0000000	0.0000000	0.0000000	0.0000000	0.0000000	0.0000000	0.0000000	0.0000000	0.0000000	0.0000000	0.0000000	0.0000000	0.0000000	0.0000000	0.0000000	0.0000000	0.0000000	0.0000000	0.0000000	0.0000000	0.0000000	0.0000000	0.0000000	0.0000000	0.0000000	0.0000000	0.0000000	0.0000000	0.0000000	0.0000000	0.0000000	1.0895425e-09	1.8751185e-07	1.5982009e-05	0.00068440418	0.014599434	0.15271994	0.82034238	2.6634821	6.2738682	12.110797	20.460306	31.222715	43.628973	56.008476	65.835067	70.241841	67.025183	55.966130	39.755988	23.216756	10.758343	3.8547843	1.0695346	0.23908924	0.046191451	0.0083151972	0.0014754920	0.00026697813	5.0050495e-05	9.7699440e-06	1.9839864e-06	1.9479726e-07	0.0000000	0.0000000	0.0000000	0.0000000	0.0000000	0.0000000	0.0000000	0.0000000
10.1150	0.0000000	0.0000000	0.0000000	0.0000000	0.0000000	0.0000000	0.0000000	0.0000000	0.0000000	0.0000000	0.0000000	0.0000000	0.0000000	0.0000000	0.0000000	0.0000000	0.0000000	0.0000000	0.0000000	0.0000000	0.0000000	0.0000000	0.0000000	0.0000000	0.0000000	0.0000000	0.0000000	0.0000000	0.0000000	0.0000000	0.0000000	0.0000000	0.0000000	0.0000000	0.0000000	0.0000000	0.0000000	0.0000000	0.0000000	0.0000000	0.0000000	1.4786389e-10	2.9365668e-08	2.8307511e-06	0.00013427903	0.0031274883	0.035328117	0.20308509	0.70010582	1.7376175	3.5089883	6.1617032	9.7236643	14.002173	18.492514	22.351752	24.493363	23.946696	20.413831	14.733614	8.6935733	4.0508475	1.4539988	0.40285178	0.089655471	0.017184063	0.0030576893	0.00053646064	9.6476339e-05	1.8174524e-05	3.6208278e-06	7.5916715e-07	7.7357196e-08	0.0000000	0.0000000	0.0000000	0.0000000	0.0000000	0.0000000	0.0000000	0.0000000
