# DO NOT EDIT: written Thu Mar 14 18:48:37 2019 by wrt_emiss_fe17.pro
# faked emissivities [1e-23 ergs cm^3/s] for Fe17 lines from Del Zanna 2011, A&A 536, A59
# emissivities include ion balance, but not abundance, and are spline and ion balance jittered off of emiss_Fe17_00000.txt
# line 6 -- SEED, LOGT
# lines 7+ -- WVL, EMISSIVITY
       59917	4.00	4.05	4.10	4.15	4.20	4.25	4.30	4.35	4.40	4.45	4.50	4.55	4.60	4.65	4.70	4.75	4.80	4.85	4.90	4.95	5.00	5.05	5.10	5.15	5.20	5.25	5.30	5.35	5.40	5.45	5.50	5.55	5.60	5.65	5.70	5.75	5.80	5.85	5.90	5.95	6.00	6.05	6.10	6.15	6.20	6.25	6.30	6.35	6.40	6.45	6.50	6.55	6.60	6.65	6.70	6.75	6.80	6.85	6.90	6.95	7.00	7.05	7.10	7.15	7.20	7.25	7.30	7.35	7.40	7.45	7.50	7.55	7.60	7.65	7.70	7.75	7.80	7.85	7.90	7.95	8.00
15.0130	0.0000000	0.0000000	0.0000000	0.0000000	0.0000000	0.0000000	0.0000000	0.0000000	0.0000000	0.0000000	0.0000000	0.0000000	0.0000000	0.0000000	0.0000000	0.0000000	0.0000000	0.0000000	0.0000000	0.0000000	0.0000000	0.0000000	0.0000000	0.0000000	0.0000000	0.0000000	0.0000000	0.0000000	0.0000000	0.0000000	0.0000000	0.0000000	0.0000000	0.0000000	0.0000000	0.0000000	0.0000000	0.0000000	0.0000000	0.0000000	0.0000000	1.3473360e-06	0.00016746573	0.010634665	0.34740245	5.7907041	48.299439	210.10920	564.24962	1134.9733	1929.8255	2934.0052	4081.3695	5245.3598	6240.0896	6801.1861	6664.1794	5866.3430	4523.6500	2957.9249	1575.6963	656.45781	208.03781	50.801148	10.209991	1.8444048	0.32162139	0.056522028	0.010241506	0.0019268069	0.00037713849	7.6512012e-05	6.1684105e-07	0.0000000	0.0000000	0.0000000	0.0000000	0.0000000	0.0000000	0.0000000	0.0000000
17.0510	0.0000000	0.0000000	0.0000000	0.0000000	0.0000000	0.0000000	0.0000000	0.0000000	0.0000000	0.0000000	0.0000000	0.0000000	0.0000000	0.0000000	0.0000000	0.0000000	0.0000000	0.0000000	0.0000000	0.0000000	0.0000000	0.0000000	0.0000000	0.0000000	0.0000000	0.0000000	0.0000000	0.0000000	0.0000000	0.0000000	0.0000000	0.0000000	0.0000000	0.0000000	0.0000000	0.0000000	0.0000000	0.0000000	0.0000000	0.0000000	0.0000000	2.9470632e-06	0.00033079936	0.019076366	0.56685371	8.5959874	65.178585	257.53778	627.81138	1145.9035	1768.0885	2446.1719	3115.5344	3690.3938	4069.1514	4155.3869	3885.9440	3268.3487	2409.7116	1507.0919	768.05645	306.17258	92.866651	21.721167	4.1866854	0.72646170	0.12188845	0.020647345	0.0036124857	0.00065737867	0.00012461597	2.4502832e-05	1.9152600e-07	0.0000000	0.0000000	0.0000000	0.0000000	0.0000000	0.0000000	0.0000000	0.0000000
17.0960	0.0000000	0.0000000	0.0000000	0.0000000	0.0000000	0.0000000	0.0000000	0.0000000	0.0000000	0.0000000	0.0000000	0.0000000	0.0000000	0.0000000	0.0000000	0.0000000	0.0000000	0.0000000	0.0000000	0.0000000	0.0000000	0.0000000	0.0000000	0.0000000	0.0000000	0.0000000	0.0000000	0.0000000	0.0000000	0.0000000	0.0000000	0.0000000	0.0000000	0.0000000	0.0000000	0.0000000	0.0000000	0.0000000	0.0000000	0.0000000	0.0000000	2.7745145e-06	0.00032319266	0.019297889	0.58099804	8.7624634	65.216038	250.77985	592.87135	1051.8076	1588.5178	2164.4518	2725.2648	3195.7692	3485.8283	3511.8678	3229.7297	2663.7113	1920.4954	1171.3547	580.55269	224.44889	65.858850	14.870070	2.7620136	0.46125749	0.074431383	0.012122716	0.0020393216	0.00035689498	6.5093308e-05	1.2322164e-05	9.2797661e-08	0.0000000	0.0000000	0.0000000	0.0000000	0.0000000	0.0000000	0.0000000	0.0000000
16.7760	0.0000000	0.0000000	0.0000000	0.0000000	0.0000000	0.0000000	0.0000000	0.0000000	0.0000000	0.0000000	0.0000000	0.0000000	0.0000000	0.0000000	0.0000000	0.0000000	0.0000000	0.0000000	0.0000000	0.0000000	0.0000000	0.0000000	0.0000000	0.0000000	0.0000000	0.0000000	0.0000000	0.0000000	0.0000000	0.0000000	0.0000000	0.0000000	0.0000000	0.0000000	0.0000000	0.0000000	0.0000000	0.0000000	0.0000000	0.0000000	0.0000000	2.2496383e-06	0.00025405355	0.014708112	0.43896575	6.6959146	51.161371	204.04555	502.69597	927.70930	1446.8367	2021.0358	2592.9925	3086.1929	3412.1444	3487.5757	3259.0648	2735.3774	2010.4736	1252.5365	635.49752	252.08494	76.051090	17.685455	3.3878284	0.58404206	0.097337127	0.016376003	0.0028453613	0.00051419328	9.6883620e-05	1.8983448e-05	1.4850616e-07	0.0000000	0.0000000	0.0000000	0.0000000	0.0000000	0.0000000	0.0000000	0.0000000
15.2620	0.0000000	0.0000000	0.0000000	0.0000000	0.0000000	0.0000000	0.0000000	0.0000000	0.0000000	0.0000000	0.0000000	0.0000000	0.0000000	0.0000000	0.0000000	0.0000000	0.0000000	0.0000000	0.0000000	0.0000000	0.0000000	0.0000000	0.0000000	0.0000000	0.0000000	0.0000000	0.0000000	0.0000000	0.0000000	0.0000000	0.0000000	0.0000000	0.0000000	0.0000000	0.0000000	0.0000000	0.0000000	0.0000000	0.0000000	0.0000000	0.0000000	4.9049844e-07	6.0035443e-05	0.0037421033	0.11955971	1.9431577	15.769068	66.720688	174.57699	343.41508	574.42873	867.03020	1199.7928	1515.4540	1724.1852	1733.7570	1514.8493	1214.0662	932.12434	607.00168	322.08971	133.68327	42.210178	10.270468	2.0570066	0.37035794	0.064377484	0.011280045	0.0020381974	0.00038247137	7.4685504e-05	1.5118527e-05	1.2163077e-07	0.0000000	0.0000000	0.0000000	0.0000000	0.0000000	0.0000000	0.0000000	0.0000000
12.1240	0.0000000	0.0000000	0.0000000	0.0000000	0.0000000	0.0000000	0.0000000	0.0000000	0.0000000	0.0000000	0.0000000	0.0000000	0.0000000	0.0000000	0.0000000	0.0000000	0.0000000	0.0000000	0.0000000	0.0000000	0.0000000	0.0000000	0.0000000	0.0000000	0.0000000	0.0000000	0.0000000	0.0000000	0.0000000	0.0000000	0.0000000	0.0000000	0.0000000	0.0000000	0.0000000	0.0000000	0.0000000	0.0000000	0.0000000	0.0000000	0.0000000	3.5687937e-08	5.5822669e-06	0.00043386165	0.016888124	0.32716082	3.0994299	15.006096	44.051064	95.264538	171.54254	273.11981	395.06355	524.79207	641.28905	717.73069	728.21404	658.76093	518.58948	344.15415	185.10512	77.512518	24.598044	5.9988515	1.2119164	0.22142896	0.038992962	0.0069102520	0.0012609376	0.00023860953	4.6909802e-05	9.5431785e-06	7.7039133e-08	0.0000000	0.0000000	0.0000000	0.0000000	0.0000000	0.0000000	0.0000000	0.0000000
12.2640	0.0000000	0.0000000	0.0000000	0.0000000	0.0000000	0.0000000	0.0000000	0.0000000	0.0000000	0.0000000	0.0000000	0.0000000	0.0000000	0.0000000	0.0000000	0.0000000	0.0000000	0.0000000	0.0000000	0.0000000	0.0000000	0.0000000	0.0000000	0.0000000	0.0000000	0.0000000	0.0000000	0.0000000	0.0000000	0.0000000	0.0000000	0.0000000	0.0000000	0.0000000	0.0000000	0.0000000	0.0000000	0.0000000	0.0000000	0.0000000	0.0000000	3.6146830e-08	5.6873008e-06	0.00044527644	0.017447951	0.33927690	3.2122722	15.472742	44.996531	96.101097	170.58891	267.61264	381.77017	501.31508	607.47926	676.72093	685.98411	622.06255	492.20772	329.11009	178.75164	75.742139	24.365367	6.0321098	1.2280684	0.22451209	0.039577049	0.0070230585	0.0012834088	0.00024322646	4.7886042e-05	9.7545426e-06	7.8839006e-08	0.0000000	0.0000000	0.0000000	0.0000000	0.0000000	0.0000000	0.0000000	0.0000000
13.8250	0.0000000	0.0000000	0.0000000	0.0000000	0.0000000	0.0000000	0.0000000	0.0000000	0.0000000	0.0000000	0.0000000	0.0000000	0.0000000	0.0000000	0.0000000	0.0000000	0.0000000	0.0000000	0.0000000	0.0000000	0.0000000	0.0000000	0.0000000	0.0000000	0.0000000	0.0000000	0.0000000	0.0000000	0.0000000	0.0000000	0.0000000	0.0000000	0.0000000	0.0000000	0.0000000	0.0000000	0.0000000	0.0000000	0.0000000	0.0000000	0.0000000	6.6618815e-08	8.8721547e-06	0.00060093736	0.020843222	0.36705769	3.2139553	14.553866	40.246356	82.472434	141.59960	216.44814	303.00062	393.16058	473.87563	527.80720	536.88648	489.53257	389.79664	262.26360	143.31649	61.102527	19.783997	4.9325249	1.0123664	0.18691506	0.033346071	0.0059989453	0.0011123760	0.00021390217	4.2685659e-05	8.7952194e-06	7.1683872e-08	0.0000000	0.0000000	0.0000000	0.0000000	0.0000000	0.0000000	0.0000000	0.0000000
15.4530	0.0000000	0.0000000	0.0000000	0.0000000	0.0000000	0.0000000	0.0000000	0.0000000	0.0000000	0.0000000	0.0000000	0.0000000	0.0000000	0.0000000	0.0000000	0.0000000	0.0000000	0.0000000	0.0000000	0.0000000	0.0000000	0.0000000	0.0000000	0.0000000	0.0000000	0.0000000	0.0000000	0.0000000	0.0000000	0.0000000	0.0000000	0.0000000	0.0000000	0.0000000	0.0000000	0.0000000	0.0000000	0.0000000	0.0000000	0.0000000	0.0000000	1.7154084e-07	2.0800776e-05	0.0012739868	0.039649241	0.62224970	4.8324492	19.380293	47.573972	86.865941	133.40365	182.95040	230.15435	268.37163	290.39055	290.16869	264.81922	216.88009	155.42659	94.358780	46.637821	18.022659	5.2987018	1.2015812	0.22466609	0.037847434	0.0061717003	0.0010173925	0.00017347305	3.0809038e-05	5.7080563e-06	1.0983824e-06	8.4119550e-09	0.0000000	0.0000000	0.0000000	0.0000000	0.0000000	0.0000000	0.0000000	0.0000000
11.2500	0.0000000	0.0000000	0.0000000	0.0000000	0.0000000	0.0000000	0.0000000	0.0000000	0.0000000	0.0000000	0.0000000	0.0000000	0.0000000	0.0000000	0.0000000	0.0000000	0.0000000	0.0000000	0.0000000	0.0000000	0.0000000	0.0000000	0.0000000	0.0000000	0.0000000	0.0000000	0.0000000	0.0000000	0.0000000	0.0000000	0.0000000	0.0000000	0.0000000	0.0000000	0.0000000	0.0000000	0.0000000	0.0000000	0.0000000	0.0000000	0.0000000	9.0058999e-09	1.5385360e-06	0.00012886287	0.0053425290	0.10910892	1.0799445	5.4193821	16.380829	36.293300	66.702573	108.11130	158.96145	214.54921	266.45153	303.38298	313.53940	289.21543	232.36313	157.51591	86.614870	37.110685	12.056889	3.0109632	0.61772815	0.11372569	0.020176269	0.0036012329	0.00066156476	0.00012596631	2.4902099e-05	5.0902640e-06	4.1250434e-08	0.0000000	0.0000000	0.0000000	0.0000000	0.0000000	0.0000000	0.0000000	0.0000000
11.1290	0.0000000	0.0000000	0.0000000	0.0000000	0.0000000	0.0000000	0.0000000	0.0000000	0.0000000	0.0000000	0.0000000	0.0000000	0.0000000	0.0000000	0.0000000	0.0000000	0.0000000	0.0000000	0.0000000	0.0000000	0.0000000	0.0000000	0.0000000	0.0000000	0.0000000	0.0000000	0.0000000	0.0000000	0.0000000	0.0000000	0.0000000	0.0000000	0.0000000	0.0000000	0.0000000	0.0000000	0.0000000	0.0000000	0.0000000	0.0000000	0.0000000	6.8115865e-09	1.1782862e-06	9.9881757e-05	0.0041892463	0.086515462	0.86548666	4.3868158	13.381582	29.393576	52.804717	83.603246	120.10132	158.55120	192.99511	216.02989	220.24106	201.04472	160.30246	108.11387	59.275047	25.368416	8.2458485	2.0631898	0.42464468	0.078517747	0.014002772	0.0025140430	0.00046476920	8.9079542e-05	1.7728044e-05	3.6478367e-06	2.9746761e-08	0.0000000	0.0000000	0.0000000	0.0000000	0.0000000	0.0000000	0.0000000	0.0000000
16.3360	0.0000000	0.0000000	0.0000000	0.0000000	0.0000000	0.0000000	0.0000000	0.0000000	0.0000000	0.0000000	0.0000000	0.0000000	0.0000000	0.0000000	0.0000000	0.0000000	0.0000000	0.0000000	0.0000000	0.0000000	0.0000000	0.0000000	0.0000000	0.0000000	0.0000000	0.0000000	0.0000000	0.0000000	0.0000000	0.0000000	0.0000000	0.0000000	0.0000000	0.0000000	0.0000000	0.0000000	0.0000000	0.0000000	0.0000000	0.0000000	0.0000000	6.5794190e-08	7.4891010e-06	0.00043425655	0.012915849	0.19549422	1.4758106	5.7921809	13.995256	25.265457	38.515045	52.633612	66.220444	77.519571	84.539149	85.458184	79.176186	66.028458	48.301567	29.996770	15.195351	6.0278022	1.8215420	0.42502906	0.081837215	0.014204156	0.0023872689	0.00040567552	7.1302383e-05	1.3050639e-05	2.4908128e-06	4.9330585e-07	3.8810699e-09	0.0000000	0.0000000	0.0000000	0.0000000	0.0000000	0.0000000	0.0000000	0.0000000
13.8900	0.0000000	0.0000000	0.0000000	0.0000000	0.0000000	0.0000000	0.0000000	0.0000000	0.0000000	0.0000000	0.0000000	0.0000000	0.0000000	0.0000000	0.0000000	0.0000000	0.0000000	0.0000000	0.0000000	0.0000000	0.0000000	0.0000000	0.0000000	0.0000000	0.0000000	0.0000000	0.0000000	0.0000000	0.0000000	0.0000000	0.0000000	0.0000000	0.0000000	0.0000000	0.0000000	0.0000000	0.0000000	0.0000000	0.0000000	0.0000000	0.0000000	2.3613898e-08	3.0705628e-06	0.00020272124	0.0068456978	0.11727780	0.99792508	4.3828209	11.712627	23.097799	38.014458	55.512966	74.046188	91.410160	104.78489	111.00906	107.44275	93.273233	70.753629	45.365526	23.630501	9.6062426	2.9667655	0.70587720	0.13833442	0.024401871	0.0041622778	0.00071690947	0.00012756344	2.3611388e-05	4.5530694e-06	9.1072226e-07	7.2411970e-09	0.0000000	0.0000000	0.0000000	0.0000000	0.0000000	0.0000000	0.0000000	0.0000000
16.0040	0.0000000	0.0000000	0.0000000	0.0000000	0.0000000	0.0000000	0.0000000	0.0000000	0.0000000	0.0000000	0.0000000	0.0000000	0.0000000	0.0000000	0.0000000	0.0000000	0.0000000	0.0000000	0.0000000	0.0000000	0.0000000	0.0000000	0.0000000	0.0000000	0.0000000	0.0000000	0.0000000	0.0000000	0.0000000	0.0000000	0.0000000	0.0000000	0.0000000	0.0000000	0.0000000	0.0000000	0.0000000	0.0000000	0.0000000	0.0000000	0.0000000	4.1331193e-08	4.8798726e-06	0.00029369426	0.0090530770	0.14168011	1.1037359	4.4633573	11.096543	20.578056	32.131693	44.816949	57.339174	68.029842	75.033040	76.654764	71.811183	60.639924	44.975228	28.332657	14.552100	5.8456925	1.7856536	0.42028568	0.081431351	0.014182430	0.0023841881	0.00040380683	7.0452630e-05	1.2741093e-05	2.3920193e-06	4.6473329e-07	3.5856373e-09	0.0000000	0.0000000	0.0000000	0.0000000	0.0000000	0.0000000	0.0000000	0.0000000
10.7700	0.0000000	0.0000000	0.0000000	0.0000000	0.0000000	0.0000000	0.0000000	0.0000000	0.0000000	0.0000000	0.0000000	0.0000000	0.0000000	0.0000000	0.0000000	0.0000000	0.0000000	0.0000000	0.0000000	0.0000000	0.0000000	0.0000000	0.0000000	0.0000000	0.0000000	0.0000000	0.0000000	0.0000000	0.0000000	0.0000000	0.0000000	0.0000000	0.0000000	0.0000000	0.0000000	0.0000000	0.0000000	0.0000000	0.0000000	0.0000000	0.0000000	3.2002854e-09	5.7907413e-07	5.1264657e-05	0.0022429664	0.048268537	0.50241375	2.6431559	8.3363026	19.165481	36.368319	60.605550	91.318838	126.01270	159.76269	185.43808	195.04581	182.76121	148.84080	102.03612	56.608589	24.416531	7.9696794	1.9960730	0.41009876	0.075518641	0.013386231	0.0023846178	0.00043675164	8.2827839e-05	1.6293190e-05	3.3110305e-06	2.6646780e-08	0.0000000	0.0000000	0.0000000	0.0000000	0.0000000	0.0000000	0.0000000	0.0000000
10.6570	0.0000000	0.0000000	0.0000000	0.0000000	0.0000000	0.0000000	0.0000000	0.0000000	0.0000000	0.0000000	0.0000000	0.0000000	0.0000000	0.0000000	0.0000000	0.0000000	0.0000000	0.0000000	0.0000000	0.0000000	0.0000000	0.0000000	0.0000000	0.0000000	0.0000000	0.0000000	0.0000000	0.0000000	0.0000000	0.0000000	0.0000000	0.0000000	0.0000000	0.0000000	0.0000000	0.0000000	0.0000000	0.0000000	0.0000000	0.0000000	0.0000000	1.9745263e-09	3.5951252e-07	3.1935000e-05	0.0013961040	0.028910060	0.28772146	1.4379029	4.2818495	9.2499206	16.432401	27.165296	40.796631	56.127593	70.948000	82.099565	86.074398	80.375654	65.224828	44.556025	24.632704	10.587337	3.4435946	0.85946177	0.18045671	0.037869989	0.0075471880	0.0013764101	0.00024583366	4.2805073e-05	7.6260423e-06	1.4366050e-06	1.1673149e-08	0.0000000	0.0000000	0.0000000	0.0000000	0.0000000	0.0000000	0.0000000	0.0000000
12.6800	0.0000000	0.0000000	0.0000000	0.0000000	0.0000000	0.0000000	0.0000000	0.0000000	0.0000000	0.0000000	0.0000000	0.0000000	0.0000000	0.0000000	0.0000000	0.0000000	0.0000000	0.0000000	0.0000000	0.0000000	0.0000000	0.0000000	0.0000000	0.0000000	0.0000000	0.0000000	0.0000000	0.0000000	0.0000000	0.0000000	0.0000000	0.0000000	0.0000000	0.0000000	0.0000000	0.0000000	0.0000000	0.0000000	0.0000000	0.0000000	0.0000000	7.4136540e-09	1.0351544e-06	7.3132830e-05	0.0026339557	0.047897697	0.42918947	1.9610143	5.3987378	10.892522	18.241666	27.010326	36.491573	45.644775	52.957263	56.695953	55.360224	48.383340	36.875896	23.741316	12.415453	5.0665814	1.5708131	0.37520559	0.073798644	0.013056156	0.0022314696	0.00038469591	6.8437198e-05	1.2651943e-05	2.4346776e-06	4.8574010e-07	3.8525827e-09	0.0000000	0.0000000	0.0000000	0.0000000	0.0000000	0.0000000	0.0000000	0.0000000
11.0230	0.0000000	0.0000000	0.0000000	0.0000000	0.0000000	0.0000000	0.0000000	0.0000000	0.0000000	0.0000000	0.0000000	0.0000000	0.0000000	0.0000000	0.0000000	0.0000000	0.0000000	0.0000000	0.0000000	0.0000000	0.0000000	0.0000000	0.0000000	0.0000000	0.0000000	0.0000000	0.0000000	0.0000000	0.0000000	0.0000000	0.0000000	0.0000000	0.0000000	0.0000000	0.0000000	0.0000000	0.0000000	0.0000000	0.0000000	0.0000000	0.0000000	1.2215156e-09	2.1757500e-07	1.9073879e-05	0.00082745665	0.017606831	0.18072563	0.93640439	2.9110896	6.6171716	12.471743	20.733197	31.261721	43.238317	54.946725	63.870415	67.241166	63.072344	51.460332	35.393095	19.736341	8.5694822	2.8181747	0.71136553	0.14728795	0.027332422	0.0048839599	0.00087760385	0.00016242440	3.1216544e-05	6.2453355e-06	1.2958345e-06	1.0690045e-08	0.0000000	0.0000000	0.0000000	0.0000000	0.0000000	0.0000000	0.0000000	0.0000000
10.1150	0.0000000	0.0000000	0.0000000	0.0000000	0.0000000	0.0000000	0.0000000	0.0000000	0.0000000	0.0000000	0.0000000	0.0000000	0.0000000	0.0000000	0.0000000	0.0000000	0.0000000	0.0000000	0.0000000	0.0000000	0.0000000	0.0000000	0.0000000	0.0000000	0.0000000	0.0000000	0.0000000	0.0000000	0.0000000	0.0000000	0.0000000	0.0000000	0.0000000	0.0000000	0.0000000	0.0000000	0.0000000	0.0000000	0.0000000	0.0000000	0.0000000	1.5248162e-10	2.9869495e-08	2.8393973e-06	0.00013245360	0.0030257031	0.033938914	0.19180018	0.64810310	1.5920432	3.2197980	5.7088721	9.1376657	13.326291	17.688238	21.147157	22.323793	20.525929	16.254515	10.912500	6.0877559	2.7655921	0.99564089	0.27534107	0.061483624	0.011628273	0.0021154864	0.00038712605	7.2880531e-05	1.4212584e-05	2.8757444e-06	6.0125980e-07	4.9796158e-09	0.0000000	0.0000000	0.0000000	0.0000000	0.0000000	0.0000000	0.0000000	0.0000000
