# DO NOT EDIT: written Thu Mar 14 18:48:37 2019 by wrt_emiss_fe17.pro
# faked emissivities [1e-23 ergs cm^3/s] for Fe17 lines from Del Zanna 2011, A&A 536, A59
# emissivities include ion balance, but not abundance, and are spline and ion balance jittered off of emiss_Fe17_00000.txt
# line 6 -- SEED, LOGT
# lines 7+ -- WVL, EMISSIVITY
      417382	4.00	4.05	4.10	4.15	4.20	4.25	4.30	4.35	4.40	4.45	4.50	4.55	4.60	4.65	4.70	4.75	4.80	4.85	4.90	4.95	5.00	5.05	5.10	5.15	5.20	5.25	5.30	5.35	5.40	5.45	5.50	5.55	5.60	5.65	5.70	5.75	5.80	5.85	5.90	5.95	6.00	6.05	6.10	6.15	6.20	6.25	6.30	6.35	6.40	6.45	6.50	6.55	6.60	6.65	6.70	6.75	6.80	6.85	6.90	6.95	7.00	7.05	7.10	7.15	7.20	7.25	7.30	7.35	7.40	7.45	7.50	7.55	7.60	7.65	7.70	7.75	7.80	7.85	7.90	7.95	8.00
15.0130	0.0000000	0.0000000	0.0000000	0.0000000	0.0000000	0.0000000	0.0000000	0.0000000	0.0000000	0.0000000	0.0000000	0.0000000	0.0000000	0.0000000	0.0000000	0.0000000	0.0000000	0.0000000	0.0000000	0.0000000	0.0000000	0.0000000	0.0000000	0.0000000	0.0000000	0.0000000	0.0000000	0.0000000	0.0000000	0.0000000	0.0000000	0.0000000	0.0000000	0.0000000	0.0000000	0.0000000	0.0000000	0.0000000	0.0000000	0.0000000	0.0000000	1.6212480e-06	0.00020374362	0.012991479	0.42322951	6.9928937	57.556338	246.36105	648.14952	1267.3027	2078.5403	3038.6969	4072.0666	5059.0330	5837.3451	6227.2308	6076.1315	5329.9805	4102.5117	2686.1858	1440.6992	609.26321	197.99460	49.921972	10.319722	1.8930044	0.33119360	0.058039213	0.010472997	0.0019672021	0.00038591289	7.8775861e-05	3.7084542e-06	0.0000000	0.0000000	0.0000000	0.0000000	0.0000000	0.0000000	0.0000000	0.0000000
17.0510	0.0000000	0.0000000	0.0000000	0.0000000	0.0000000	0.0000000	0.0000000	0.0000000	0.0000000	0.0000000	0.0000000	0.0000000	0.0000000	0.0000000	0.0000000	0.0000000	0.0000000	0.0000000	0.0000000	0.0000000	0.0000000	0.0000000	0.0000000	0.0000000	0.0000000	0.0000000	0.0000000	0.0000000	0.0000000	0.0000000	0.0000000	0.0000000	0.0000000	0.0000000	0.0000000	0.0000000	0.0000000	0.0000000	0.0000000	0.0000000	0.0000000	3.1018959e-06	0.00034780685	0.019934890	0.58605635	8.7677897	65.604231	256.67696	621.77746	1129.8207	1741.3071	2422.3217	3124.3536	3766.7334	4238.7550	4419.9051	4217.4367	3618.4045	2723.2072	1741.9584	911.61713	375.59805	118.58707	28.769773	5.7233341	1.0104153	0.17010654	0.028669000	0.0049704674	0.00089577023	0.00016824333	3.2827703e-05	1.4775014e-06	0.0000000	0.0000000	0.0000000	0.0000000	0.0000000	0.0000000	0.0000000	0.0000000
17.0960	0.0000000	0.0000000	0.0000000	0.0000000	0.0000000	0.0000000	0.0000000	0.0000000	0.0000000	0.0000000	0.0000000	0.0000000	0.0000000	0.0000000	0.0000000	0.0000000	0.0000000	0.0000000	0.0000000	0.0000000	0.0000000	0.0000000	0.0000000	0.0000000	0.0000000	0.0000000	0.0000000	0.0000000	0.0000000	0.0000000	0.0000000	0.0000000	0.0000000	0.0000000	0.0000000	0.0000000	0.0000000	0.0000000	0.0000000	0.0000000	0.0000000	3.1536289e-06	0.00035100956	0.020045881	0.59034305	8.8784255	66.804833	262.00620	632.12336	1133.0742	1701.9446	2277.1405	2792.2479	3175.7895	3359.3642	3293.7214	2964.8136	2411.1228	1730.3637	1062.9921	538.56159	216.73533	67.507012	16.314470	3.2005851	0.54927848	0.088885187	0.014282450	0.0023482873	0.00040031061	7.1141974e-05	1.3179497e-05	5.6684729e-07	0.0000000	0.0000000	0.0000000	0.0000000	0.0000000	0.0000000	0.0000000	0.0000000
16.7760	0.0000000	0.0000000	0.0000000	0.0000000	0.0000000	0.0000000	0.0000000	0.0000000	0.0000000	0.0000000	0.0000000	0.0000000	0.0000000	0.0000000	0.0000000	0.0000000	0.0000000	0.0000000	0.0000000	0.0000000	0.0000000	0.0000000	0.0000000	0.0000000	0.0000000	0.0000000	0.0000000	0.0000000	0.0000000	0.0000000	0.0000000	0.0000000	0.0000000	0.0000000	0.0000000	0.0000000	0.0000000	0.0000000	0.0000000	0.0000000	0.0000000	2.0866619e-06	0.00023600487	0.013678766	0.40887607	6.2523898	47.992967	192.95341	479.95710	892.28409	1397.8016	1958.0081	2517.7440	3003.7539	3331.0321	3418.5842	3212.6827	2717.7638	2019.6493	1277.6564	662.28852	270.67826	84.982967	20.696438	4.1315358	0.73166211	0.12352091	0.020869516	0.0036260685	0.00065465681	0.00012312797	2.4047810e-05	1.0828968e-06	0.0000000	0.0000000	0.0000000	0.0000000	0.0000000	0.0000000	0.0000000	0.0000000
15.2620	0.0000000	0.0000000	0.0000000	0.0000000	0.0000000	0.0000000	0.0000000	0.0000000	0.0000000	0.0000000	0.0000000	0.0000000	0.0000000	0.0000000	0.0000000	0.0000000	0.0000000	0.0000000	0.0000000	0.0000000	0.0000000	0.0000000	0.0000000	0.0000000	0.0000000	0.0000000	0.0000000	0.0000000	0.0000000	0.0000000	0.0000000	0.0000000	0.0000000	0.0000000	0.0000000	0.0000000	0.0000000	0.0000000	0.0000000	0.0000000	0.0000000	4.4761431e-07	5.5094486e-05	0.0034490871	0.11048667	1.7958513	14.534954	61.156128	158.13970	303.98456	490.50618	706.34303	933.64578	1158.2866	1337.3930	1429.3011	1398.7220	1231.9750	953.03998	627.52715	338.52300	143.96380	47.018590	11.902732	2.4670534	0.45297142	0.079157594	0.013821019	0.0024776660	0.00046084405	8.9204402e-05	1.7921426e-05	8.2999193e-07	0.0000000	0.0000000	0.0000000	0.0000000	0.0000000	0.0000000	0.0000000	0.0000000
12.1240	0.0000000	0.0000000	0.0000000	0.0000000	0.0000000	0.0000000	0.0000000	0.0000000	0.0000000	0.0000000	0.0000000	0.0000000	0.0000000	0.0000000	0.0000000	0.0000000	0.0000000	0.0000000	0.0000000	0.0000000	0.0000000	0.0000000	0.0000000	0.0000000	0.0000000	0.0000000	0.0000000	0.0000000	0.0000000	0.0000000	0.0000000	0.0000000	0.0000000	0.0000000	0.0000000	0.0000000	0.0000000	0.0000000	0.0000000	0.0000000	0.0000000	3.7651306e-08	5.8662002e-06	0.00045232053	0.017425620	0.33376056	3.1292466	15.037978	43.893086	94.245270	168.24660	265.66546	381.90550	505.88684	619.23704	698.08532	717.79890	662.30517	535.53996	367.99426	206.94100	91.682546	31.165622	8.1860566	1.7537776	0.33161788	0.059466593	0.010617152	0.0019395934	0.00036640881	7.1777025e-05	1.4537626e-05	6.7627301e-07	0.0000000	0.0000000	0.0000000	0.0000000	0.0000000	0.0000000	0.0000000	0.0000000
12.2640	0.0000000	0.0000000	0.0000000	0.0000000	0.0000000	0.0000000	0.0000000	0.0000000	0.0000000	0.0000000	0.0000000	0.0000000	0.0000000	0.0000000	0.0000000	0.0000000	0.0000000	0.0000000	0.0000000	0.0000000	0.0000000	0.0000000	0.0000000	0.0000000	0.0000000	0.0000000	0.0000000	0.0000000	0.0000000	0.0000000	0.0000000	0.0000000	0.0000000	0.0000000	0.0000000	0.0000000	0.0000000	0.0000000	0.0000000	0.0000000	0.0000000	3.9051377e-08	6.0816940e-06	0.00047055282	0.018249268	0.35270197	3.3407962	16.215512	47.742088	103.25493	185.42069	294.17221	424.51116	564.11791	692.03887	780.66680	801.54313	734.49547	586.86995	397.41759	219.68590	95.439026	31.763268	8.1799579	1.7225647	0.32089502	0.056811877	0.010033994	0.0018167614	0.00034078088	6.6407042e-05	1.3404837e-05	6.2204852e-07	0.0000000	0.0000000	0.0000000	0.0000000	0.0000000	0.0000000	0.0000000	0.0000000
13.8250	0.0000000	0.0000000	0.0000000	0.0000000	0.0000000	0.0000000	0.0000000	0.0000000	0.0000000	0.0000000	0.0000000	0.0000000	0.0000000	0.0000000	0.0000000	0.0000000	0.0000000	0.0000000	0.0000000	0.0000000	0.0000000	0.0000000	0.0000000	0.0000000	0.0000000	0.0000000	0.0000000	0.0000000	0.0000000	0.0000000	0.0000000	0.0000000	0.0000000	0.0000000	0.0000000	0.0000000	0.0000000	0.0000000	0.0000000	0.0000000	0.0000000	6.3587164e-08	8.4788331e-06	0.00057338533	0.019804554	0.34637337	3.0052033	13.459260	36.697473	73.817123	124.12702	185.96821	255.62636	331.80643	401.11908	448.12034	457.39697	418.88183	335.58275	227.83129	126.23133	54.957070	18.330179	4.7315456	0.99926484	0.18691387	0.033275347	0.0059185769	0.0010806740	0.00020464442	4.0517102e-05	8.3810330e-06	3.9909320e-07	0.0000000	0.0000000	0.0000000	0.0000000	0.0000000	0.0000000	0.0000000	0.0000000
15.4530	0.0000000	0.0000000	0.0000000	0.0000000	0.0000000	0.0000000	0.0000000	0.0000000	0.0000000	0.0000000	0.0000000	0.0000000	0.0000000	0.0000000	0.0000000	0.0000000	0.0000000	0.0000000	0.0000000	0.0000000	0.0000000	0.0000000	0.0000000	0.0000000	0.0000000	0.0000000	0.0000000	0.0000000	0.0000000	0.0000000	0.0000000	0.0000000	0.0000000	0.0000000	0.0000000	0.0000000	0.0000000	0.0000000	0.0000000	0.0000000	0.0000000	1.7433666e-07	2.0945788e-05	0.0012788108	0.039917643	0.63180645	4.9733711	20.053344	49.526409	90.568552	138.39214	187.74249	232.67173	267.04601	285.19412	283.07849	258.80304	214.04538	156.10172	97.176153	49.658323	20.027810	6.2065267	1.4912818	0.29340476	0.051124371	0.0084723530	0.0014013413	0.00023782638	4.1867811e-05	7.6679383e-06	1.4567239e-06	6.3748550e-08	0.0000000	0.0000000	0.0000000	0.0000000	0.0000000	0.0000000	0.0000000	0.0000000
11.2500	0.0000000	0.0000000	0.0000000	0.0000000	0.0000000	0.0000000	0.0000000	0.0000000	0.0000000	0.0000000	0.0000000	0.0000000	0.0000000	0.0000000	0.0000000	0.0000000	0.0000000	0.0000000	0.0000000	0.0000000	0.0000000	0.0000000	0.0000000	0.0000000	0.0000000	0.0000000	0.0000000	0.0000000	0.0000000	0.0000000	0.0000000	0.0000000	0.0000000	0.0000000	0.0000000	0.0000000	0.0000000	0.0000000	0.0000000	0.0000000	0.0000000	8.2587050e-09	1.4026729e-06	0.00011691456	0.0048333486	0.098701753	0.98094633	4.9703026	15.221336	34.144467	63.428361	103.83132	154.19547	210.28253	264.02520	304.13600	318.27156	297.63260	242.86671	167.68166	94.335150	41.629439	14.045446	3.6593578	0.77813705	0.14614389	0.026047631	0.0046255981	0.00084116074	0.00015831577	3.0928795e-05	6.2541164e-06	2.9076795e-07	0.0000000	0.0000000	0.0000000	0.0000000	0.0000000	0.0000000	0.0000000	0.0000000
11.1290	0.0000000	0.0000000	0.0000000	0.0000000	0.0000000	0.0000000	0.0000000	0.0000000	0.0000000	0.0000000	0.0000000	0.0000000	0.0000000	0.0000000	0.0000000	0.0000000	0.0000000	0.0000000	0.0000000	0.0000000	0.0000000	0.0000000	0.0000000	0.0000000	0.0000000	0.0000000	0.0000000	0.0000000	0.0000000	0.0000000	0.0000000	0.0000000	0.0000000	0.0000000	0.0000000	0.0000000	0.0000000	0.0000000	0.0000000	0.0000000	0.0000000	5.8394226e-09	1.0243824e-06	8.7942525e-05	0.0037290108	0.077673052	0.78185228	3.9777521	12.108109	26.684643	48.051738	75.144130	105.06366	134.18804	167.91419	192.62783	200.63237	186.65544	151.47698	103.99342	58.175814	25.533561	8.5716071	2.2233079	0.47102577	0.088216642	0.015692341	0.0027832773	0.00050584108	9.5202402e-05	1.8607460e-05	3.7659673e-06	1.7530743e-07	0.0000000	0.0000000	0.0000000	0.0000000	0.0000000	0.0000000	0.0000000	0.0000000
16.3360	0.0000000	0.0000000	0.0000000	0.0000000	0.0000000	0.0000000	0.0000000	0.0000000	0.0000000	0.0000000	0.0000000	0.0000000	0.0000000	0.0000000	0.0000000	0.0000000	0.0000000	0.0000000	0.0000000	0.0000000	0.0000000	0.0000000	0.0000000	0.0000000	0.0000000	0.0000000	0.0000000	0.0000000	0.0000000	0.0000000	0.0000000	0.0000000	0.0000000	0.0000000	0.0000000	0.0000000	0.0000000	0.0000000	0.0000000	0.0000000	0.0000000	7.2120810e-08	8.2291167e-06	0.00048017733	0.013733603	0.18704885	1.2860881	5.0453202	12.481679	22.993794	35.588855	49.168647	62.343974	73.377293	80.311017	81.370822	75.506831	63.064958	46.248715	28.860373	14.754828	5.9481135	1.8888564	0.47514712	0.097690897	0.017756221	0.0030645825	0.00052702658	9.2747445e-05	1.6869757e-05	3.1814772e-06	6.2054629e-07	2.7810475e-08	0.0000000	0.0000000	0.0000000	0.0000000	0.0000000	0.0000000	0.0000000	0.0000000
13.8900	0.0000000	0.0000000	0.0000000	0.0000000	0.0000000	0.0000000	0.0000000	0.0000000	0.0000000	0.0000000	0.0000000	0.0000000	0.0000000	0.0000000	0.0000000	0.0000000	0.0000000	0.0000000	0.0000000	0.0000000	0.0000000	0.0000000	0.0000000	0.0000000	0.0000000	0.0000000	0.0000000	0.0000000	0.0000000	0.0000000	0.0000000	0.0000000	0.0000000	0.0000000	0.0000000	0.0000000	0.0000000	0.0000000	0.0000000	0.0000000	0.0000000	2.3074961e-08	2.9952934e-06	0.00019754412	0.0066738663	0.11461598	0.98015322	4.3378057	11.676699	23.069087	37.758382	54.436630	71.290578	86.161022	96.669474	100.48305	95.947559	82.855649	63.075801	40.953924	21.815109	9.1697398	2.9624176	0.74241818	0.15244711	0.027741529	0.0048066701	0.00083266370	0.00014821240	2.7391934e-05	5.2700331e-06	1.0521454e-06	4.8396315e-08	0.0000000	0.0000000	0.0000000	0.0000000	0.0000000	0.0000000	0.0000000	0.0000000
16.0040	0.0000000	0.0000000	0.0000000	0.0000000	0.0000000	0.0000000	0.0000000	0.0000000	0.0000000	0.0000000	0.0000000	0.0000000	0.0000000	0.0000000	0.0000000	0.0000000	0.0000000	0.0000000	0.0000000	0.0000000	0.0000000	0.0000000	0.0000000	0.0000000	0.0000000	0.0000000	0.0000000	0.0000000	0.0000000	0.0000000	0.0000000	0.0000000	0.0000000	0.0000000	0.0000000	0.0000000	0.0000000	0.0000000	0.0000000	0.0000000	0.0000000	4.6555219e-08	5.5037757e-06	0.00033165033	0.010243607	0.16085450	1.2606196	5.1480246	12.949475	24.248841	37.039068	50.288267	62.670582	72.544301	78.211585	78.264736	71.986118	59.859990	43.932978	27.581934	14.248704	5.8241527	1.8343238	0.44939509	0.090474695	0.016191902	0.0027671655	0.00047394414	8.3561757e-05	1.5316221e-05	2.9240319e-06	5.7916004e-07	2.6406683e-08	0.0000000	0.0000000	0.0000000	0.0000000	0.0000000	0.0000000	0.0000000	0.0000000
10.7700	0.0000000	0.0000000	0.0000000	0.0000000	0.0000000	0.0000000	0.0000000	0.0000000	0.0000000	0.0000000	0.0000000	0.0000000	0.0000000	0.0000000	0.0000000	0.0000000	0.0000000	0.0000000	0.0000000	0.0000000	0.0000000	0.0000000	0.0000000	0.0000000	0.0000000	0.0000000	0.0000000	0.0000000	0.0000000	0.0000000	0.0000000	0.0000000	0.0000000	0.0000000	0.0000000	0.0000000	0.0000000	0.0000000	0.0000000	0.0000000	0.0000000	3.2504461e-09	5.8495524e-07	5.1470828e-05	0.0022388789	0.047942794	0.49763102	2.6196632	8.2801410	19.033346	36.003249	59.699371	89.440263	122.70703	154.73293	178.76986	187.39530	175.32270	142.95544	98.515258	55.272005	24.312361	8.1748329	2.1228284	0.45009460	0.084348728	0.015011625	0.0026634844	0.00048417929	9.1135974e-05	1.7813140e-05	3.6050828e-06	1.6779842e-07	0.0000000	0.0000000	0.0000000	0.0000000	0.0000000	0.0000000	0.0000000	0.0000000
10.6570	0.0000000	0.0000000	0.0000000	0.0000000	0.0000000	0.0000000	0.0000000	0.0000000	0.0000000	0.0000000	0.0000000	0.0000000	0.0000000	0.0000000	0.0000000	0.0000000	0.0000000	0.0000000	0.0000000	0.0000000	0.0000000	0.0000000	0.0000000	0.0000000	0.0000000	0.0000000	0.0000000	0.0000000	0.0000000	0.0000000	0.0000000	0.0000000	0.0000000	0.0000000	0.0000000	0.0000000	0.0000000	0.0000000	0.0000000	0.0000000	0.0000000	1.5560551e-09	2.8775563e-07	2.5972179e-05	0.0011566594	0.025305260	0.26773046	1.4334912	4.6015652	10.734528	20.596533	34.630059	52.585683	73.075242	93.245215	108.89726	115.24591	108.71410	89.265561	61.875090	34.875951	15.392308	5.1861214	1.3476027	0.28554891	0.053428713	0.0094871999	0.0016791601	0.00030450872	5.7187350e-05	1.1154021e-05	2.2527612e-06	1.0462833e-07	0.0000000	0.0000000	0.0000000	0.0000000	0.0000000	0.0000000	0.0000000	0.0000000
12.6800	0.0000000	0.0000000	0.0000000	0.0000000	0.0000000	0.0000000	0.0000000	0.0000000	0.0000000	0.0000000	0.0000000	0.0000000	0.0000000	0.0000000	0.0000000	0.0000000	0.0000000	0.0000000	0.0000000	0.0000000	0.0000000	0.0000000	0.0000000	0.0000000	0.0000000	0.0000000	0.0000000	0.0000000	0.0000000	0.0000000	0.0000000	0.0000000	0.0000000	0.0000000	0.0000000	0.0000000	0.0000000	0.0000000	0.0000000	0.0000000	0.0000000	7.2728846e-09	1.0133543e-06	7.1277776e-05	0.0025533740	0.046187656	0.41242020	1.8843478	5.1978463	10.492249	17.548562	25.945339	35.043852	43.922548	51.215891	55.285879	54.605730	48.436068	37.608960	24.782272	13.347537	5.6569016	1.8392043	0.46337363	0.095591440	0.017468937	0.0030377980	0.00052756406	9.3998879e-05	1.7358321e-05	3.3301779e-06	6.6160333e-07	3.0226454e-08	0.0000000	0.0000000	0.0000000	0.0000000	0.0000000	0.0000000	0.0000000	0.0000000
11.0230	0.0000000	0.0000000	0.0000000	0.0000000	0.0000000	0.0000000	0.0000000	0.0000000	0.0000000	0.0000000	0.0000000	0.0000000	0.0000000	0.0000000	0.0000000	0.0000000	0.0000000	0.0000000	0.0000000	0.0000000	0.0000000	0.0000000	0.0000000	0.0000000	0.0000000	0.0000000	0.0000000	0.0000000	0.0000000	0.0000000	0.0000000	0.0000000	0.0000000	0.0000000	0.0000000	0.0000000	0.0000000	0.0000000	0.0000000	0.0000000	0.0000000	1.1559397e-09	2.0675363e-07	1.8197642e-05	0.00079307285	0.016971709	0.17560259	0.92043217	2.8996995	6.6656562	12.670835	21.214818	32.207689	44.873638	57.500077	67.474724	71.806870	68.196298	56.458915	39.525333	22.544248	10.083842	3.4457617	0.90813344	0.19504774	0.036949482	0.0066350791	0.0011860467	0.00021714588	4.1199286e-05	8.1294578e-06	1.6640901e-06	7.8492113e-08	0.0000000	0.0000000	0.0000000	0.0000000	0.0000000	0.0000000	0.0000000	0.0000000
10.1150	0.0000000	0.0000000	0.0000000	0.0000000	0.0000000	0.0000000	0.0000000	0.0000000	0.0000000	0.0000000	0.0000000	0.0000000	0.0000000	0.0000000	0.0000000	0.0000000	0.0000000	0.0000000	0.0000000	0.0000000	0.0000000	0.0000000	0.0000000	0.0000000	0.0000000	0.0000000	0.0000000	0.0000000	0.0000000	0.0000000	0.0000000	0.0000000	0.0000000	0.0000000	0.0000000	0.0000000	0.0000000	0.0000000	0.0000000	0.0000000	0.0000000	1.6630227e-10	3.2298173e-08	3.0476260e-06	0.00014150781	0.0032237971	0.035499849	0.19777606	0.66009192	1.5979869	3.1746218	5.5161533	8.6450179	12.391845	16.314527	19.673542	21.509771	20.962896	17.772721	12.704760	7.3744844	3.3490430	1.1608440	0.31037175	0.067680221	0.013030515	0.0023795392	0.00043257948	8.0447394e-05	1.5467982e-05	3.0839764e-06	6.3586809e-07	3.0119575e-08	0.0000000	0.0000000	0.0000000	0.0000000	0.0000000	0.0000000	0.0000000	0.0000000
