# DO NOT EDIT: written Thu Mar 14 18:48:37 2019 by wrt_emiss_fe17.pro
# faked emissivities [1e-23 ergs cm^3/s] for Fe17 lines from Del Zanna 2011, A&A 536, A59
# emissivities include ion balance, but not abundance, and are spline and ion balance jittered off of emiss_Fe17_00000.txt
# line 6 -- SEED, LOGT
# lines 7+ -- WVL, EMISSIVITY
      976759	4.00	4.05	4.10	4.15	4.20	4.25	4.30	4.35	4.40	4.45	4.50	4.55	4.60	4.65	4.70	4.75	4.80	4.85	4.90	4.95	5.00	5.05	5.10	5.15	5.20	5.25	5.30	5.35	5.40	5.45	5.50	5.55	5.60	5.65	5.70	5.75	5.80	5.85	5.90	5.95	6.00	6.05	6.10	6.15	6.20	6.25	6.30	6.35	6.40	6.45	6.50	6.55	6.60	6.65	6.70	6.75	6.80	6.85	6.90	6.95	7.00	7.05	7.10	7.15	7.20	7.25	7.30	7.35	7.40	7.45	7.50	7.55	7.60	7.65	7.70	7.75	7.80	7.85	7.90	7.95	8.00
15.0130	0.0000000	0.0000000	0.0000000	0.0000000	0.0000000	0.0000000	0.0000000	0.0000000	0.0000000	0.0000000	0.0000000	0.0000000	0.0000000	0.0000000	0.0000000	0.0000000	0.0000000	0.0000000	0.0000000	0.0000000	0.0000000	0.0000000	0.0000000	0.0000000	0.0000000	0.0000000	0.0000000	0.0000000	0.0000000	0.0000000	0.0000000	0.0000000	0.0000000	0.0000000	0.0000000	0.0000000	0.0000000	0.0000000	0.0000000	0.0000000	0.0000000	8.9071702e-07	0.00011238807	0.0071477134	0.23356017	3.9206237	33.675331	156.02275	446.90581	921.47504	1549.5321	2324.9426	3196.8711	4068.4003	4899.5638	5635.8863	6091.6566	6035.8282	5062.6401	3495.9275	1931.2737	840.69597	320.64826	94.401671	21.878408	4.2603674	0.75767754	0.13143478	0.023119666	0.0042044118	0.00079502735	0.00015643884	2.5752691e-05	0.0000000	0.0000000	0.0000000	0.0000000	0.0000000	0.0000000	0.0000000	0.0000000
17.0510	0.0000000	0.0000000	0.0000000	0.0000000	0.0000000	0.0000000	0.0000000	0.0000000	0.0000000	0.0000000	0.0000000	0.0000000	0.0000000	0.0000000	0.0000000	0.0000000	0.0000000	0.0000000	0.0000000	0.0000000	0.0000000	0.0000000	0.0000000	0.0000000	0.0000000	0.0000000	0.0000000	0.0000000	0.0000000	0.0000000	0.0000000	0.0000000	0.0000000	0.0000000	0.0000000	0.0000000	0.0000000	0.0000000	0.0000000	0.0000000	0.0000000	1.7859401e-06	0.00020306830	0.011806325	0.35682965	5.5989103	45.385834	199.96110	547.37200	1080.8191	1738.0296	2453.6266	3157.8845	3767.5456	4191.1353	4343.6188	4166.2427	3649.0619	2860.0023	1953.5971	1126.3657	529.02303	195.94308	56.292993	12.796499	2.4545176	0.43128096	0.073613052	0.012488128	0.0021947626	0.00040174273	7.6607500e-05	1.2229981e-05	0.0000000	0.0000000	0.0000000	0.0000000	0.0000000	0.0000000	0.0000000	0.0000000
17.0960	0.0000000	0.0000000	0.0000000	0.0000000	0.0000000	0.0000000	0.0000000	0.0000000	0.0000000	0.0000000	0.0000000	0.0000000	0.0000000	0.0000000	0.0000000	0.0000000	0.0000000	0.0000000	0.0000000	0.0000000	0.0000000	0.0000000	0.0000000	0.0000000	0.0000000	0.0000000	0.0000000	0.0000000	0.0000000	0.0000000	0.0000000	0.0000000	0.0000000	0.0000000	0.0000000	0.0000000	0.0000000	0.0000000	0.0000000	0.0000000	0.0000000	1.5958463e-06	0.00017992177	0.010380978	0.31204351	4.8778409	39.414816	172.96242	470.74958	922.01890	1467.2146	2045.7298	2596.2204	3050.0845	3334.7907	3386.8161	3170.4330	2698.2376	2045.8937	1345.9817	744.04582	333.52543	117.39151	31.924532	6.8477725	1.2376637	0.20504931	0.033278306	0.0055022735	0.00094502919	0.00016938414	3.1659340e-05	4.9544476e-06	0.0000000	0.0000000	0.0000000	0.0000000	0.0000000	0.0000000	0.0000000	0.0000000
16.7760	0.0000000	0.0000000	0.0000000	0.0000000	0.0000000	0.0000000	0.0000000	0.0000000	0.0000000	0.0000000	0.0000000	0.0000000	0.0000000	0.0000000	0.0000000	0.0000000	0.0000000	0.0000000	0.0000000	0.0000000	0.0000000	0.0000000	0.0000000	0.0000000	0.0000000	0.0000000	0.0000000	0.0000000	0.0000000	0.0000000	0.0000000	0.0000000	0.0000000	0.0000000	0.0000000	0.0000000	0.0000000	0.0000000	0.0000000	0.0000000	0.0000000	1.2361459e-06	0.00014150303	0.0082787243	0.25227701	4.0021628	32.895239	147.35164	411.01556	828.13830	1359.6926	1959.4292	2570.6381	3120.6584	3524.0131	3694.4921	3567.7792	3130.2220	2445.3174	1656.3936	942.07158	434.48948	157.47305	44.122335	9.7511441	1.8148985	0.30928353	0.051545601	0.0087340146	0.0015339127	0.00028072252	5.3548539e-05	8.5564908e-06	0.0000000	0.0000000	0.0000000	0.0000000	0.0000000	0.0000000	0.0000000	0.0000000
15.2620	0.0000000	0.0000000	0.0000000	0.0000000	0.0000000	0.0000000	0.0000000	0.0000000	0.0000000	0.0000000	0.0000000	0.0000000	0.0000000	0.0000000	0.0000000	0.0000000	0.0000000	0.0000000	0.0000000	0.0000000	0.0000000	0.0000000	0.0000000	0.0000000	0.0000000	0.0000000	0.0000000	0.0000000	0.0000000	0.0000000	0.0000000	0.0000000	0.0000000	0.0000000	0.0000000	0.0000000	0.0000000	0.0000000	0.0000000	0.0000000	0.0000000	2.5895151e-07	3.2844561e-05	0.0021096915	0.069930871	1.1955394	10.495117	49.800763	146.10454	307.87888	526.57391	788.80989	1075.4838	1357.4617	1594.4618	1739.2855	1748.0184	1596.3558	1298.3674	916.04553	542.91879	260.81882	98.283699	28.554743	6.5223552	1.2500885	0.21861691	0.037282635	0.0064500851	0.0011550026	0.00021547499	4.1942957e-05	6.8702371e-06	0.0000000	0.0000000	0.0000000	0.0000000	0.0000000	0.0000000	0.0000000	0.0000000
12.1240	0.0000000	0.0000000	0.0000000	0.0000000	0.0000000	0.0000000	0.0000000	0.0000000	0.0000000	0.0000000	0.0000000	0.0000000	0.0000000	0.0000000	0.0000000	0.0000000	0.0000000	0.0000000	0.0000000	0.0000000	0.0000000	0.0000000	0.0000000	0.0000000	0.0000000	0.0000000	0.0000000	0.0000000	0.0000000	0.0000000	0.0000000	0.0000000	0.0000000	0.0000000	0.0000000	0.0000000	0.0000000	0.0000000	0.0000000	0.0000000	0.0000000	2.2377407e-08	3.5764665e-06	0.00028186432	0.011197803	0.22482865	2.2780752	12.294989	40.510515	94.759614	177.93813	289.59935	424.76103	571.38571	709.24011	811.42657	849.59088	803.43669	673.14249	487.59783	296.35029	146.14688	56.727344	17.078281	4.0755251	0.82407559	0.15311257	0.027607310	0.0049649176	0.00090368209	0.00016804095	3.2066044e-05	5.0687881e-06	0.0000000	0.0000000	0.0000000	0.0000000	0.0000000	0.0000000	0.0000000	0.0000000
12.2640	0.0000000	0.0000000	0.0000000	0.0000000	0.0000000	0.0000000	0.0000000	0.0000000	0.0000000	0.0000000	0.0000000	0.0000000	0.0000000	0.0000000	0.0000000	0.0000000	0.0000000	0.0000000	0.0000000	0.0000000	0.0000000	0.0000000	0.0000000	0.0000000	0.0000000	0.0000000	0.0000000	0.0000000	0.0000000	0.0000000	0.0000000	0.0000000	0.0000000	0.0000000	0.0000000	0.0000000	0.0000000	0.0000000	0.0000000	0.0000000	0.0000000	1.8119688e-08	2.8472459e-06	0.00022143514	0.0087098002	0.17360404	1.7493899	9.3955393	30.800531	71.680807	133.96413	217.17875	317.74453	427.20364	531.04627	609.51930	641.24947	610.18175	514.94842	375.67059	229.59053	113.49635	43.950049	13.115983	3.0776770	0.60604467	0.10884790	0.019043080	0.0033737982	0.00061714503	0.00011720479	2.3121362e-05	3.8100116e-06	0.0000000	0.0000000	0.0000000	0.0000000	0.0000000	0.0000000	0.0000000	0.0000000
13.8250	0.0000000	0.0000000	0.0000000	0.0000000	0.0000000	0.0000000	0.0000000	0.0000000	0.0000000	0.0000000	0.0000000	0.0000000	0.0000000	0.0000000	0.0000000	0.0000000	0.0000000	0.0000000	0.0000000	0.0000000	0.0000000	0.0000000	0.0000000	0.0000000	0.0000000	0.0000000	0.0000000	0.0000000	0.0000000	0.0000000	0.0000000	0.0000000	0.0000000	0.0000000	0.0000000	0.0000000	0.0000000	0.0000000	0.0000000	0.0000000	0.0000000	3.9693018e-08	5.3884812e-06	0.00037079400	0.013197354	0.24286523	2.2979225	11.735702	36.879080	82.775103	149.84415	226.32307	310.66090	395.39218	470.14500	521.18867	534.07501	498.45974	414.90022	299.82204	182.20495	89.888878	34.856522	10.449437	2.4708734	0.49196934	0.089633214	0.015953947	0.0028825498	0.00053869818	0.00010463871	2.1121868e-05	3.5592268e-06	0.0000000	0.0000000	0.0000000	0.0000000	0.0000000	0.0000000	0.0000000	0.0000000
15.4530	0.0000000	0.0000000	0.0000000	0.0000000	0.0000000	0.0000000	0.0000000	0.0000000	0.0000000	0.0000000	0.0000000	0.0000000	0.0000000	0.0000000	0.0000000	0.0000000	0.0000000	0.0000000	0.0000000	0.0000000	0.0000000	0.0000000	0.0000000	0.0000000	0.0000000	0.0000000	0.0000000	0.0000000	0.0000000	0.0000000	0.0000000	0.0000000	0.0000000	0.0000000	0.0000000	0.0000000	0.0000000	0.0000000	0.0000000	0.0000000	0.0000000	9.0345025e-08	1.1033208e-05	0.00068349549	0.021886983	0.36184812	3.0722802	14.085251	39.829776	80.600883	131.74092	187.47402	241.14573	284.84530	310.21897	310.47707	283.20199	232.31550	168.04784	108.13425	60.107567	27.081734	9.5776658	2.6160920	0.56331894	0.10213128	0.016954391	0.0027533085	0.00045479610	7.7909408e-05	1.3915644e-05	2.5919681e-06	4.0457557e-07	0.0000000	0.0000000	0.0000000	0.0000000	0.0000000	0.0000000	0.0000000	0.0000000
11.2500	0.0000000	0.0000000	0.0000000	0.0000000	0.0000000	0.0000000	0.0000000	0.0000000	0.0000000	0.0000000	0.0000000	0.0000000	0.0000000	0.0000000	0.0000000	0.0000000	0.0000000	0.0000000	0.0000000	0.0000000	0.0000000	0.0000000	0.0000000	0.0000000	0.0000000	0.0000000	0.0000000	0.0000000	0.0000000	0.0000000	0.0000000	0.0000000	0.0000000	0.0000000	0.0000000	0.0000000	0.0000000	0.0000000	0.0000000	0.0000000	0.0000000	4.5810969e-09	7.9876711e-07	6.8068504e-05	0.0029008321	0.062028873	0.66492761	3.7730581	12.999511	31.655876	61.654171	103.76146	156.99488	217.45350	277.46457	325.87195	349.88946	339.05229	290.86986	215.34754	133.33710	66.667209	26.067922	7.8428675	1.8529446	0.36704892	0.066267041	0.011646606	0.0020717223	0.00038031808	7.2456118e-05	1.4332937e-05	2.3668074e-06	0.0000000	0.0000000	0.0000000	0.0000000	0.0000000	0.0000000	0.0000000	0.0000000
11.1290	0.0000000	0.0000000	0.0000000	0.0000000	0.0000000	0.0000000	0.0000000	0.0000000	0.0000000	0.0000000	0.0000000	0.0000000	0.0000000	0.0000000	0.0000000	0.0000000	0.0000000	0.0000000	0.0000000	0.0000000	0.0000000	0.0000000	0.0000000	0.0000000	0.0000000	0.0000000	0.0000000	0.0000000	0.0000000	0.0000000	0.0000000	0.0000000	0.0000000	0.0000000	0.0000000	0.0000000	0.0000000	0.0000000	0.0000000	0.0000000	0.0000000	2.7165185e-09	4.7767697e-07	4.1005609e-05	0.0017587127	0.037817176	0.40734286	2.3206319	8.0195120	19.570077	38.167502	64.284238	97.298033	134.77577	173.58802	207.39759	226.92532	224.48771	196.96877	149.42874	94.994810	48.832206	19.628948	6.0620219	1.4661384	0.29615578	0.054246960	0.0096124079	0.0017109266	0.00031144671	5.8201877e-05	1.1145595e-05	1.7528364e-06	0.0000000	0.0000000	0.0000000	0.0000000	0.0000000	0.0000000	0.0000000	0.0000000
16.3360	0.0000000	0.0000000	0.0000000	0.0000000	0.0000000	0.0000000	0.0000000	0.0000000	0.0000000	0.0000000	0.0000000	0.0000000	0.0000000	0.0000000	0.0000000	0.0000000	0.0000000	0.0000000	0.0000000	0.0000000	0.0000000	0.0000000	0.0000000	0.0000000	0.0000000	0.0000000	0.0000000	0.0000000	0.0000000	0.0000000	0.0000000	0.0000000	0.0000000	0.0000000	0.0000000	0.0000000	0.0000000	0.0000000	0.0000000	0.0000000	0.0000000	4.0890005e-08	4.7380752e-06	0.00027976362	0.0085837216	0.13679752	1.1262248	5.0357052	13.969549	27.887134	45.232741	64.292664	83.198283	99.709977	111.26548	115.37694	110.31033	95.899434	74.281279	49.936706	28.225637	12.947710	4.6668335	1.3002704	0.28578013	0.052905081	0.0089700876	0.0014879883	0.00025105599	4.3919263e-05	8.0077477e-06	1.5217746e-06	2.4219429e-07	0.0000000	0.0000000	0.0000000	0.0000000	0.0000000	0.0000000	0.0000000	0.0000000
13.8900	0.0000000	0.0000000	0.0000000	0.0000000	0.0000000	0.0000000	0.0000000	0.0000000	0.0000000	0.0000000	0.0000000	0.0000000	0.0000000	0.0000000	0.0000000	0.0000000	0.0000000	0.0000000	0.0000000	0.0000000	0.0000000	0.0000000	0.0000000	0.0000000	0.0000000	0.0000000	0.0000000	0.0000000	0.0000000	0.0000000	0.0000000	0.0000000	0.0000000	0.0000000	0.0000000	0.0000000	0.0000000	0.0000000	0.0000000	0.0000000	0.0000000	1.1775360e-08	1.5422110e-06	0.00010224165	0.0035034910	0.062059570	0.56505194	2.7740595	8.3587126	17.934002	30.986887	46.589093	63.469302	79.894205	93.605685	101.88975	102.20137	93.120710	75.485783	52.998909	31.229270	14.915237	5.5935739	1.6211100	0.37064895	0.071391839	0.012589146	0.0021699186	0.00037987802	6.8825313e-05	1.2967308e-05	2.5399050e-06	4.1540931e-07	0.0000000	0.0000000	0.0000000	0.0000000	0.0000000	0.0000000	0.0000000	0.0000000
16.0040	0.0000000	0.0000000	0.0000000	0.0000000	0.0000000	0.0000000	0.0000000	0.0000000	0.0000000	0.0000000	0.0000000	0.0000000	0.0000000	0.0000000	0.0000000	0.0000000	0.0000000	0.0000000	0.0000000	0.0000000	0.0000000	0.0000000	0.0000000	0.0000000	0.0000000	0.0000000	0.0000000	0.0000000	0.0000000	0.0000000	0.0000000	0.0000000	0.0000000	0.0000000	0.0000000	0.0000000	0.0000000	0.0000000	0.0000000	0.0000000	0.0000000	2.1061937e-08	2.5527593e-06	0.00015729020	0.0050166295	0.082767183	0.70327276	3.2390251	9.2453162	18.979393	31.626458	46.117073	61.114038	74.857693	85.220582	90.014275	87.532865	77.275297	60.674023	41.256236	23.519796	10.845614	3.9152423	1.0883835	0.23773873	0.043593095	0.0073013525	0.0011941548	0.00019841513	3.4167037e-05	6.1337028e-06	1.1489666e-06	1.8069152e-07	0.0000000	0.0000000	0.0000000	0.0000000	0.0000000	0.0000000	0.0000000	0.0000000
10.7700	0.0000000	0.0000000	0.0000000	0.0000000	0.0000000	0.0000000	0.0000000	0.0000000	0.0000000	0.0000000	0.0000000	0.0000000	0.0000000	0.0000000	0.0000000	0.0000000	0.0000000	0.0000000	0.0000000	0.0000000	0.0000000	0.0000000	0.0000000	0.0000000	0.0000000	0.0000000	0.0000000	0.0000000	0.0000000	0.0000000	0.0000000	0.0000000	0.0000000	0.0000000	0.0000000	0.0000000	0.0000000	0.0000000	0.0000000	0.0000000	0.0000000	1.6528123e-09	2.9876429e-07	2.6356595e-05	0.0011619181	0.025687741	0.28445451	1.6643735	5.8933652	14.690092	29.189021	49.995954	76.884148	108.21086	140.40809	167.85630	183.62414	181.44431	158.84843	120.06398	75.898283	38.735915	15.453868	4.7406726	1.1409529	0.22999000	0.042193846	0.0075220703	0.0013543132	0.00025101283	4.8144448e-05	9.5572172e-06	1.5781498e-06	0.0000000	0.0000000	0.0000000	0.0000000	0.0000000	0.0000000	0.0000000	0.0000000
10.6570	0.0000000	0.0000000	0.0000000	0.0000000	0.0000000	0.0000000	0.0000000	0.0000000	0.0000000	0.0000000	0.0000000	0.0000000	0.0000000	0.0000000	0.0000000	0.0000000	0.0000000	0.0000000	0.0000000	0.0000000	0.0000000	0.0000000	0.0000000	0.0000000	0.0000000	0.0000000	0.0000000	0.0000000	0.0000000	0.0000000	0.0000000	0.0000000	0.0000000	0.0000000	0.0000000	0.0000000	0.0000000	0.0000000	0.0000000	0.0000000	0.0000000	9.5694240e-10	1.7752046e-07	1.5989769e-05	0.00071593850	0.015986458	0.17774246	1.0384479	3.6562113	9.0342836	17.750749	30.006290	45.466856	62.964169	80.283778	94.220782	101.06501	97.794620	83.733905	61.841911	38.182858	19.032989	7.4192204	2.2255790	0.52443636	0.10369474	0.018711707	0.0032927214	0.00058762816	0.00010846339	2.0824067e-05	4.1608620e-06	6.9554351e-07	0.0000000	0.0000000	0.0000000	0.0000000	0.0000000	0.0000000	0.0000000	0.0000000
12.6800	0.0000000	0.0000000	0.0000000	0.0000000	0.0000000	0.0000000	0.0000000	0.0000000	0.0000000	0.0000000	0.0000000	0.0000000	0.0000000	0.0000000	0.0000000	0.0000000	0.0000000	0.0000000	0.0000000	0.0000000	0.0000000	0.0000000	0.0000000	0.0000000	0.0000000	0.0000000	0.0000000	0.0000000	0.0000000	0.0000000	0.0000000	0.0000000	0.0000000	0.0000000	0.0000000	0.0000000	0.0000000	0.0000000	0.0000000	0.0000000	0.0000000	3.9831655e-09	5.6799762e-07	4.0833548e-05	0.0015123862	0.028839972	0.28082439	1.4594439	4.6203806	10.353657	18.555126	28.727593	40.045147	51.350969	60.847893	66.680990	67.258551	61.478353	49.606189	34.570756	20.175624	9.5254519	3.5255920	1.0070216	0.22658282	0.042887810	0.0074259949	0.0012567252	0.00021618104	3.8549293e-05	7.1630729e-06	1.3869453e-06	2.2488404e-07	0.0000000	0.0000000	0.0000000	0.0000000	0.0000000	0.0000000	0.0000000	0.0000000
11.0230	0.0000000	0.0000000	0.0000000	0.0000000	0.0000000	0.0000000	0.0000000	0.0000000	0.0000000	0.0000000	0.0000000	0.0000000	0.0000000	0.0000000	0.0000000	0.0000000	0.0000000	0.0000000	0.0000000	0.0000000	0.0000000	0.0000000	0.0000000	0.0000000	0.0000000	0.0000000	0.0000000	0.0000000	0.0000000	0.0000000	0.0000000	0.0000000	0.0000000	0.0000000	0.0000000	0.0000000	0.0000000	0.0000000	0.0000000	0.0000000	0.0000000	7.4734879e-10	1.3645698e-07	1.2077418e-05	0.00053410759	0.011795556	0.12994362	0.75435917	2.6489749	6.5606109	12.997468	22.272526	34.250170	47.441335	60.205533	69.820998	73.409745	69.467501	59.373982	45.849985	30.866311	16.738142	6.8581763	2.0987461	0.50355575	0.10113760	0.018487433	0.0032693756	0.00057282908	0.00010348774	1.9453473e-05	3.8200012e-06	6.3115798e-07	0.0000000	0.0000000	0.0000000	0.0000000	0.0000000	0.0000000	0.0000000	0.0000000
10.1150	0.0000000	0.0000000	0.0000000	0.0000000	0.0000000	0.0000000	0.0000000	0.0000000	0.0000000	0.0000000	0.0000000	0.0000000	0.0000000	0.0000000	0.0000000	0.0000000	0.0000000	0.0000000	0.0000000	0.0000000	0.0000000	0.0000000	0.0000000	0.0000000	0.0000000	0.0000000	0.0000000	0.0000000	0.0000000	0.0000000	0.0000000	0.0000000	0.0000000	0.0000000	0.0000000	0.0000000	0.0000000	0.0000000	0.0000000	0.0000000	0.0000000	1.1131142e-10	2.2165076e-08	2.1337380e-06	9.5419303e-05	0.0020247029	0.021652677	0.13088682	0.48856511	1.2763240	2.6426882	4.6933585	7.4517499	10.789947	14.362445	18.210660	21.205393	22.127045	20.237162	15.792373	10.202577	5.2799932	2.1237590	0.65420235	0.15769384	0.031795074	0.0058321739	0.0010397074	0.00018733925	3.4803519e-05	6.7076072e-06	1.3426888e-06	2.2458118e-07	0.0000000	0.0000000	0.0000000	0.0000000	0.0000000	0.0000000	0.0000000	0.0000000
