# DO NOT EDIT: written Thu Mar 14 18:48:37 2019 by wrt_emiss_fe17.pro
# faked emissivities [1e-23 ergs cm^3/s] for Fe17 lines from Del Zanna 2011, A&A 536, A59
# emissivities include ion balance, but not abundance, and are spline and ion balance jittered off of emiss_Fe17_00000.txt
# line 6 -- SEED, LOGT
# lines 7+ -- WVL, EMISSIVITY
      828845	4.00	4.05	4.10	4.15	4.20	4.25	4.30	4.35	4.40	4.45	4.50	4.55	4.60	4.65	4.70	4.75	4.80	4.85	4.90	4.95	5.00	5.05	5.10	5.15	5.20	5.25	5.30	5.35	5.40	5.45	5.50	5.55	5.60	5.65	5.70	5.75	5.80	5.85	5.90	5.95	6.00	6.05	6.10	6.15	6.20	6.25	6.30	6.35	6.40	6.45	6.50	6.55	6.60	6.65	6.70	6.75	6.80	6.85	6.90	6.95	7.00	7.05	7.10	7.15	7.20	7.25	7.30	7.35	7.40	7.45	7.50	7.55	7.60	7.65	7.70	7.75	7.80	7.85	7.90	7.95	8.00
15.0130	0.0000000	0.0000000	0.0000000	0.0000000	0.0000000	0.0000000	0.0000000	0.0000000	0.0000000	0.0000000	0.0000000	0.0000000	0.0000000	0.0000000	0.0000000	0.0000000	0.0000000	0.0000000	0.0000000	0.0000000	0.0000000	0.0000000	0.0000000	0.0000000	0.0000000	0.0000000	0.0000000	0.0000000	0.0000000	0.0000000	0.0000000	0.0000000	0.0000000	0.0000000	0.0000000	0.0000000	0.0000000	0.0000000	0.0000000	0.0000000	0.0000000	1.4132091e-06	0.00017637924	0.011151007	0.35962126	5.8736203	47.720044	201.34012	521.59463	1003.7583	1638.6789	2406.5199	3241.5586	4050.4497	4703.3617	5052.5753	4967.5646	4393.5267	3411.0545	2252.7928	1218.0958	518.77226	169.52357	42.916601	8.8996973	1.6367945	0.28681331	0.050242414	0.0090379868	0.0016866660	0.00032749975	6.5983403e-05	2.8443865e-06	0.0000000	0.0000000	0.0000000	0.0000000	0.0000000	0.0000000	0.0000000	0.0000000
17.0510	0.0000000	0.0000000	0.0000000	0.0000000	0.0000000	0.0000000	0.0000000	0.0000000	0.0000000	0.0000000	0.0000000	0.0000000	0.0000000	0.0000000	0.0000000	0.0000000	0.0000000	0.0000000	0.0000000	0.0000000	0.0000000	0.0000000	0.0000000	0.0000000	0.0000000	0.0000000	0.0000000	0.0000000	0.0000000	0.0000000	0.0000000	0.0000000	0.0000000	0.0000000	0.0000000	0.0000000	0.0000000	0.0000000	0.0000000	0.0000000	0.0000000	3.3787106e-06	0.00038628506	0.022283227	0.66235077	10.052860	76.420401	303.58993	744.92227	1365.3799	2109.3545	2916.4550	3708.6501	4384.4958	4825.4680	4920.4284	4598.1746	3869.7897	2860.9170	1791.6026	894.47007	350.63587	105.76393	24.958788	4.8846801	0.85758976	0.14489831	0.024679842	0.0043453240	0.00079756141	0.00015274326	3.0377031e-05	1.2913337e-06	0.0000000	0.0000000	0.0000000	0.0000000	0.0000000	0.0000000	0.0000000	0.0000000
17.0960	0.0000000	0.0000000	0.0000000	0.0000000	0.0000000	0.0000000	0.0000000	0.0000000	0.0000000	0.0000000	0.0000000	0.0000000	0.0000000	0.0000000	0.0000000	0.0000000	0.0000000	0.0000000	0.0000000	0.0000000	0.0000000	0.0000000	0.0000000	0.0000000	0.0000000	0.0000000	0.0000000	0.0000000	0.0000000	0.0000000	0.0000000	0.0000000	0.0000000	0.0000000	0.0000000	0.0000000	0.0000000	0.0000000	0.0000000	0.0000000	0.0000000	3.3791827e-06	0.00037465460	0.021343202	0.62795859	9.4515115	71.304498	280.95692	682.73866	1217.7772	1814.5877	2404.5731	2910.5174	3251.4564	3373.2867	3269.6605	2964.0201	2489.7772	1858.8336	1168.0656	592.28976	233.74164	70.105403	16.179132	3.0458904	0.50775550	0.080729558	0.012877602	0.0021223291	0.00036562361	6.5998691e-05	1.2437698e-05	5.0418429e-07	0.0000000	0.0000000	0.0000000	0.0000000	0.0000000	0.0000000	0.0000000	0.0000000
16.7760	0.0000000	0.0000000	0.0000000	0.0000000	0.0000000	0.0000000	0.0000000	0.0000000	0.0000000	0.0000000	0.0000000	0.0000000	0.0000000	0.0000000	0.0000000	0.0000000	0.0000000	0.0000000	0.0000000	0.0000000	0.0000000	0.0000000	0.0000000	0.0000000	0.0000000	0.0000000	0.0000000	0.0000000	0.0000000	0.0000000	0.0000000	0.0000000	0.0000000	0.0000000	0.0000000	0.0000000	0.0000000	0.0000000	0.0000000	0.0000000	0.0000000	2.1709608e-06	0.00024485293	0.014146144	0.42128242	6.4149016	49.002359	195.92091	484.41387	895.12942	1393.8637	1940.7172	2480.1461	2940.1786	3239.2664	3302.0187	3081.4942	2587.8576	1908.4626	1197.7009	615.66938	249.42627	77.599768	18.731120	3.7113483	0.65387745	0.11008957	0.018589852	0.0032343584	0.00058563725	0.00011061833	2.1722427e-05	9.1401097e-07	0.0000000	0.0000000	0.0000000	0.0000000	0.0000000	0.0000000	0.0000000	0.0000000
15.2620	0.0000000	0.0000000	0.0000000	0.0000000	0.0000000	0.0000000	0.0000000	0.0000000	0.0000000	0.0000000	0.0000000	0.0000000	0.0000000	0.0000000	0.0000000	0.0000000	0.0000000	0.0000000	0.0000000	0.0000000	0.0000000	0.0000000	0.0000000	0.0000000	0.0000000	0.0000000	0.0000000	0.0000000	0.0000000	0.0000000	0.0000000	0.0000000	0.0000000	0.0000000	0.0000000	0.0000000	0.0000000	0.0000000	0.0000000	0.0000000	0.0000000	4.6747244e-07	5.7466402e-05	0.0035939507	0.11507740	1.8714437	15.174230	64.067218	166.63370	323.23334	528.34343	773.94018	1044.4299	1311.0818	1531.1053	1653.3331	1630.6528	1441.7078	1113.3337	727.54172	387.72499	162.34760	52.104127	12.961866	2.6470194	0.48080488	0.083439902	0.014514224	0.0025991101	0.00048397289	9.3968515e-05	1.8968080e-05	8.2060430e-07	0.0000000	0.0000000	0.0000000	0.0000000	0.0000000	0.0000000	0.0000000	0.0000000
12.1240	0.0000000	0.0000000	0.0000000	0.0000000	0.0000000	0.0000000	0.0000000	0.0000000	0.0000000	0.0000000	0.0000000	0.0000000	0.0000000	0.0000000	0.0000000	0.0000000	0.0000000	0.0000000	0.0000000	0.0000000	0.0000000	0.0000000	0.0000000	0.0000000	0.0000000	0.0000000	0.0000000	0.0000000	0.0000000	0.0000000	0.0000000	0.0000000	0.0000000	0.0000000	0.0000000	0.0000000	0.0000000	0.0000000	0.0000000	0.0000000	0.0000000	3.8385950e-08	5.9731091e-06	0.00046067242	0.017780259	0.34178648	3.2220517	15.598830	45.963612	99.811188	180.40586	288.48762	419.73485	561.95468	693.77060	786.65141	811.10225	748.06491	602.56447	410.96425	228.48415	99.656430	33.231484	8.5599410	1.8017539	0.33557879	0.059418319	0.010495232	0.0018998448	0.00035609620	6.9299172e-05	1.3960543e-05	6.0041683e-07	0.0000000	0.0000000	0.0000000	0.0000000	0.0000000	0.0000000	0.0000000	0.0000000
12.2640	0.0000000	0.0000000	0.0000000	0.0000000	0.0000000	0.0000000	0.0000000	0.0000000	0.0000000	0.0000000	0.0000000	0.0000000	0.0000000	0.0000000	0.0000000	0.0000000	0.0000000	0.0000000	0.0000000	0.0000000	0.0000000	0.0000000	0.0000000	0.0000000	0.0000000	0.0000000	0.0000000	0.0000000	0.0000000	0.0000000	0.0000000	0.0000000	0.0000000	0.0000000	0.0000000	0.0000000	0.0000000	0.0000000	0.0000000	0.0000000	0.0000000	3.6301279e-08	5.5622802e-06	0.00043673820	0.017718758	0.35773956	3.5207519	17.284153	50.476573	108.31714	193.07115	304.13995	435.89889	575.43123	701.42621	786.41026	802.68701	733.42267	585.57588	396.11151	218.61438	94.754225	31.436884	8.0672477	1.6937975	0.31501458	0.055746017	0.0098486410	0.0017843834	0.00033495773	6.5321056e-05	1.3194182e-05	5.6933936e-07	0.0000000	0.0000000	0.0000000	0.0000000	0.0000000	0.0000000	0.0000000	0.0000000
13.8250	0.0000000	0.0000000	0.0000000	0.0000000	0.0000000	0.0000000	0.0000000	0.0000000	0.0000000	0.0000000	0.0000000	0.0000000	0.0000000	0.0000000	0.0000000	0.0000000	0.0000000	0.0000000	0.0000000	0.0000000	0.0000000	0.0000000	0.0000000	0.0000000	0.0000000	0.0000000	0.0000000	0.0000000	0.0000000	0.0000000	0.0000000	0.0000000	0.0000000	0.0000000	0.0000000	0.0000000	0.0000000	0.0000000	0.0000000	0.0000000	0.0000000	6.3584840e-08	8.0935014e-06	0.00053230982	0.018216479	0.32100807	2.8471264	13.192098	37.520112	78.970402	138.61619	215.65426	306.23086	402.02963	489.27850	549.39699	562.78925	516.53173	414.16472	281.04327	155.41909	67.435322	22.382316	5.7435041	1.2059345	0.22446256	0.039798516	0.0070537226	0.0012836410	0.00024227091	4.7539944e-05	9.6669709e-06	4.1986901e-07	0.0000000	0.0000000	0.0000000	0.0000000	0.0000000	0.0000000	0.0000000	0.0000000
15.4530	0.0000000	0.0000000	0.0000000	0.0000000	0.0000000	0.0000000	0.0000000	0.0000000	0.0000000	0.0000000	0.0000000	0.0000000	0.0000000	0.0000000	0.0000000	0.0000000	0.0000000	0.0000000	0.0000000	0.0000000	0.0000000	0.0000000	0.0000000	0.0000000	0.0000000	0.0000000	0.0000000	0.0000000	0.0000000	0.0000000	0.0000000	0.0000000	0.0000000	0.0000000	0.0000000	0.0000000	0.0000000	0.0000000	0.0000000	0.0000000	0.0000000	1.3373643e-07	1.5834458e-05	0.00095600774	0.029645160	0.46908993	3.6928528	15.093403	37.853974	70.462592	109.97783	153.57047	196.44460	232.68365	255.54014	258.97680	239.58641	198.85862	144.48432	89.044209	44.804969	17.712733	5.3628250	1.2571354	0.24153625	0.041222762	0.0067191202	0.0010981987	0.00018498518	3.2454271e-05	5.9475027e-06	1.1351085e-06	4.6518351e-08	0.0000000	0.0000000	0.0000000	0.0000000	0.0000000	0.0000000	0.0000000	0.0000000
11.2500	0.0000000	0.0000000	0.0000000	0.0000000	0.0000000	0.0000000	0.0000000	0.0000000	0.0000000	0.0000000	0.0000000	0.0000000	0.0000000	0.0000000	0.0000000	0.0000000	0.0000000	0.0000000	0.0000000	0.0000000	0.0000000	0.0000000	0.0000000	0.0000000	0.0000000	0.0000000	0.0000000	0.0000000	0.0000000	0.0000000	0.0000000	0.0000000	0.0000000	0.0000000	0.0000000	0.0000000	0.0000000	0.0000000	0.0000000	0.0000000	0.0000000	7.2564187e-09	1.2281252e-06	0.00010258897	0.0042707182	0.087708481	0.87517326	4.4430725	13.609783	30.500661	56.553242	92.887823	138.58861	189.91201	239.62044	277.38652	291.70003	274.08840	224.67716	155.78023	87.965418	38.934754	13.164761	3.4358843	0.73231377	0.13803786	0.024719280	0.0044123697	0.00080642147	0.00015244878	2.9892456e-05	6.0626222e-06	2.6229868e-07	0.0000000	0.0000000	0.0000000	0.0000000	0.0000000	0.0000000	0.0000000	0.0000000
11.1290	0.0000000	0.0000000	0.0000000	0.0000000	0.0000000	0.0000000	0.0000000	0.0000000	0.0000000	0.0000000	0.0000000	0.0000000	0.0000000	0.0000000	0.0000000	0.0000000	0.0000000	0.0000000	0.0000000	0.0000000	0.0000000	0.0000000	0.0000000	0.0000000	0.0000000	0.0000000	0.0000000	0.0000000	0.0000000	0.0000000	0.0000000	0.0000000	0.0000000	0.0000000	0.0000000	0.0000000	0.0000000	0.0000000	0.0000000	0.0000000	0.0000000	5.7712068e-09	1.0122917e-06	8.6935713e-05	0.0036918835	0.077157255	0.78119651	4.0104337	12.372341	27.801067	51.433053	83.328361	121.76624	162.78975	200.07520	225.78810	232.24423	214.71964	174.61884	120.75501	67.990224	29.978935	10.091615	2.6211583	0.55590492	0.10427556	0.018586184	0.0033032510	0.00060138553	0.00011331984	2.2161960e-05	4.4851377e-06	1.9369040e-07	0.0000000	0.0000000	0.0000000	0.0000000	0.0000000	0.0000000	0.0000000	0.0000000
16.3360	0.0000000	0.0000000	0.0000000	0.0000000	0.0000000	0.0000000	0.0000000	0.0000000	0.0000000	0.0000000	0.0000000	0.0000000	0.0000000	0.0000000	0.0000000	0.0000000	0.0000000	0.0000000	0.0000000	0.0000000	0.0000000	0.0000000	0.0000000	0.0000000	0.0000000	0.0000000	0.0000000	0.0000000	0.0000000	0.0000000	0.0000000	0.0000000	0.0000000	0.0000000	0.0000000	0.0000000	0.0000000	0.0000000	0.0000000	0.0000000	0.0000000	6.9344134e-08	7.7949361e-06	0.00044618091	0.013084872	0.19486730	1.4462752	5.5930660	13.353931	23.863922	36.053768	49.188063	62.353983	73.373505	80.288293	81.324779	75.435812	62.972846	46.146735	28.889568	14.931548	6.0854563	1.9048072	0.46248482	0.092117833	0.016296698	0.0027508676	0.00046480619	8.0764220e-05	1.4582233e-05	2.7431761e-06	5.3597162e-07	2.2421595e-08	0.0000000	0.0000000	0.0000000	0.0000000	0.0000000	0.0000000	0.0000000	0.0000000
13.8900	0.0000000	0.0000000	0.0000000	0.0000000	0.0000000	0.0000000	0.0000000	0.0000000	0.0000000	0.0000000	0.0000000	0.0000000	0.0000000	0.0000000	0.0000000	0.0000000	0.0000000	0.0000000	0.0000000	0.0000000	0.0000000	0.0000000	0.0000000	0.0000000	0.0000000	0.0000000	0.0000000	0.0000000	0.0000000	0.0000000	0.0000000	0.0000000	0.0000000	0.0000000	0.0000000	0.0000000	0.0000000	0.0000000	0.0000000	0.0000000	0.0000000	2.1027712e-08	2.7801571e-06	0.00018722204	0.0064663420	0.11354394	0.99247175	4.4885205	12.350476	24.968036	41.884708	61.248315	81.708446	100.89131	115.72801	122.76834	117.85634	99.696494	72.948668	44.578764	21.435049	8.3315617	2.6539824	0.65496525	0.13253004	0.023822071	0.0040876812	0.00070270416	0.00012432163	2.2865388e-05	4.3826241e-06	8.7250745e-07	3.7185334e-08	0.0000000	0.0000000	0.0000000	0.0000000	0.0000000	0.0000000	0.0000000	0.0000000
16.0040	0.0000000	0.0000000	0.0000000	0.0000000	0.0000000	0.0000000	0.0000000	0.0000000	0.0000000	0.0000000	0.0000000	0.0000000	0.0000000	0.0000000	0.0000000	0.0000000	0.0000000	0.0000000	0.0000000	0.0000000	0.0000000	0.0000000	0.0000000	0.0000000	0.0000000	0.0000000	0.0000000	0.0000000	0.0000000	0.0000000	0.0000000	0.0000000	0.0000000	0.0000000	0.0000000	0.0000000	0.0000000	0.0000000	0.0000000	0.0000000	0.0000000	4.4292787e-08	5.1904685e-06	0.00030965224	0.0094569703	0.14669822	1.1349420	4.5736194	11.355678	21.012555	32.703502	45.469516	58.038216	68.769465	75.787749	77.347904	72.327414	60.891417	45.012193	28.300366	14.559850	5.8957025	1.8307502	0.44064817	0.087007805	0.015269512	0.0025602542	0.00043056794	7.4625348e-05	1.3466947e-05	2.5366812e-06	4.9707016e-07	2.0884357e-08	0.0000000	0.0000000	0.0000000	0.0000000	0.0000000	0.0000000	0.0000000	0.0000000
10.7700	0.0000000	0.0000000	0.0000000	0.0000000	0.0000000	0.0000000	0.0000000	0.0000000	0.0000000	0.0000000	0.0000000	0.0000000	0.0000000	0.0000000	0.0000000	0.0000000	0.0000000	0.0000000	0.0000000	0.0000000	0.0000000	0.0000000	0.0000000	0.0000000	0.0000000	0.0000000	0.0000000	0.0000000	0.0000000	0.0000000	0.0000000	0.0000000	0.0000000	0.0000000	0.0000000	0.0000000	0.0000000	0.0000000	0.0000000	0.0000000	0.0000000	3.0839084e-09	5.5266115e-07	4.8453679e-05	0.0021008340	0.044851267	0.46415209	2.4358617	7.6761080	17.600713	33.228828	55.016999	82.331760	112.86015	142.23504	164.27730	172.18543	161.10481	131.38765	90.563005	50.815825	22.349269	7.5117427	1.9502503	0.41394945	0.077820961	0.013922467	0.0024873392	0.00045591858	8.6632038e-05	1.7113768e-05	3.5045906e-06	1.5341347e-07	0.0000000	0.0000000	0.0000000	0.0000000	0.0000000	0.0000000	0.0000000	0.0000000
10.6570	0.0000000	0.0000000	0.0000000	0.0000000	0.0000000	0.0000000	0.0000000	0.0000000	0.0000000	0.0000000	0.0000000	0.0000000	0.0000000	0.0000000	0.0000000	0.0000000	0.0000000	0.0000000	0.0000000	0.0000000	0.0000000	0.0000000	0.0000000	0.0000000	0.0000000	0.0000000	0.0000000	0.0000000	0.0000000	0.0000000	0.0000000	0.0000000	0.0000000	0.0000000	0.0000000	0.0000000	0.0000000	0.0000000	0.0000000	0.0000000	0.0000000	1.6348924e-09	3.0205690e-07	2.7250097e-05	0.0012133136	0.026541962	0.28075662	1.5024625	4.8189790	11.228234	21.501248	36.030336	54.422524	75.038008	94.707644	108.99090	113.15055	104.14324	82.893627	55.273184	29.832233	12.648198	4.1454430	1.0702835	0.22964287	0.044025775	0.0080462655	0.0014622847	0.00027108607	5.1840879e-05	1.0261817e-05	2.0974748e-06	9.1309819e-08	0.0000000	0.0000000	0.0000000	0.0000000	0.0000000	0.0000000	0.0000000	0.0000000
12.6800	0.0000000	0.0000000	0.0000000	0.0000000	0.0000000	0.0000000	0.0000000	0.0000000	0.0000000	0.0000000	0.0000000	0.0000000	0.0000000	0.0000000	0.0000000	0.0000000	0.0000000	0.0000000	0.0000000	0.0000000	0.0000000	0.0000000	0.0000000	0.0000000	0.0000000	0.0000000	0.0000000	0.0000000	0.0000000	0.0000000	0.0000000	0.0000000	0.0000000	0.0000000	0.0000000	0.0000000	0.0000000	0.0000000	0.0000000	0.0000000	0.0000000	8.5988864e-09	1.2016552e-06	8.4742282e-05	0.0030420130	0.055104316	0.49230634	2.2481464	6.1921222	12.472592	20.802289	30.642650	41.191309	51.317847	59.404077	63.589415	62.228281	54.651003	41.991938	27.369510	14.573977	5.7099749	1.6667279	0.38339175	0.073672960	0.013319573	0.0023001499	0.00039738597	7.0545430e-05	1.2997936e-05	2.4917227e-06	5.1085288e-07	2.2514759e-08	0.0000000	0.0000000	0.0000000	0.0000000	0.0000000	0.0000000	0.0000000	0.0000000
11.0230	0.0000000	0.0000000	0.0000000	0.0000000	0.0000000	0.0000000	0.0000000	0.0000000	0.0000000	0.0000000	0.0000000	0.0000000	0.0000000	0.0000000	0.0000000	0.0000000	0.0000000	0.0000000	0.0000000	0.0000000	0.0000000	0.0000000	0.0000000	0.0000000	0.0000000	0.0000000	0.0000000	0.0000000	0.0000000	0.0000000	0.0000000	0.0000000	0.0000000	0.0000000	0.0000000	0.0000000	0.0000000	0.0000000	0.0000000	0.0000000	0.0000000	1.1945611e-09	2.1174749e-07	1.8466270e-05	0.00079723554	0.016897936	0.17313496	0.89843938	2.8023398	6.3815056	12.025690	19.974197	30.103202	41.665968	53.080657	61.981132	65.695984	62.204187	51.394745	35.940843	20.490961	9.1644849	3.1315835	0.82563050	0.17761401	0.033764264	0.0060943559	0.0010961897	0.00020206966	3.8610039e-05	7.6726831e-06	1.5814846e-06	6.9711164e-08	0.0000000	0.0000000	0.0000000	0.0000000	0.0000000	0.0000000	0.0000000	0.0000000
10.1150	0.0000000	0.0000000	0.0000000	0.0000000	0.0000000	0.0000000	0.0000000	0.0000000	0.0000000	0.0000000	0.0000000	0.0000000	0.0000000	0.0000000	0.0000000	0.0000000	0.0000000	0.0000000	0.0000000	0.0000000	0.0000000	0.0000000	0.0000000	0.0000000	0.0000000	0.0000000	0.0000000	0.0000000	0.0000000	0.0000000	0.0000000	0.0000000	0.0000000	0.0000000	0.0000000	0.0000000	0.0000000	0.0000000	0.0000000	0.0000000	0.0000000	1.6314886e-10	3.1772791e-08	3.0032287e-06	0.00013944419	0.0031701821	0.034771461	0.19263619	0.63866777	1.5353982	3.0291856	5.2273558	8.1371155	11.587310	15.159642	18.173332	19.762122	19.166109	16.180030	11.523804	6.6681238	3.0202381	1.0446269	0.27898934	0.060902466	0.011774480	0.0021656886	0.00039744715	7.4734155e-05	1.4543034e-05	2.9362427e-06	6.1315208e-07	2.7293272e-08	0.0000000	0.0000000	0.0000000	0.0000000	0.0000000	0.0000000	0.0000000	0.0000000
