# DO NOT EDIT: written Thu Mar 14 18:48:37 2019 by wrt_emiss_fe17.pro
# faked emissivities [1e-23 ergs cm^3/s] for Fe17 lines from Del Zanna 2011, A&A 536, A59
# emissivities include ion balance, but not abundance, and are spline and ion balance jittered off of emiss_Fe17_00000.txt
# line 6 -- SEED, LOGT
# lines 7+ -- WVL, EMISSIVITY
       15533	4.00	4.05	4.10	4.15	4.20	4.25	4.30	4.35	4.40	4.45	4.50	4.55	4.60	4.65	4.70	4.75	4.80	4.85	4.90	4.95	5.00	5.05	5.10	5.15	5.20	5.25	5.30	5.35	5.40	5.45	5.50	5.55	5.60	5.65	5.70	5.75	5.80	5.85	5.90	5.95	6.00	6.05	6.10	6.15	6.20	6.25	6.30	6.35	6.40	6.45	6.50	6.55	6.60	6.65	6.70	6.75	6.80	6.85	6.90	6.95	7.00	7.05	7.10	7.15	7.20	7.25	7.30	7.35	7.40	7.45	7.50	7.55	7.60	7.65	7.70	7.75	7.80	7.85	7.90	7.95	8.00
15.0130	0.0000000	0.0000000	0.0000000	0.0000000	0.0000000	0.0000000	0.0000000	0.0000000	0.0000000	0.0000000	0.0000000	0.0000000	0.0000000	0.0000000	0.0000000	0.0000000	0.0000000	0.0000000	0.0000000	0.0000000	0.0000000	0.0000000	0.0000000	0.0000000	0.0000000	0.0000000	0.0000000	0.0000000	0.0000000	0.0000000	0.0000000	0.0000000	0.0000000	0.0000000	0.0000000	0.0000000	0.0000000	0.0000000	0.0000000	0.0000000	4.3960326e-09	2.0450669e-06	0.00022114676	0.012803328	0.39282169	6.2648958	50.628895	215.00538	565.15903	1112.6697	1849.6118	2751.2023	3757.2732	4757.2171	5587.1611	6055.9432	5991.2741	5315.1252	4122.8745	2706.5555	1444.3852	601.33459	189.90733	46.112255	9.2156407	1.6590665	0.28897436	0.050786957	0.0092045719	0.0017311788	0.00033847841	6.8408757e-05	0.0000000	0.0000000	0.0000000	0.0000000	0.0000000	0.0000000	0.0000000	0.0000000	0.0000000
17.0510	0.0000000	0.0000000	0.0000000	0.0000000	0.0000000	0.0000000	0.0000000	0.0000000	0.0000000	0.0000000	0.0000000	0.0000000	0.0000000	0.0000000	0.0000000	0.0000000	0.0000000	0.0000000	0.0000000	0.0000000	0.0000000	0.0000000	0.0000000	0.0000000	0.0000000	0.0000000	0.0000000	0.0000000	0.0000000	0.0000000	0.0000000	0.0000000	0.0000000	0.0000000	0.0000000	0.0000000	0.0000000	0.0000000	0.0000000	0.0000000	1.0983091e-08	4.5331589e-06	0.00044089282	0.023184674	0.64999141	9.5058119	70.553519	275.31905	665.56703	1207.1919	1853.1813	2552.5877	3238.0522	3821.2622	4198.7890	4273.7465	3984.2619	3341.1094	2456.1972	1531.5994	777.77727	308.37584	92.737118	21.429213	4.0705978	0.69505117	0.11445575	0.018958071	0.0032326991	0.00057191587	0.00010530057	2.0091368e-05	0.0000000	0.0000000	0.0000000	0.0000000	0.0000000	0.0000000	0.0000000	0.0000000	0.0000000
17.0960	0.0000000	0.0000000	0.0000000	0.0000000	0.0000000	0.0000000	0.0000000	0.0000000	0.0000000	0.0000000	0.0000000	0.0000000	0.0000000	0.0000000	0.0000000	0.0000000	0.0000000	0.0000000	0.0000000	0.0000000	0.0000000	0.0000000	0.0000000	0.0000000	0.0000000	0.0000000	0.0000000	0.0000000	0.0000000	0.0000000	0.0000000	0.0000000	0.0000000	0.0000000	0.0000000	0.0000000	0.0000000	0.0000000	0.0000000	0.0000000	1.2338604e-08	5.0431430e-06	0.00048522937	0.025259508	0.70247551	10.207090	75.305212	291.84781	699.41866	1254.5599	1899.5989	2574.5692	3206.2162	3706.4689	3981.8721	3955.5426	3592.6444	2930.1250	2091.2538	1263.5045	620.50005	237.64144	69.026975	15.424590	2.8406989	0.47220833	0.076144405	0.012426626	0.0020981304	0.00036885121	6.7618416e-05	1.2847971e-05	0.0000000	0.0000000	0.0000000	0.0000000	0.0000000	0.0000000	0.0000000	0.0000000	0.0000000
16.7760	0.0000000	0.0000000	0.0000000	0.0000000	0.0000000	0.0000000	0.0000000	0.0000000	0.0000000	0.0000000	0.0000000	0.0000000	0.0000000	0.0000000	0.0000000	0.0000000	0.0000000	0.0000000	0.0000000	0.0000000	0.0000000	0.0000000	0.0000000	0.0000000	0.0000000	0.0000000	0.0000000	0.0000000	0.0000000	0.0000000	0.0000000	0.0000000	0.0000000	0.0000000	0.0000000	0.0000000	0.0000000	0.0000000	0.0000000	0.0000000	8.9530148e-09	3.7324280e-06	0.00036515903	0.019275723	0.54272286	7.9825700	59.686074	235.01136	573.96036	1052.2657	1632.4469	2270.2196	2901.6595	3442.4660	3796.0336	3872.1561	3613.5616	3030.9062	2227.6234	1388.2800	704.56692	279.40524	84.184648	19.540776	3.7420086	0.64718120	0.10859178	0.018435975	0.0032364130	0.00059109734	0.00011019936	2.0796922e-05	0.0000000	0.0000000	0.0000000	0.0000000	0.0000000	0.0000000	0.0000000	0.0000000	0.0000000
15.2620	0.0000000	0.0000000	0.0000000	0.0000000	0.0000000	0.0000000	0.0000000	0.0000000	0.0000000	0.0000000	0.0000000	0.0000000	0.0000000	0.0000000	0.0000000	0.0000000	0.0000000	0.0000000	0.0000000	0.0000000	0.0000000	0.0000000	0.0000000	0.0000000	0.0000000	0.0000000	0.0000000	0.0000000	0.0000000	0.0000000	0.0000000	0.0000000	0.0000000	0.0000000	0.0000000	0.0000000	0.0000000	0.0000000	0.0000000	0.0000000	1.2899729e-09	5.9139678e-07	6.3524658e-05	0.0036749323	0.11255277	1.7866568	14.305335	59.874979	154.41803	297.33840	482.57712	700.58373	934.41133	1157.0646	1331.8315	1417.9622	1380.7243	1207.8378	931.59097	609.30714	324.54412	135.07802	42.709406	10.396936	2.0859092	0.37745703	0.066165381	0.011716798	0.0021418955	0.00040667380	8.0323816e-05	1.6407117e-05	0.0000000	0.0000000	0.0000000	0.0000000	0.0000000	0.0000000	0.0000000	0.0000000	0.0000000
12.1240	0.0000000	0.0000000	0.0000000	0.0000000	0.0000000	0.0000000	0.0000000	0.0000000	0.0000000	0.0000000	0.0000000	0.0000000	0.0000000	0.0000000	0.0000000	0.0000000	0.0000000	0.0000000	0.0000000	0.0000000	0.0000000	0.0000000	0.0000000	0.0000000	0.0000000	0.0000000	0.0000000	0.0000000	0.0000000	0.0000000	0.0000000	0.0000000	0.0000000	0.0000000	0.0000000	0.0000000	0.0000000	0.0000000	0.0000000	0.0000000	8.8878136e-11	5.3892085e-08	7.3854707e-06	0.00052786203	0.019507330	0.36609948	3.4060265	16.325081	47.617121	102.52699	184.09603	292.67624	423.34636	563.30688	690.89663	777.92223	795.72713	726.79720	578.26529	388.05962	211.04141	89.283888	28.582635	7.0226581	1.4182966	0.25772144	0.045260621	0.0080124524	0.0014615196	0.00027645649	5.4317265e-05	1.1020224e-05	0.0000000	0.0000000	0.0000000	0.0000000	0.0000000	0.0000000	0.0000000	0.0000000	0.0000000
12.2640	0.0000000	0.0000000	0.0000000	0.0000000	0.0000000	0.0000000	0.0000000	0.0000000	0.0000000	0.0000000	0.0000000	0.0000000	0.0000000	0.0000000	0.0000000	0.0000000	0.0000000	0.0000000	0.0000000	0.0000000	0.0000000	0.0000000	0.0000000	0.0000000	0.0000000	0.0000000	0.0000000	0.0000000	0.0000000	0.0000000	0.0000000	0.0000000	0.0000000	0.0000000	0.0000000	0.0000000	0.0000000	0.0000000	0.0000000	0.0000000	9.0907728e-11	5.4831010e-08	7.4925866e-06	0.00053469282	0.019731050	0.36925744	3.4151743	16.188604	46.379235	97.429483	169.69013	260.38810	362.08878	461.72510	541.14546	580.55628	586.20772	532.25156	421.19051	281.29449	152.36838	64.266798	20.533891	5.0410322	1.0183261	0.18523274	0.032582781	0.0057797732	0.0010566784	0.00020036395	3.9464148e-05	8.0263484e-06	0.0000000	0.0000000	0.0000000	0.0000000	0.0000000	0.0000000	0.0000000	0.0000000	0.0000000
13.8250	0.0000000	0.0000000	0.0000000	0.0000000	0.0000000	0.0000000	0.0000000	0.0000000	0.0000000	0.0000000	0.0000000	0.0000000	0.0000000	0.0000000	0.0000000	0.0000000	0.0000000	0.0000000	0.0000000	0.0000000	0.0000000	0.0000000	0.0000000	0.0000000	0.0000000	0.0000000	0.0000000	0.0000000	0.0000000	0.0000000	0.0000000	0.0000000	0.0000000	0.0000000	0.0000000	0.0000000	0.0000000	0.0000000	0.0000000	0.0000000	1.9886905e-10	9.8819167e-08	1.1391041e-05	0.00070247566	0.022941602	0.38865750	3.3212267	14.801690	40.431630	81.983533	139.43096	211.27050	293.35352	377.82480	452.41539	501.13429	507.42502	460.83464	365.58043	245.01366	133.27654	56.486581	18.146799	4.4819680	0.91161171	0.16717595	0.029687757	0.0053233820	0.00098476172	0.00018904074	3.7697476e-05	7.7598252e-06	0.0000000	0.0000000	0.0000000	0.0000000	0.0000000	0.0000000	0.0000000	0.0000000	0.0000000
15.4530	0.0000000	0.0000000	0.0000000	0.0000000	0.0000000	0.0000000	0.0000000	0.0000000	0.0000000	0.0000000	0.0000000	0.0000000	0.0000000	0.0000000	0.0000000	0.0000000	0.0000000	0.0000000	0.0000000	0.0000000	0.0000000	0.0000000	0.0000000	0.0000000	0.0000000	0.0000000	0.0000000	0.0000000	0.0000000	0.0000000	0.0000000	0.0000000	0.0000000	0.0000000	0.0000000	0.0000000	0.0000000	0.0000000	0.0000000	0.0000000	4.8255160e-10	2.1670982e-07	2.2652410e-05	0.0012671556	0.037485811	0.57419671	4.4322044	17.861760	44.277222	81.770762	126.97002	175.87232	223.19684	262.22642	285.55001	286.83422	262.88211	215.99100	155.14191	94.306729	46.618826	17.992883	5.2749386	1.1917307	0.22229900	0.037482930	0.0061362238	0.0010170393	0.00017438268	3.1114458e-05	5.7826788e-06	1.1120757e-06	0.0000000	0.0000000	0.0000000	0.0000000	0.0000000	0.0000000	0.0000000	0.0000000	0.0000000
11.2500	0.0000000	0.0000000	0.0000000	0.0000000	0.0000000	0.0000000	0.0000000	0.0000000	0.0000000	0.0000000	0.0000000	0.0000000	0.0000000	0.0000000	0.0000000	0.0000000	0.0000000	0.0000000	0.0000000	0.0000000	0.0000000	0.0000000	0.0000000	0.0000000	0.0000000	0.0000000	0.0000000	0.0000000	0.0000000	0.0000000	0.0000000	0.0000000	0.0000000	0.0000000	0.0000000	0.0000000	0.0000000	0.0000000	0.0000000	0.0000000	1.9543924e-11	1.2997848e-08	1.9326528e-06	0.00014845439	0.0058468519	0.11607247	1.1346170	5.6783830	17.201918	38.304749	70.884454	115.80366	171.71043	233.72857	292.65524	335.74734	349.28619	323.89987	261.16932	177.30356	97.376078	41.530088	13.378913	3.3017315	0.66852864	0.12155648	0.021313597	0.0037591616	0.00068204310	0.00012818309	2.5008578e-05	5.0382339e-06	0.0000000	0.0000000	0.0000000	0.0000000	0.0000000	0.0000000	0.0000000	0.0000000	0.0000000
11.1290	0.0000000	0.0000000	0.0000000	0.0000000	0.0000000	0.0000000	0.0000000	0.0000000	0.0000000	0.0000000	0.0000000	0.0000000	0.0000000	0.0000000	0.0000000	0.0000000	0.0000000	0.0000000	0.0000000	0.0000000	0.0000000	0.0000000	0.0000000	0.0000000	0.0000000	0.0000000	0.0000000	0.0000000	0.0000000	0.0000000	0.0000000	0.0000000	0.0000000	0.0000000	0.0000000	0.0000000	0.0000000	0.0000000	0.0000000	0.0000000	1.0678986e-11	7.1871400e-09	1.0798593e-06	8.3704662e-05	0.0033225464	0.066393969	0.65242960	3.2777092	9.9513818	22.173011	41.269205	70.492803	110.05457	158.28374	207.94086	246.13544	257.49812	233.19223	180.84457	118.33635	63.221670	26.469597	8.4442302	2.0805246	0.42372456	0.078016835	0.013933526	0.0025148044	0.00046835724	9.0497672e-05	1.8154758e-05	3.7558253e-06	0.0000000	0.0000000	0.0000000	0.0000000	0.0000000	0.0000000	0.0000000	0.0000000	0.0000000
16.3360	0.0000000	0.0000000	0.0000000	0.0000000	0.0000000	0.0000000	0.0000000	0.0000000	0.0000000	0.0000000	0.0000000	0.0000000	0.0000000	0.0000000	0.0000000	0.0000000	0.0000000	0.0000000	0.0000000	0.0000000	0.0000000	0.0000000	0.0000000	0.0000000	0.0000000	0.0000000	0.0000000	0.0000000	0.0000000	0.0000000	0.0000000	0.0000000	0.0000000	0.0000000	0.0000000	0.0000000	0.0000000	0.0000000	0.0000000	0.0000000	2.1687724e-10	9.1492185e-08	9.0376629e-06	0.00048041611	0.013589392	0.20028533	1.4951609	5.8514017	14.131649	25.476443	38.664123	52.374561	65.014262	74.760143	79.977047	80.725298	74.535263	61.829375	44.907130	27.637261	13.845407	5.4189959	1.6115927	0.36938001	0.069890307	0.011951752	0.0019846589	0.00033380605	5.8118637e-05	1.0539220e-05	1.9929152e-06	3.9045952e-07	0.0000000	0.0000000	0.0000000	0.0000000	0.0000000	0.0000000	0.0000000	0.0000000	0.0000000
13.8900	0.0000000	0.0000000	0.0000000	0.0000000	0.0000000	0.0000000	0.0000000	0.0000000	0.0000000	0.0000000	0.0000000	0.0000000	0.0000000	0.0000000	0.0000000	0.0000000	0.0000000	0.0000000	0.0000000	0.0000000	0.0000000	0.0000000	0.0000000	0.0000000	0.0000000	0.0000000	0.0000000	0.0000000	0.0000000	0.0000000	0.0000000	0.0000000	0.0000000	0.0000000	0.0000000	0.0000000	0.0000000	0.0000000	0.0000000	0.0000000	7.0329238e-11	3.4099301e-08	3.8332771e-06	0.00023047583	0.0073397069	0.12129797	1.0112160	4.3922891	11.661257	22.900634	37.585738	54.778581	72.954021	89.942960	102.97516	108.95251	105.30092	91.255835	69.072039	44.160661	22.914125	9.2659691	2.8415885	0.67053631	0.13045366	0.022915099	0.0039046375	0.00067320849	0.00012003253	2.2269225e-05	4.3045400e-06	8.6147417e-07	0.0000000	0.0000000	0.0000000	0.0000000	0.0000000	0.0000000	0.0000000	0.0000000	0.0000000
16.0040	0.0000000	0.0000000	0.0000000	0.0000000	0.0000000	0.0000000	0.0000000	0.0000000	0.0000000	0.0000000	0.0000000	0.0000000	0.0000000	0.0000000	0.0000000	0.0000000	0.0000000	0.0000000	0.0000000	0.0000000	0.0000000	0.0000000	0.0000000	0.0000000	0.0000000	0.0000000	0.0000000	0.0000000	0.0000000	0.0000000	0.0000000	0.0000000	0.0000000	0.0000000	0.0000000	0.0000000	0.0000000	0.0000000	0.0000000	0.0000000	1.3553190e-10	5.9569429e-08	6.1227307e-06	0.00033773998	0.0098751896	0.14986586	1.1491147	4.6138282	11.432723	21.166069	33.015255	46.003718	58.791147	69.645430	76.608875	77.902052	72.440099	60.508839	44.251321	27.417618	13.822170	5.4409860	1.6266257	0.37471382	0.071265822	0.012253915	0.0020471509	0.00034669459	6.0841270e-05	1.1131210e-05	2.1253285e-06	4.2071849e-07	0.0000000	0.0000000	0.0000000	0.0000000	0.0000000	0.0000000	0.0000000	0.0000000	0.0000000
10.7700	0.0000000	0.0000000	0.0000000	0.0000000	0.0000000	0.0000000	0.0000000	0.0000000	0.0000000	0.0000000	0.0000000	0.0000000	0.0000000	0.0000000	0.0000000	0.0000000	0.0000000	0.0000000	0.0000000	0.0000000	0.0000000	0.0000000	0.0000000	0.0000000	0.0000000	0.0000000	0.0000000	0.0000000	0.0000000	0.0000000	0.0000000	0.0000000	0.0000000	0.0000000	0.0000000	0.0000000	0.0000000	0.0000000	0.0000000	0.0000000	6.4507384e-12	4.5494435e-09	7.1478188e-07	5.7847477e-05	0.0023941497	0.049806762	0.50841856	2.6443885	8.2703432	18.871901	35.551079	58.803577	87.920130	120.35445	151.34379	174.22039	181.74559	168.92617	136.49309	92.850147	51.106902	21.857010	7.0669830	1.7525238	0.35711949	0.065475166	0.011600402	0.0020712171	0.00038089195	7.2601848e-05	1.4366022e-05	2.9334877e-06	0.0000000	0.0000000	0.0000000	0.0000000	0.0000000	0.0000000	0.0000000	0.0000000	0.0000000
10.6570	0.0000000	0.0000000	0.0000000	0.0000000	0.0000000	0.0000000	0.0000000	0.0000000	0.0000000	0.0000000	0.0000000	0.0000000	0.0000000	0.0000000	0.0000000	0.0000000	0.0000000	0.0000000	0.0000000	0.0000000	0.0000000	0.0000000	0.0000000	0.0000000	0.0000000	0.0000000	0.0000000	0.0000000	0.0000000	0.0000000	0.0000000	0.0000000	0.0000000	0.0000000	0.0000000	0.0000000	0.0000000	0.0000000	0.0000000	0.0000000	3.9570793e-12	2.8187053e-09	4.4576842e-07	3.6208398e-05	0.0015006771	0.031208058	0.31803320	1.6505484	5.1543352	11.760332	22.182977	36.788069	55.205797	75.896202	95.859281	110.81884	116.04138	107.55609	86.462335	58.439809	31.918860	13.527290	4.3282450	1.0607461	0.21334538	0.038577448	0.0067415462	0.0011882823	0.00021605086	4.0798284e-05	8.0175633e-06	1.6305023e-06	0.0000000	0.0000000	0.0000000	0.0000000	0.0000000	0.0000000	0.0000000	0.0000000	0.0000000
12.6800	0.0000000	0.0000000	0.0000000	0.0000000	0.0000000	0.0000000	0.0000000	0.0000000	0.0000000	0.0000000	0.0000000	0.0000000	0.0000000	0.0000000	0.0000000	0.0000000	0.0000000	0.0000000	0.0000000	0.0000000	0.0000000	0.0000000	0.0000000	0.0000000	0.0000000	0.0000000	0.0000000	0.0000000	0.0000000	0.0000000	0.0000000	0.0000000	0.0000000	0.0000000	0.0000000	0.0000000	0.0000000	0.0000000	0.0000000	0.0000000	1.9791364e-11	1.0488089e-08	1.2788630e-06	8.2922480e-05	0.0028332264	0.049931428	0.43994459	1.9923687	5.4495076	10.918970	18.121537	26.499192	35.192664	43.080229	48.785587	50.934373	48.534338	41.493995	31.069326	19.774755	10.307052	4.2339332	1.3364022	0.32930637	0.067896356	0.012798655	0.0023354948	0.00042373449	7.6468295e-05	1.4231865e-05	2.7555423e-06	5.5165594e-07	0.0000000	0.0000000	0.0000000	0.0000000	0.0000000	0.0000000	0.0000000	0.0000000	0.0000000
11.0230	0.0000000	0.0000000	0.0000000	0.0000000	0.0000000	0.0000000	0.0000000	0.0000000	0.0000000	0.0000000	0.0000000	0.0000000	0.0000000	0.0000000	0.0000000	0.0000000	0.0000000	0.0000000	0.0000000	0.0000000	0.0000000	0.0000000	0.0000000	0.0000000	0.0000000	0.0000000	0.0000000	0.0000000	0.0000000	0.0000000	0.0000000	0.0000000	0.0000000	0.0000000	0.0000000	0.0000000	0.0000000	0.0000000	0.0000000	0.0000000	2.5509803e-12	1.7516462e-09	2.7025499e-07	2.1593876e-05	0.00088324026	0.018108974	0.18175348	0.92894214	2.8605018	6.4549753	12.096033	20.015725	30.071260	41.485961	52.646013	61.172236	64.423941	60.480798	49.396718	34.003138	18.965731	8.2269517	2.6982620	0.67834994	0.13997438	0.025953451	0.0046455533	0.00083745519	0.00015557567	3.0006093e-05	6.0218678e-06	1.2504426e-06	0.0000000	0.0000000	0.0000000	0.0000000	0.0000000	0.0000000	0.0000000	0.0000000	0.0000000
10.1150	0.0000000	0.0000000	0.0000000	0.0000000	0.0000000	0.0000000	0.0000000	0.0000000	0.0000000	0.0000000	0.0000000	0.0000000	0.0000000	0.0000000	0.0000000	0.0000000	0.0000000	0.0000000	0.0000000	0.0000000	0.0000000	0.0000000	0.0000000	0.0000000	0.0000000	0.0000000	0.0000000	0.0000000	0.0000000	0.0000000	0.0000000	0.0000000	0.0000000	0.0000000	0.0000000	0.0000000	0.0000000	0.0000000	0.0000000	0.0000000	3.2674448e-13	2.5223105e-10	4.2960219e-08	3.7384010e-06	0.00016522975	0.0036500272	0.039380540	0.21567820	0.70813497	1.6910400	3.3231429	5.7190314	8.8786873	12.601665	16.415251	19.566508	21.119295	20.284896	16.907590	11.838507	6.6922199	2.9351985	0.97262279	0.24716193	0.051621701	0.0097054210	0.0017641180	0.00032315972	6.0955504e-05	1.1911432e-05	2.4147936e-06	5.0482187e-07	0.0000000	0.0000000	0.0000000	0.0000000	0.0000000	0.0000000	0.0000000	0.0000000	0.0000000
