# DO NOT EDIT: written Thu Mar 14 18:48:37 2019 by wrt_emiss_fe17.pro
# faked emissivities [1e-23 ergs cm^3/s] for Fe17 lines from Del Zanna 2011, A&A 536, A59
# emissivities include ion balance, but not abundance, and are spline and ion balance jittered off of emiss_Fe17_00000.txt
# line 6 -- SEED, LOGT
# lines 7+ -- WVL, EMISSIVITY
      807360	4.00	4.05	4.10	4.15	4.20	4.25	4.30	4.35	4.40	4.45	4.50	4.55	4.60	4.65	4.70	4.75	4.80	4.85	4.90	4.95	5.00	5.05	5.10	5.15	5.20	5.25	5.30	5.35	5.40	5.45	5.50	5.55	5.60	5.65	5.70	5.75	5.80	5.85	5.90	5.95	6.00	6.05	6.10	6.15	6.20	6.25	6.30	6.35	6.40	6.45	6.50	6.55	6.60	6.65	6.70	6.75	6.80	6.85	6.90	6.95	7.00	7.05	7.10	7.15	7.20	7.25	7.30	7.35	7.40	7.45	7.50	7.55	7.60	7.65	7.70	7.75	7.80	7.85	7.90	7.95	8.00
15.0130	0.0000000	0.0000000	0.0000000	0.0000000	0.0000000	0.0000000	0.0000000	0.0000000	0.0000000	0.0000000	0.0000000	0.0000000	0.0000000	0.0000000	0.0000000	0.0000000	0.0000000	0.0000000	0.0000000	0.0000000	0.0000000	0.0000000	0.0000000	0.0000000	0.0000000	0.0000000	0.0000000	0.0000000	0.0000000	0.0000000	0.0000000	0.0000000	0.0000000	0.0000000	0.0000000	0.0000000	0.0000000	0.0000000	0.0000000	0.0000000	0.0000000	1.4877771e-06	0.00018847089	0.012090702	0.39557038	6.5531413	53.993150	230.98906	606.74794	1184.1479	1938.5736	2828.9214	3784.3125	4694.1046	5409.4082	5766.1454	5625.3800	4937.7088	3805.7037	2496.2603	1341.2473	567.99619	184.70995	46.586483	9.6391047	1.7719080	0.31083120	0.054578769	0.0098510357	0.0018459654	0.00036012945	7.2936635e-05	3.0456370e-06	0.0000000	0.0000000	0.0000000	0.0000000	0.0000000	0.0000000	0.0000000	0.0000000
17.0510	0.0000000	0.0000000	0.0000000	0.0000000	0.0000000	0.0000000	0.0000000	0.0000000	0.0000000	0.0000000	0.0000000	0.0000000	0.0000000	0.0000000	0.0000000	0.0000000	0.0000000	0.0000000	0.0000000	0.0000000	0.0000000	0.0000000	0.0000000	0.0000000	0.0000000	0.0000000	0.0000000	0.0000000	0.0000000	0.0000000	0.0000000	0.0000000	0.0000000	0.0000000	0.0000000	0.0000000	0.0000000	0.0000000	0.0000000	0.0000000	0.0000000	3.0217429e-06	0.00033854554	0.019473839	0.57729475	8.7400450	66.285781	262.75648	643.52077	1177.9416	1818.4805	2514.0431	3198.6377	3786.0557	4174.7399	4268.1614	4002.3249	3382.2271	2512.0388	1588.2573	822.46818	335.53687	105.05313	25.502309	5.0796595	0.89932381	0.15203275	0.025741890	0.0044828600	0.00081089151	0.00015271287	2.9839272e-05	1.2008875e-06	0.0000000	0.0000000	0.0000000	0.0000000	0.0000000	0.0000000	0.0000000	0.0000000
17.0960	0.0000000	0.0000000	0.0000000	0.0000000	0.0000000	0.0000000	0.0000000	0.0000000	0.0000000	0.0000000	0.0000000	0.0000000	0.0000000	0.0000000	0.0000000	0.0000000	0.0000000	0.0000000	0.0000000	0.0000000	0.0000000	0.0000000	0.0000000	0.0000000	0.0000000	0.0000000	0.0000000	0.0000000	0.0000000	0.0000000	0.0000000	0.0000000	0.0000000	0.0000000	0.0000000	0.0000000	0.0000000	0.0000000	0.0000000	0.0000000	0.0000000	2.9516324e-06	0.00032858122	0.018483485	0.54181298	8.2727838	64.074460	260.62381	653.65485	1216.7703	1884.5229	2563.5307	3201.2531	3710.1027	3996.8419	3983.8671	3634.4585	2982.2832	2146.7702	1313.0681	656.53068	258.10246	77.732912	18.126246	3.4647734	0.58840785	0.095434063	0.015513849	0.0025966669	0.00044765039	8.0302878e-05	1.4971608e-05	5.7612523e-07	0.0000000	0.0000000	0.0000000	0.0000000	0.0000000	0.0000000	0.0000000	0.0000000
16.7760	0.0000000	0.0000000	0.0000000	0.0000000	0.0000000	0.0000000	0.0000000	0.0000000	0.0000000	0.0000000	0.0000000	0.0000000	0.0000000	0.0000000	0.0000000	0.0000000	0.0000000	0.0000000	0.0000000	0.0000000	0.0000000	0.0000000	0.0000000	0.0000000	0.0000000	0.0000000	0.0000000	0.0000000	0.0000000	0.0000000	0.0000000	0.0000000	0.0000000	0.0000000	0.0000000	0.0000000	0.0000000	0.0000000	0.0000000	0.0000000	0.0000000	1.8528817e-06	0.00020887727	0.012065752	0.35938329	5.4747977	41.849179	167.46169	414.50586	767.14238	1197.0152	1670.7940	2141.3849	2546.9260	2816.3121	2970.3733	2976.9326	2686.0739	2118.9792	1415.1434	745.47907	303.46213	94.802326	22.963393	4.5640923	0.80643749	0.13610133	0.023016136	0.0040054167	0.00072447408	0.00013652419	2.6714802e-05	1.0777260e-06	0.0000000	0.0000000	0.0000000	0.0000000	0.0000000	0.0000000	0.0000000	0.0000000
15.2620	0.0000000	0.0000000	0.0000000	0.0000000	0.0000000	0.0000000	0.0000000	0.0000000	0.0000000	0.0000000	0.0000000	0.0000000	0.0000000	0.0000000	0.0000000	0.0000000	0.0000000	0.0000000	0.0000000	0.0000000	0.0000000	0.0000000	0.0000000	0.0000000	0.0000000	0.0000000	0.0000000	0.0000000	0.0000000	0.0000000	0.0000000	0.0000000	0.0000000	0.0000000	0.0000000	0.0000000	0.0000000	0.0000000	0.0000000	0.0000000	0.0000000	5.0721886e-07	6.4027860e-05	0.0041172734	0.13563042	2.2429744	18.359878	78.096186	204.12896	396.78881	647.71678	943.78467	1262.2466	1566.9752	1808.6638	1932.1568	1889.7805	1663.2223	1285.2407	844.91877	454.72820	192.72665	62.655561	15.778551	3.2560972	0.59638708	0.10415134	0.018192868	0.0032645952	0.00060788305	0.00011779618	2.3688296e-05	9.8182677e-07	0.0000000	0.0000000	0.0000000	0.0000000	0.0000000	0.0000000	0.0000000	0.0000000
12.1240	0.0000000	0.0000000	0.0000000	0.0000000	0.0000000	0.0000000	0.0000000	0.0000000	0.0000000	0.0000000	0.0000000	0.0000000	0.0000000	0.0000000	0.0000000	0.0000000	0.0000000	0.0000000	0.0000000	0.0000000	0.0000000	0.0000000	0.0000000	0.0000000	0.0000000	0.0000000	0.0000000	0.0000000	0.0000000	0.0000000	0.0000000	0.0000000	0.0000000	0.0000000	0.0000000	0.0000000	0.0000000	0.0000000	0.0000000	0.0000000	0.0000000	3.6428568e-08	5.7452776e-06	0.00044842641	0.017480633	0.33854133	3.2056541	15.534689	45.663629	98.657201	177.06730	280.76746	404.72549	536.69043	656.41241	737.86417	754.79203	691.11468	553.03221	374.91724	207.29167	89.948579	29.850475	7.6563048	1.6063454	0.29863832	0.052854918	0.0093431964	0.0016944385	0.00031849812	6.2220433e-05	1.2595439e-05	5.2490735e-07	0.0000000	0.0000000	0.0000000	0.0000000	0.0000000	0.0000000	0.0000000	0.0000000
12.2640	0.0000000	0.0000000	0.0000000	0.0000000	0.0000000	0.0000000	0.0000000	0.0000000	0.0000000	0.0000000	0.0000000	0.0000000	0.0000000	0.0000000	0.0000000	0.0000000	0.0000000	0.0000000	0.0000000	0.0000000	0.0000000	0.0000000	0.0000000	0.0000000	0.0000000	0.0000000	0.0000000	0.0000000	0.0000000	0.0000000	0.0000000	0.0000000	0.0000000	0.0000000	0.0000000	0.0000000	0.0000000	0.0000000	0.0000000	0.0000000	0.0000000	3.6449489e-08	5.6085446e-06	0.00042961761	0.016523940	0.31717638	2.9870338	14.425593	42.294881	91.207547	163.50598	259.18364	373.91044	496.88801	609.64648	687.76502	706.01095	648.31602	519.74041	352.65856	195.03278	84.618724	28.073643	7.1983576	1.5097489	0.28052479	0.049603810	0.0087563406	0.0015849132	0.00029714050	5.7857763e-05	1.1665557e-05	4.8388741e-07	0.0000000	0.0000000	0.0000000	0.0000000	0.0000000	0.0000000	0.0000000	0.0000000
13.8250	0.0000000	0.0000000	0.0000000	0.0000000	0.0000000	0.0000000	0.0000000	0.0000000	0.0000000	0.0000000	0.0000000	0.0000000	0.0000000	0.0000000	0.0000000	0.0000000	0.0000000	0.0000000	0.0000000	0.0000000	0.0000000	0.0000000	0.0000000	0.0000000	0.0000000	0.0000000	0.0000000	0.0000000	0.0000000	0.0000000	0.0000000	0.0000000	0.0000000	0.0000000	0.0000000	0.0000000	0.0000000	0.0000000	0.0000000	0.0000000	0.0000000	6.5892864e-08	8.7740936e-06	0.00059303315	0.020499511	0.35954282	3.1368003	14.175508	39.121608	79.762277	135.78421	205.34135	284.07266	364.16825	433.82412	478.05558	481.92745	436.60365	346.68768	233.80022	128.94186	55.960542	18.623804	4.8023490	1.0154745	0.19075533	0.034190233	0.0061318881	0.0011296596	0.00021583290	4.2865847e-05	8.8199124e-06	3.7326302e-07	0.0000000	0.0000000	0.0000000	0.0000000	0.0000000	0.0000000	0.0000000	0.0000000
15.4530	0.0000000	0.0000000	0.0000000	0.0000000	0.0000000	0.0000000	0.0000000	0.0000000	0.0000000	0.0000000	0.0000000	0.0000000	0.0000000	0.0000000	0.0000000	0.0000000	0.0000000	0.0000000	0.0000000	0.0000000	0.0000000	0.0000000	0.0000000	0.0000000	0.0000000	0.0000000	0.0000000	0.0000000	0.0000000	0.0000000	0.0000000	0.0000000	0.0000000	0.0000000	0.0000000	0.0000000	0.0000000	0.0000000	0.0000000	0.0000000	0.0000000	1.4301996e-07	1.7323811e-05	0.0010685717	0.033734859	0.54009397	4.2992343	17.742153	44.856565	84.065955	131.85227	183.92264	234.63702	276.81888	302.52667	304.92517	280.49199	231.50718	167.32807	102.65279	51.464605	20.294473	6.1352992	1.4373984	0.27632825	0.047245181	0.0077208740	0.0012654974	0.00021369357	3.7550705e-05	6.8833333e-06	1.3117462e-06	5.1591783e-08	0.0000000	0.0000000	0.0000000	0.0000000	0.0000000	0.0000000	0.0000000	0.0000000
11.2500	0.0000000	0.0000000	0.0000000	0.0000000	0.0000000	0.0000000	0.0000000	0.0000000	0.0000000	0.0000000	0.0000000	0.0000000	0.0000000	0.0000000	0.0000000	0.0000000	0.0000000	0.0000000	0.0000000	0.0000000	0.0000000	0.0000000	0.0000000	0.0000000	0.0000000	0.0000000	0.0000000	0.0000000	0.0000000	0.0000000	0.0000000	0.0000000	0.0000000	0.0000000	0.0000000	0.0000000	0.0000000	0.0000000	0.0000000	0.0000000	0.0000000	7.1455748e-09	1.2239350e-06	0.00010282261	0.0042801579	0.087891431	0.87678881	4.4494429	13.622650	30.517960	56.572012	92.337888	136.61879	185.48566	231.70767	265.40692	276.05019	256.47035	207.83460	142.44204	79.502451	36.546427	13.986171	3.8129959	0.74070321	0.11822078	0.021013799	0.0037283467	0.00067820915	0.00017287839	3.3827633e-05	6.8536626e-06	2.8558390e-07	0.0000000	0.0000000	0.0000000	0.0000000	0.0000000	0.0000000	0.0000000	0.0000000
11.1290	0.0000000	0.0000000	0.0000000	0.0000000	0.0000000	0.0000000	0.0000000	0.0000000	0.0000000	0.0000000	0.0000000	0.0000000	0.0000000	0.0000000	0.0000000	0.0000000	0.0000000	0.0000000	0.0000000	0.0000000	0.0000000	0.0000000	0.0000000	0.0000000	0.0000000	0.0000000	0.0000000	0.0000000	0.0000000	0.0000000	0.0000000	0.0000000	0.0000000	0.0000000	0.0000000	0.0000000	0.0000000	0.0000000	0.0000000	0.0000000	0.0000000	5.9605036e-09	1.0325591e-06	8.7629088e-05	0.0036810660	0.076207737	0.76572369	3.9098532	12.030845	27.058478	50.311405	82.306936	121.98448	165.82650	207.34025	237.63361	247.22528	229.67359	186.04568	127.41833	71.049173	31.047435	10.363664	2.6710166	0.56269566	0.10498503	0.018635537	0.0033015067	0.00059959071	0.00011276419	2.2020729e-05	4.4515888e-06	1.8503186e-07	0.0000000	0.0000000	0.0000000	0.0000000	0.0000000	0.0000000	0.0000000	0.0000000
16.3360	0.0000000	0.0000000	0.0000000	0.0000000	0.0000000	0.0000000	0.0000000	0.0000000	0.0000000	0.0000000	0.0000000	0.0000000	0.0000000	0.0000000	0.0000000	0.0000000	0.0000000	0.0000000	0.0000000	0.0000000	0.0000000	0.0000000	0.0000000	0.0000000	0.0000000	0.0000000	0.0000000	0.0000000	0.0000000	0.0000000	0.0000000	0.0000000	0.0000000	0.0000000	0.0000000	0.0000000	0.0000000	0.0000000	0.0000000	0.0000000	0.0000000	6.8837304e-08	8.0728205e-06	0.00048097563	0.014528155	0.22285481	1.7111634	6.8569346	16.937353	31.164884	48.199992	66.560785	84.042067	97.636709	105.33251	105.07250	95.906326	78.741906	56.740339	34.783758	17.468740	6.9181317	2.1061254	0.49836766	0.097073160	0.016866660	0.0028084888	0.00047007261	8.1201652e-05	1.4616435e-05	2.7470578e-06	5.3702045e-07	2.1670640e-08	0.0000000	0.0000000	0.0000000	0.0000000	0.0000000	0.0000000	0.0000000	0.0000000
13.8900	0.0000000	0.0000000	0.0000000	0.0000000	0.0000000	0.0000000	0.0000000	0.0000000	0.0000000	0.0000000	0.0000000	0.0000000	0.0000000	0.0000000	0.0000000	0.0000000	0.0000000	0.0000000	0.0000000	0.0000000	0.0000000	0.0000000	0.0000000	0.0000000	0.0000000	0.0000000	0.0000000	0.0000000	0.0000000	0.0000000	0.0000000	0.0000000	0.0000000	0.0000000	0.0000000	0.0000000	0.0000000	0.0000000	0.0000000	0.0000000	0.0000000	2.3695857e-08	3.0530564e-06	0.00019965949	0.0066804353	0.11347151	0.95881880	4.1922270	11.161228	21.867922	35.631852	51.376594	67.528441	82.057152	92.616762	96.776534	92.692920	80.036714	60.818483	39.435329	21.032317	8.8916326	2.9051417	0.74006113	0.15528100	0.029025291	0.0051846081	0.00092714711	0.00016677962	3.0685262e-05	5.8835584e-06	1.1716812e-06	4.8113710e-08	0.0000000	0.0000000	0.0000000	0.0000000	0.0000000	0.0000000	0.0000000	0.0000000
16.0040	0.0000000	0.0000000	0.0000000	0.0000000	0.0000000	0.0000000	0.0000000	0.0000000	0.0000000	0.0000000	0.0000000	0.0000000	0.0000000	0.0000000	0.0000000	0.0000000	0.0000000	0.0000000	0.0000000	0.0000000	0.0000000	0.0000000	0.0000000	0.0000000	0.0000000	0.0000000	0.0000000	0.0000000	0.0000000	0.0000000	0.0000000	0.0000000	0.0000000	0.0000000	0.0000000	0.0000000	0.0000000	0.0000000	0.0000000	0.0000000	0.0000000	3.9626731e-08	4.6475900e-06	0.00027778125	0.0085088188	0.13250504	1.0298354	4.1708829	10.411036	19.372964	30.324763	42.410112	54.459976	64.929697	72.012616	73.979050	69.648829	59.051123	43.972511	27.857538	14.445084	5.8967609	1.8462380	0.44809891	0.089248263	0.015805366	0.0026745243	0.00045375749	7.9273760e-05	1.4402524e-05	2.7270288e-06	5.3614455e-07	2.1723502e-08	0.0000000	0.0000000	0.0000000	0.0000000	0.0000000	0.0000000	0.0000000	0.0000000
10.7700	0.0000000	0.0000000	0.0000000	0.0000000	0.0000000	0.0000000	0.0000000	0.0000000	0.0000000	0.0000000	0.0000000	0.0000000	0.0000000	0.0000000	0.0000000	0.0000000	0.0000000	0.0000000	0.0000000	0.0000000	0.0000000	0.0000000	0.0000000	0.0000000	0.0000000	0.0000000	0.0000000	0.0000000	0.0000000	0.0000000	0.0000000	0.0000000	0.0000000	0.0000000	0.0000000	0.0000000	0.0000000	0.0000000	0.0000000	0.0000000	0.0000000	3.2108346e-09	5.7769005e-07	5.0852681e-05	0.0022139473	0.047466505	0.49333566	2.6001508	8.2294431	18.955169	35.955332	59.818886	89.951140	123.89471	156.87022	181.99408	191.56610	179.94478	147.27293	101.82193	57.271398	25.229680	8.4862065	2.2032167	0.46747254	0.087836126	0.015697694	0.0027986015	0.00051110659	9.6573329e-05	1.8926004e-05	3.8344558e-06	1.5947671e-07	0.0000000	0.0000000	0.0000000	0.0000000	0.0000000	0.0000000	0.0000000	0.0000000
10.6570	0.0000000	0.0000000	0.0000000	0.0000000	0.0000000	0.0000000	0.0000000	0.0000000	0.0000000	0.0000000	0.0000000	0.0000000	0.0000000	0.0000000	0.0000000	0.0000000	0.0000000	0.0000000	0.0000000	0.0000000	0.0000000	0.0000000	0.0000000	0.0000000	0.0000000	0.0000000	0.0000000	0.0000000	0.0000000	0.0000000	0.0000000	0.0000000	0.0000000	0.0000000	0.0000000	0.0000000	0.0000000	0.0000000	0.0000000	0.0000000	0.0000000	1.7257109e-09	3.1219482e-07	2.7560813e-05	0.0012007679	0.025715505	0.26656105	1.3999398	4.4156972	10.145992	19.221644	31.977701	48.130953	66.395492	84.208387	97.851118	103.12484	96.936128	79.343222	54.828194	30.799768	13.537851	4.5382501	1.1727823	0.24734515	0.046141466	0.0081823969	0.0014474069	0.00026235857	4.9226103e-05	9.5855153e-06	1.9308506e-06	7.9885488e-08	0.0000000	0.0000000	0.0000000	0.0000000	0.0000000	0.0000000	0.0000000	0.0000000
12.6800	0.0000000	0.0000000	0.0000000	0.0000000	0.0000000	0.0000000	0.0000000	0.0000000	0.0000000	0.0000000	0.0000000	0.0000000	0.0000000	0.0000000	0.0000000	0.0000000	0.0000000	0.0000000	0.0000000	0.0000000	0.0000000	0.0000000	0.0000000	0.0000000	0.0000000	0.0000000	0.0000000	0.0000000	0.0000000	0.0000000	0.0000000	0.0000000	0.0000000	0.0000000	0.0000000	0.0000000	0.0000000	0.0000000	0.0000000	0.0000000	0.0000000	8.6192006e-09	1.2044366e-06	8.4935273e-05	0.0030487368	0.055169963	0.48555805	2.1826609	5.9136785	11.711229	19.193666	27.765770	36.628943	44.749767	50.783229	53.414800	51.576280	44.873264	34.280742	22.285266	11.867241	4.9808367	1.6056112	0.40166921	0.082497743	0.015062354	0.0026250367	0.00045787598	8.2055932e-05	1.5253298e-05	2.9472537e-06	5.8984555e-07	2.4277288e-08	0.0000000	0.0000000	0.0000000	0.0000000	0.0000000	0.0000000	0.0000000	0.0000000
11.0230	0.0000000	0.0000000	0.0000000	0.0000000	0.0000000	0.0000000	0.0000000	0.0000000	0.0000000	0.0000000	0.0000000	0.0000000	0.0000000	0.0000000	0.0000000	0.0000000	0.0000000	0.0000000	0.0000000	0.0000000	0.0000000	0.0000000	0.0000000	0.0000000	0.0000000	0.0000000	0.0000000	0.0000000	0.0000000	0.0000000	0.0000000	0.0000000	0.0000000	0.0000000	0.0000000	0.0000000	0.0000000	0.0000000	0.0000000	0.0000000	0.0000000	1.0444757e-09	1.8424375e-07	1.6002745e-05	0.00068857737	0.014555278	0.14880238	0.77075826	2.4006897	5.4621145	10.289532	17.091463	25.767813	35.694186	45.542148	53.237948	56.464788	53.467939	44.170943	30.900179	17.620344	7.8805050	2.6923270	0.70974537	0.15276360	0.029086053	0.0052639609	0.00095024561	0.00017594697	3.3794970e-05	6.7566092e-06	1.4023354e-06	6.0013773e-08	0.0000000	0.0000000	0.0000000	0.0000000	0.0000000	0.0000000	0.0000000	0.0000000
10.1150	0.0000000	0.0000000	0.0000000	0.0000000	0.0000000	0.0000000	0.0000000	0.0000000	0.0000000	0.0000000	0.0000000	0.0000000	0.0000000	0.0000000	0.0000000	0.0000000	0.0000000	0.0000000	0.0000000	0.0000000	0.0000000	0.0000000	0.0000000	0.0000000	0.0000000	0.0000000	0.0000000	0.0000000	0.0000000	0.0000000	0.0000000	0.0000000	0.0000000	0.0000000	0.0000000	0.0000000	0.0000000	0.0000000	0.0000000	0.0000000	0.0000000	1.9045482e-10	3.7850526e-08	3.6358077e-06	0.00017089481	0.0039188318	0.043205385	0.23979829	0.79401864	1.9011344	3.7260701	6.3729176	9.8119706	13.794402	17.789258	20.993146	22.448496	21.391730	17.733992	12.399437	7.0428991	3.1317926	1.0639073	0.27934453	0.060059308	0.011464349	0.0020869306	0.00037982957	7.0956112e-05	1.3738486e-05	2.7635738e-06	5.7564911e-07	2.4654864e-08	0.0000000	0.0000000	0.0000000	0.0000000	0.0000000	0.0000000	0.0000000	0.0000000
