# DO NOT EDIT: written Thu Mar 14 18:48:37 2019 by wrt_emiss_fe17.pro
# faked emissivities [1e-23 ergs cm^3/s] for Fe17 lines from Del Zanna 2011, A&A 536, A59
# emissivities include ion balance, but not abundance, and are spline and ion balance jittered off of emiss_Fe17_00000.txt
# line 6 -- SEED, LOGT
# lines 7+ -- WVL, EMISSIVITY
      397676	4.00	4.05	4.10	4.15	4.20	4.25	4.30	4.35	4.40	4.45	4.50	4.55	4.60	4.65	4.70	4.75	4.80	4.85	4.90	4.95	5.00	5.05	5.10	5.15	5.20	5.25	5.30	5.35	5.40	5.45	5.50	5.55	5.60	5.65	5.70	5.75	5.80	5.85	5.90	5.95	6.00	6.05	6.10	6.15	6.20	6.25	6.30	6.35	6.40	6.45	6.50	6.55	6.60	6.65	6.70	6.75	6.80	6.85	6.90	6.95	7.00	7.05	7.10	7.15	7.20	7.25	7.30	7.35	7.40	7.45	7.50	7.55	7.60	7.65	7.70	7.75	7.80	7.85	7.90	7.95	8.00
15.0130	0.0000000	0.0000000	0.0000000	0.0000000	0.0000000	0.0000000	0.0000000	0.0000000	0.0000000	0.0000000	0.0000000	0.0000000	0.0000000	0.0000000	0.0000000	0.0000000	0.0000000	0.0000000	0.0000000	0.0000000	0.0000000	0.0000000	0.0000000	0.0000000	0.0000000	0.0000000	0.0000000	0.0000000	0.0000000	0.0000000	0.0000000	0.0000000	0.0000000	0.0000000	0.0000000	0.0000000	0.0000000	0.0000000	0.0000000	0.0000000	8.1987641e-08	1.2655109e-05	0.00095332495	0.038105077	0.82254188	9.6843401	63.202342	239.22377	594.68476	1134.9269	1845.8930	2696.4089	3622.7783	4517.6437	5230.7159	5591.4780	5453.3677	4764.7280	3635.9691	2346.1714	1230.9552	504.83037	157.65366	38.025297	7.5767599	1.3632592	0.23767174	0.041850962	0.0076044347	0.0014346741	0.00028149270	5.5204422e-05	0.0000000	0.0000000	0.0000000	0.0000000	0.0000000	0.0000000	0.0000000	0.0000000	0.0000000
17.0510	0.0000000	0.0000000	0.0000000	0.0000000	0.0000000	0.0000000	0.0000000	0.0000000	0.0000000	0.0000000	0.0000000	0.0000000	0.0000000	0.0000000	0.0000000	0.0000000	0.0000000	0.0000000	0.0000000	0.0000000	0.0000000	0.0000000	0.0000000	0.0000000	0.0000000	0.0000000	0.0000000	0.0000000	0.0000000	0.0000000	0.0000000	0.0000000	0.0000000	0.0000000	0.0000000	0.0000000	0.0000000	0.0000000	0.0000000	0.0000000	1.9205955e-07	2.6458519e-05	0.0018008828	0.065643812	1.3003725	14.115993	85.245860	299.54544	693.49444	1236.4183	1883.9154	2584.0038	3266.0569	3837.6526	4192.6088	4234.4466	3907.5062	3234.6968	2341.4808	1434.7679	715.68820	279.38409	83.158434	19.151748	3.6517682	0.63023101	0.10564014	0.017925559	0.0031454027	0.00057417658	0.00010915589	2.0756202e-05	0.0000000	0.0000000	0.0000000	0.0000000	0.0000000	0.0000000	0.0000000	0.0000000	0.0000000
17.0960	0.0000000	0.0000000	0.0000000	0.0000000	0.0000000	0.0000000	0.0000000	0.0000000	0.0000000	0.0000000	0.0000000	0.0000000	0.0000000	0.0000000	0.0000000	0.0000000	0.0000000	0.0000000	0.0000000	0.0000000	0.0000000	0.0000000	0.0000000	0.0000000	0.0000000	0.0000000	0.0000000	0.0000000	0.0000000	0.0000000	0.0000000	0.0000000	0.0000000	0.0000000	0.0000000	0.0000000	0.0000000	0.0000000	0.0000000	0.0000000	2.0232890e-07	2.7513987e-05	0.0018467912	0.066434830	1.3015585	13.996846	83.784604	291.60579	667.55300	1174.1471	1760.5870	2371.0209	2935.7722	3371.5835	3592.9270	3533.2654	3169.2707	2546.2244	1785.9662	1058.6550	509.89674	191.81554	54.915176	12.145340	2.2213773	0.36751734	0.059059152	0.0096132251	0.0016197168	0.00028428492	5.2050582e-05	9.5511684e-06	0.0000000	0.0000000	0.0000000	0.0000000	0.0000000	0.0000000	0.0000000	0.0000000	0.0000000
16.7760	0.0000000	0.0000000	0.0000000	0.0000000	0.0000000	0.0000000	0.0000000	0.0000000	0.0000000	0.0000000	0.0000000	0.0000000	0.0000000	0.0000000	0.0000000	0.0000000	0.0000000	0.0000000	0.0000000	0.0000000	0.0000000	0.0000000	0.0000000	0.0000000	0.0000000	0.0000000	0.0000000	0.0000000	0.0000000	0.0000000	0.0000000	0.0000000	0.0000000	0.0000000	0.0000000	0.0000000	0.0000000	0.0000000	0.0000000	0.0000000	1.4059296e-07	1.9483899e-05	0.0013280101	0.048359094	0.95726214	10.397624	62.933171	222.02570	516.84028	927.29602	1422.1918	1962.6860	2492.1048	2936.4152	3212.7276	3246.3204	2994.7806	2477.2518	1791.6737	1097.0195	546.84157	213.32861	63.447238	14.597576	2.7800222	0.47914804	0.080210491	0.013594590	0.0023831333	0.00043471800	8.2611361e-05	1.5709038e-05	0.0000000	0.0000000	0.0000000	0.0000000	0.0000000	0.0000000	0.0000000	0.0000000	0.0000000
15.2620	0.0000000	0.0000000	0.0000000	0.0000000	0.0000000	0.0000000	0.0000000	0.0000000	0.0000000	0.0000000	0.0000000	0.0000000	0.0000000	0.0000000	0.0000000	0.0000000	0.0000000	0.0000000	0.0000000	0.0000000	0.0000000	0.0000000	0.0000000	0.0000000	0.0000000	0.0000000	0.0000000	0.0000000	0.0000000	0.0000000	0.0000000	0.0000000	0.0000000	0.0000000	0.0000000	0.0000000	0.0000000	0.0000000	0.0000000	0.0000000	2.7478443e-08	4.2451993e-06	0.00032014802	0.012805264	0.27626521	3.2435934	21.046200	78.971175	194.11104	365.49575	585.51243	841.47317	1111.5002	1362.0999	1549.6589	1628.0336	1561.2894	1342.4608	1009.3140	642.59985	333.23673	135.32976	41.930123	10.054583	1.9962627	0.35876027	0.062622726	0.011061036	0.0020185311	0.00038271942	7.5459361e-05	1.4855631e-05	0.0000000	0.0000000	0.0000000	0.0000000	0.0000000	0.0000000	0.0000000	0.0000000	0.0000000
12.1240	0.0000000	0.0000000	0.0000000	0.0000000	0.0000000	0.0000000	0.0000000	0.0000000	0.0000000	0.0000000	0.0000000	0.0000000	0.0000000	0.0000000	0.0000000	0.0000000	0.0000000	0.0000000	0.0000000	0.0000000	0.0000000	0.0000000	0.0000000	0.0000000	0.0000000	0.0000000	0.0000000	0.0000000	0.0000000	0.0000000	0.0000000	0.0000000	0.0000000	0.0000000	0.0000000	0.0000000	0.0000000	0.0000000	0.0000000	0.0000000	1.8622990e-09	3.7178516e-07	3.5090079e-05	0.0017071677	0.043686169	0.59523570	4.3988947	18.501494	50.273401	103.47846	180.81414	285.83102	421.29741	579.23212	736.31379	855.42537	861.84234	774.48098	605.64848	399.25106	213.43187	88.969966	28.181165	6.8835797	1.3874503	0.25225035	0.044389745	0.0078814686	0.0014425521	0.00027388591	5.4016647e-05	1.0632648e-05	0.0000000	0.0000000	0.0000000	0.0000000	0.0000000	0.0000000	0.0000000	0.0000000	0.0000000
12.2640	0.0000000	0.0000000	0.0000000	0.0000000	0.0000000	0.0000000	0.0000000	0.0000000	0.0000000	0.0000000	0.0000000	0.0000000	0.0000000	0.0000000	0.0000000	0.0000000	0.0000000	0.0000000	0.0000000	0.0000000	0.0000000	0.0000000	0.0000000	0.0000000	0.0000000	0.0000000	0.0000000	0.0000000	0.0000000	0.0000000	0.0000000	0.0000000	0.0000000	0.0000000	0.0000000	0.0000000	0.0000000	0.0000000	0.0000000	0.0000000	1.6379798e-09	3.2176016e-07	2.9995586e-05	0.0014470482	0.036860380	0.50173349	3.7156224	15.696237	42.921017	88.990508	155.60832	242.28515	344.57537	452.35804	549.02870	612.91050	622.03832	563.55805	444.36433	295.30518	159.08642	66.791120	21.292764	5.2318015	1.0602522	0.19369635	0.034227473	0.0060978972	0.0011190432	0.00021285188	4.2021599e-05	8.2732803e-06	0.0000000	0.0000000	0.0000000	0.0000000	0.0000000	0.0000000	0.0000000	0.0000000	0.0000000
13.8250	0.0000000	0.0000000	0.0000000	0.0000000	0.0000000	0.0000000	0.0000000	0.0000000	0.0000000	0.0000000	0.0000000	0.0000000	0.0000000	0.0000000	0.0000000	0.0000000	0.0000000	0.0000000	0.0000000	0.0000000	0.0000000	0.0000000	0.0000000	0.0000000	0.0000000	0.0000000	0.0000000	0.0000000	0.0000000	0.0000000	0.0000000	0.0000000	0.0000000	0.0000000	0.0000000	0.0000000	0.0000000	0.0000000	0.0000000	0.0000000	3.4361002e-09	5.6763941e-07	4.5643997e-05	0.0019461166	0.044816317	0.56264290	3.9068120	15.661503	40.939597	81.579704	137.76968	208.12524	288.46203	370.68412	442.19102	486.77316	488.39490	438.17951	342.46151	225.65978	120.61372	50.298184	15.952227	3.9057648	0.79024791	0.14449059	0.025620690	0.0045921266	0.00084981194	0.00016333191	3.2635520e-05	6.5108017e-06	0.0000000	0.0000000	0.0000000	0.0000000	0.0000000	0.0000000	0.0000000	0.0000000	0.0000000
15.4530	0.0000000	0.0000000	0.0000000	0.0000000	0.0000000	0.0000000	0.0000000	0.0000000	0.0000000	0.0000000	0.0000000	0.0000000	0.0000000	0.0000000	0.0000000	0.0000000	0.0000000	0.0000000	0.0000000	0.0000000	0.0000000	0.0000000	0.0000000	0.0000000	0.0000000	0.0000000	0.0000000	0.0000000	0.0000000	0.0000000	0.0000000	0.0000000	0.0000000	0.0000000	0.0000000	0.0000000	0.0000000	0.0000000	0.0000000	0.0000000	8.9734394e-09	1.3267325e-06	9.5669832e-05	0.0036571258	0.075427182	0.84758013	5.2738163	19.021828	45.063040	82.020346	127.42217	178.19747	229.86178	276.03309	308.34498	316.89061	294.49044	240.79641	170.09345	98.698203	45.032123	15.320374	5.3886583	1.2033540	0.22244869	0.037229431	0.0060556420	0.00099815195	0.00017035622	3.0291853e-05	5.6183293e-06	1.0439607e-06	0.0000000	0.0000000	0.0000000	0.0000000	0.0000000	0.0000000	0.0000000	0.0000000	0.0000000
11.2500	0.0000000	0.0000000	0.0000000	0.0000000	0.0000000	0.0000000	0.0000000	0.0000000	0.0000000	0.0000000	0.0000000	0.0000000	0.0000000	0.0000000	0.0000000	0.0000000	0.0000000	0.0000000	0.0000000	0.0000000	0.0000000	0.0000000	0.0000000	0.0000000	0.0000000	0.0000000	0.0000000	0.0000000	0.0000000	0.0000000	0.0000000	0.0000000	0.0000000	0.0000000	0.0000000	0.0000000	0.0000000	0.0000000	0.0000000	0.0000000	3.1905764e-10	7.2083396e-08	7.6327649e-06	0.00041257778	0.011604731	0.17174640	1.3619810	6.0842829	17.424155	37.548736	67.833753	108.62322	158.27360	211.99540	261.37449	295.29180	302.41922	275.92120	218.81523	146.12820	79.066259	33.333521	10.670944	2.6326484	0.53570185	0.098288485	0.017446347	0.0031225878	0.00057572195	0.00011001877	2.1819223e-05	4.3143322e-06	0.0000000	0.0000000	0.0000000	0.0000000	0.0000000	0.0000000	0.0000000	0.0000000	0.0000000
11.1290	0.0000000	0.0000000	0.0000000	0.0000000	0.0000000	0.0000000	0.0000000	0.0000000	0.0000000	0.0000000	0.0000000	0.0000000	0.0000000	0.0000000	0.0000000	0.0000000	0.0000000	0.0000000	0.0000000	0.0000000	0.0000000	0.0000000	0.0000000	0.0000000	0.0000000	0.0000000	0.0000000	0.0000000	0.0000000	0.0000000	0.0000000	0.0000000	0.0000000	0.0000000	0.0000000	0.0000000	0.0000000	0.0000000	0.0000000	0.0000000	2.1479343e-10	4.7814783e-08	5.0262166e-06	0.00027292265	0.0078326446	0.12047225	1.0078835	4.7761021	14.095431	30.728057	56.162001	90.868388	133.49517	179.93010	222.85003	252.51576	259.00871	236.37496	187.28682	124.83675	67.364242	28.306593	9.0280993	2.2185474	0.44962101	0.082167247	0.014528660	0.0025908397	0.00047605318	9.0693210e-05	1.7939121e-05	3.5396625e-06	0.0000000	0.0000000	0.0000000	0.0000000	0.0000000	0.0000000	0.0000000	0.0000000	0.0000000
16.3360	0.0000000	0.0000000	0.0000000	0.0000000	0.0000000	0.0000000	0.0000000	0.0000000	0.0000000	0.0000000	0.0000000	0.0000000	0.0000000	0.0000000	0.0000000	0.0000000	0.0000000	0.0000000	0.0000000	0.0000000	0.0000000	0.0000000	0.0000000	0.0000000	0.0000000	0.0000000	0.0000000	0.0000000	0.0000000	0.0000000	0.0000000	0.0000000	0.0000000	0.0000000	0.0000000	0.0000000	0.0000000	0.0000000	0.0000000	0.0000000	3.9732894e-09	4.9068727e-07	3.3587432e-05	0.0012344720	0.024628040	0.26919463	1.6357783	5.7764011	13.413897	23.921511	36.361678	49.649160	62.361709	72.723165	78.781003	78.842294	72.047794	59.029625	42.265045	25.607053	12.628221	4.8738992	1.4344501	0.32675048	0.061652358	0.011291669	0.0023680768	0.00039871482	6.9507701e-05	1.2621532e-05	2.3896558e-06	4.5302893e-07	0.0000000	0.0000000	0.0000000	0.0000000	0.0000000	0.0000000	0.0000000	0.0000000	0.0000000
13.8900	0.0000000	0.0000000	0.0000000	0.0000000	0.0000000	0.0000000	0.0000000	0.0000000	0.0000000	0.0000000	0.0000000	0.0000000	0.0000000	0.0000000	0.0000000	0.0000000	0.0000000	0.0000000	0.0000000	0.0000000	0.0000000	0.0000000	0.0000000	0.0000000	0.0000000	0.0000000	0.0000000	0.0000000	0.0000000	0.0000000	0.0000000	0.0000000	0.0000000	0.0000000	0.0000000	0.0000000	0.0000000	0.0000000	0.0000000	0.0000000	1.0856103e-09	1.7467382e-07	1.3655297e-05	0.00056531723	0.012720105	0.15657926	1.0692047	4.2249613	10.894643	21.416412	35.653064	52.870354	71.381760	88.474671	100.93154	105.55950	100.13024	84.644740	62.197086	38.487399	19.320144	7.5786438	2.2680295	0.52654894	0.10168644	0.017893503	0.0030840095	0.00054345514	0.00010012245	1.9351464e-05	3.9017870e-06	7.8343385e-07	0.0000000	0.0000000	0.0000000	0.0000000	0.0000000	0.0000000	0.0000000	0.0000000	0.0000000
16.0040	0.0000000	0.0000000	0.0000000	0.0000000	0.0000000	0.0000000	0.0000000	0.0000000	0.0000000	0.0000000	0.0000000	0.0000000	0.0000000	0.0000000	0.0000000	0.0000000	0.0000000	0.0000000	0.0000000	0.0000000	0.0000000	0.0000000	0.0000000	0.0000000	0.0000000	0.0000000	0.0000000	0.0000000	0.0000000	0.0000000	0.0000000	0.0000000	0.0000000	0.0000000	0.0000000	0.0000000	0.0000000	0.0000000	0.0000000	0.0000000	2.5558098e-09	3.7397575e-07	2.6821464e-05	0.0010223711	0.021055954	0.23647555	1.4712813	5.3073176	12.573614	22.860933	35.394267	49.160056	62.709897	74.143294	81.314779	82.297273	75.999281	62.892309	45.466239	27.800833	13.826987	5.3776968	1.5937458	0.36536750	0.069353735	0.011919338	0.0019909448	0.00033700366	5.9059961e-05	1.0780518e-05	2.0514987e-06	3.9080745e-07	0.0000000	0.0000000	0.0000000	0.0000000	0.0000000	0.0000000	0.0000000	0.0000000	0.0000000
10.7700	0.0000000	0.0000000	0.0000000	0.0000000	0.0000000	0.0000000	0.0000000	0.0000000	0.0000000	0.0000000	0.0000000	0.0000000	0.0000000	0.0000000	0.0000000	0.0000000	0.0000000	0.0000000	0.0000000	0.0000000	0.0000000	0.0000000	0.0000000	0.0000000	0.0000000	0.0000000	0.0000000	0.0000000	0.0000000	0.0000000	0.0000000	0.0000000	0.0000000	0.0000000	0.0000000	0.0000000	0.0000000	0.0000000	0.0000000	0.0000000	1.1551425e-10	2.7545377e-08	3.0728077e-06	0.00017423142	0.0050138160	0.074509218	0.59718930	2.7678729	8.3922024	19.274667	36.931093	61.929730	93.337290	128.06062	160.54217	183.33633	188.88647	172.72828	136.93279	91.272544	49.242163	20.684803	6.5946065	1.6198672	0.32815507	0.059951983	0.010598350	0.0018895680	0.00034710274	6.6100192e-05	1.3067002e-05	2.5762214e-06	0.0000000	0.0000000	0.0000000	0.0000000	0.0000000	0.0000000	0.0000000	0.0000000	0.0000000
10.6570	0.0000000	0.0000000	0.0000000	0.0000000	0.0000000	0.0000000	0.0000000	0.0000000	0.0000000	0.0000000	0.0000000	0.0000000	0.0000000	0.0000000	0.0000000	0.0000000	0.0000000	0.0000000	0.0000000	0.0000000	0.0000000	0.0000000	0.0000000	0.0000000	0.0000000	0.0000000	0.0000000	0.0000000	0.0000000	0.0000000	0.0000000	0.0000000	0.0000000	0.0000000	0.0000000	0.0000000	0.0000000	0.0000000	0.0000000	0.0000000	6.0266106e-11	1.4258333e-08	1.5696880e-06	8.7890935e-05	0.0025593845	0.039286280	0.32398276	1.5063724	4.4842003	10.016480	18.691246	30.791765	45.968475	62.879496	78.972287	90.671105	94.132546	86.836246	69.449021	46.659115	25.341895	10.703429	3.4270137	0.84446766	0.17144689	0.031369140	0.0055533765	0.00099196072	0.00018270529	3.4922499e-05	6.9373703e-06	1.3761085e-06	0.0000000	0.0000000	0.0000000	0.0000000	0.0000000	0.0000000	0.0000000	0.0000000	0.0000000
12.6800	0.0000000	0.0000000	0.0000000	0.0000000	0.0000000	0.0000000	0.0000000	0.0000000	0.0000000	0.0000000	0.0000000	0.0000000	0.0000000	0.0000000	0.0000000	0.0000000	0.0000000	0.0000000	0.0000000	0.0000000	0.0000000	0.0000000	0.0000000	0.0000000	0.0000000	0.0000000	0.0000000	0.0000000	0.0000000	0.0000000	0.0000000	0.0000000	0.0000000	0.0000000	0.0000000	0.0000000	0.0000000	0.0000000	0.0000000	0.0000000	3.7723040e-10	6.6287876e-08	5.6150254e-06	0.00025032444	0.0059898324	0.077604576	0.55071951	2.2240881	5.7788139	11.320584	18.620769	27.212229	36.362837	45.028083	51.736486	54.838394	52.959450	45.703197	34.332018	21.748075	11.179688	4.4856647	1.3693745	0.32286436	0.062914107	0.011078065	0.0018917455	0.00032660223	5.8248159e-05	1.0798640e-05	2.0839726e-06	4.0226545e-07	0.0000000	0.0000000	0.0000000	0.0000000	0.0000000	0.0000000	0.0000000	0.0000000	0.0000000
11.0230	0.0000000	0.0000000	0.0000000	0.0000000	0.0000000	0.0000000	0.0000000	0.0000000	0.0000000	0.0000000	0.0000000	0.0000000	0.0000000	0.0000000	0.0000000	0.0000000	0.0000000	0.0000000	0.0000000	0.0000000	0.0000000	0.0000000	0.0000000	0.0000000	0.0000000	0.0000000	0.0000000	0.0000000	0.0000000	0.0000000	0.0000000	0.0000000	0.0000000	0.0000000	0.0000000	0.0000000	0.0000000	0.0000000	0.0000000	0.0000000	4.8053091e-11	1.1012885e-08	1.1893353e-06	6.5889226e-05	0.0019044280	0.028973218	0.23637036	1.0858527	3.1936797	7.0610007	13.085621	21.480220	32.029711	43.824522	55.080426	63.266872	65.716517	60.699804	48.668345	32.835753	17.946330	7.6406610	2.4683449	0.61386608	0.12575023	0.023201284	0.0041385356	0.00074424540	0.00013803469	2.6597901e-05	5.3352478e-06	1.0706439e-06	0.0000000	0.0000000	0.0000000	0.0000000	0.0000000	0.0000000	0.0000000	0.0000000	0.0000000
10.1150	0.0000000	0.0000000	0.0000000	0.0000000	0.0000000	0.0000000	0.0000000	0.0000000	0.0000000	0.0000000	0.0000000	0.0000000	0.0000000	0.0000000	0.0000000	0.0000000	0.0000000	0.0000000	0.0000000	0.0000000	0.0000000	0.0000000	0.0000000	0.0000000	0.0000000	0.0000000	0.0000000	0.0000000	0.0000000	0.0000000	0.0000000	0.0000000	0.0000000	0.0000000	0.0000000	0.0000000	0.0000000	0.0000000	0.0000000	0.0000000	6.0864384e-12	1.5463450e-09	1.8163749e-07	1.0797451e-05	0.00033253304	0.0053841633	0.046763477	0.22878200	0.71600134	1.6794702	3.2885593	5.6869384	8.9258826	12.844111	16.929194	20.286187	21.777796	20.496643	16.420841	10.835457	5.7523250	2.3937930	0.76230280	0.18860990	0.038799196	0.0072521738	0.0013201670	0.00024357371	4.6465187e-05	9.2091249e-06	1.8965037e-06	3.8945860e-07	0.0000000	0.0000000	0.0000000	0.0000000	0.0000000	0.0000000	0.0000000	0.0000000	0.0000000
