# DO NOT EDIT: written Thu Mar 14 18:48:37 2019 by wrt_emiss_fe17.pro
# faked emissivities [1e-23 ergs cm^3/s] for Fe17 lines from Del Zanna 2011, A&A 536, A59
# emissivities include ion balance, but not abundance, and are spline and ion balance jittered off of emiss_Fe17_00000.txt
# line 6 -- SEED, LOGT
# lines 7+ -- WVL, EMISSIVITY
       88616	4.00	4.05	4.10	4.15	4.20	4.25	4.30	4.35	4.40	4.45	4.50	4.55	4.60	4.65	4.70	4.75	4.80	4.85	4.90	4.95	5.00	5.05	5.10	5.15	5.20	5.25	5.30	5.35	5.40	5.45	5.50	5.55	5.60	5.65	5.70	5.75	5.80	5.85	5.90	5.95	6.00	6.05	6.10	6.15	6.20	6.25	6.30	6.35	6.40	6.45	6.50	6.55	6.60	6.65	6.70	6.75	6.80	6.85	6.90	6.95	7.00	7.05	7.10	7.15	7.20	7.25	7.30	7.35	7.40	7.45	7.50	7.55	7.60	7.65	7.70	7.75	7.80	7.85	7.90	7.95	8.00
15.0130	0.0000000	0.0000000	0.0000000	0.0000000	0.0000000	0.0000000	0.0000000	0.0000000	0.0000000	0.0000000	0.0000000	0.0000000	0.0000000	0.0000000	0.0000000	0.0000000	0.0000000	0.0000000	0.0000000	0.0000000	0.0000000	0.0000000	0.0000000	0.0000000	0.0000000	0.0000000	0.0000000	0.0000000	0.0000000	0.0000000	0.0000000	0.0000000	0.0000000	0.0000000	0.0000000	0.0000000	0.0000000	0.0000000	0.0000000	0.0000000	0.0000000	8.5097505e-07	0.00010778461	0.0069348139	0.23049970	3.9499071	34.635445	163.32683	477.05299	1008.6266	1739.8997	2633.0351	3626.0824	4618.8322	5468.5136	6004.6992	6065.5243	5557.6835	4526.2341	3190.7766	1885.4179	901.68644	338.35704	98.214903	22.540873	4.3658783	0.77465678	0.13431450	0.023640828	0.0043043915	0.00081531346	0.00016075314	2.5038541e-05	0.0000000	0.0000000	0.0000000	0.0000000	0.0000000	0.0000000	0.0000000	0.0000000
17.0510	0.0000000	0.0000000	0.0000000	0.0000000	0.0000000	0.0000000	0.0000000	0.0000000	0.0000000	0.0000000	0.0000000	0.0000000	0.0000000	0.0000000	0.0000000	0.0000000	0.0000000	0.0000000	0.0000000	0.0000000	0.0000000	0.0000000	0.0000000	0.0000000	0.0000000	0.0000000	0.0000000	0.0000000	0.0000000	0.0000000	0.0000000	0.0000000	0.0000000	0.0000000	0.0000000	0.0000000	0.0000000	0.0000000	0.0000000	0.0000000	0.0000000	1.9446536e-06	0.00022480337	0.013301029	0.40785502	6.4559399	52.307511	228.10526	617.26900	1212.4664	1949.5270	2757.9820	3558.9038	4255.6180	4736.7808	4895.8348	4660.5241	4028.2146	3096.6060	2061.3694	1150.6673	520.11622	184.61317	50.761670	11.058422	2.0381088	0.34505587	0.057251805	0.0096723772	0.0016956559	0.00031010199	5.9151150e-05	8.9255264e-06	0.0000000	0.0000000	0.0000000	0.0000000	0.0000000	0.0000000	0.0000000	0.0000000
17.0960	0.0000000	0.0000000	0.0000000	0.0000000	0.0000000	0.0000000	0.0000000	0.0000000	0.0000000	0.0000000	0.0000000	0.0000000	0.0000000	0.0000000	0.0000000	0.0000000	0.0000000	0.0000000	0.0000000	0.0000000	0.0000000	0.0000000	0.0000000	0.0000000	0.0000000	0.0000000	0.0000000	0.0000000	0.0000000	0.0000000	0.0000000	0.0000000	0.0000000	0.0000000	0.0000000	0.0000000	0.0000000	0.0000000	0.0000000	0.0000000	0.0000000	1.7352941e-06	0.00019297370	0.011005303	0.32671662	5.0322180	39.865039	170.59070	454.14021	879.19398	1395.5477	1952.5089	2496.1455	2960.6827	3271.0673	3356.2658	3169.8861	2715.1296	2064.4169	1355.5874	744.14365	329.75518	114.40674	30.667062	6.4981197	1.1627515	0.19087652	0.030681574	0.0050185842	0.00085146730	0.00015068049	2.7822574e-05	4.0675636e-06	0.0000000	0.0000000	0.0000000	0.0000000	0.0000000	0.0000000	0.0000000	0.0000000
16.7760	0.0000000	0.0000000	0.0000000	0.0000000	0.0000000	0.0000000	0.0000000	0.0000000	0.0000000	0.0000000	0.0000000	0.0000000	0.0000000	0.0000000	0.0000000	0.0000000	0.0000000	0.0000000	0.0000000	0.0000000	0.0000000	0.0000000	0.0000000	0.0000000	0.0000000	0.0000000	0.0000000	0.0000000	0.0000000	0.0000000	0.0000000	0.0000000	0.0000000	0.0000000	0.0000000	0.0000000	0.0000000	0.0000000	0.0000000	0.0000000	0.0000000	1.2462662e-06	0.00014230553	0.0083107657	0.25224587	3.9710878	32.185756	141.21956	386.50164	771.12827	1263.7401	1826.8890	2412.2487	2954.7783	3374.1090	3584.2298	3513.6543	3134.2613	2484.1309	1695.6253	965.35779	442.81088	158.72110	43.858627	9.5553469	1.7526754	0.29386697	0.048057207	0.0079727276	0.0013694789	0.00024528619	4.5906180e-05	6.8258381e-06	0.0000000	0.0000000	0.0000000	0.0000000	0.0000000	0.0000000	0.0000000	0.0000000
15.2620	0.0000000	0.0000000	0.0000000	0.0000000	0.0000000	0.0000000	0.0000000	0.0000000	0.0000000	0.0000000	0.0000000	0.0000000	0.0000000	0.0000000	0.0000000	0.0000000	0.0000000	0.0000000	0.0000000	0.0000000	0.0000000	0.0000000	0.0000000	0.0000000	0.0000000	0.0000000	0.0000000	0.0000000	0.0000000	0.0000000	0.0000000	0.0000000	0.0000000	0.0000000	0.0000000	0.0000000	0.0000000	0.0000000	0.0000000	0.0000000	0.0000000	3.3788123e-07	4.2532418e-05	0.0027168961	0.089447991	1.5140524	13.078105	60.639746	174.02765	361.66830	614.15980	916.71945	1247.5241	1572.8512	1845.8642	2011.6610	2019.0939	1840.0993	1491.8144	1047.6389	617.03234	294.26252	110.14603	31.899633	7.3059400	1.4123208	0.25012719	0.043288871	0.0076050277	0.0013765300	0.00019305556	3.7969975e-05	5.8967675e-06	0.0000000	0.0000000	0.0000000	0.0000000	0.0000000	0.0000000	0.0000000	0.0000000
12.1240	0.0000000	0.0000000	0.0000000	0.0000000	0.0000000	0.0000000	0.0000000	0.0000000	0.0000000	0.0000000	0.0000000	0.0000000	0.0000000	0.0000000	0.0000000	0.0000000	0.0000000	0.0000000	0.0000000	0.0000000	0.0000000	0.0000000	0.0000000	0.0000000	0.0000000	0.0000000	0.0000000	0.0000000	0.0000000	0.0000000	0.0000000	0.0000000	0.0000000	0.0000000	0.0000000	0.0000000	0.0000000	0.0000000	0.0000000	0.0000000	0.0000000	2.2061633e-08	3.5373984e-06	0.00028123244	0.011299020	0.22932068	2.3366716	12.588469	41.371525	97.018291	183.07035	298.76244	436.98161	581.45261	706.32812	781.00339	781.25894	698.80040	566.74124	410.40221	248.32082	121.24670	46.328175	13.664866	3.1815162	0.62411869	0.11197839	0.019601097	0.0034775169	0.00063723094	0.00012125778	2.3967562e-05	3.7349255e-06	0.0000000	0.0000000	0.0000000	0.0000000	0.0000000	0.0000000	0.0000000	0.0000000
12.2640	0.0000000	0.0000000	0.0000000	0.0000000	0.0000000	0.0000000	0.0000000	0.0000000	0.0000000	0.0000000	0.0000000	0.0000000	0.0000000	0.0000000	0.0000000	0.0000000	0.0000000	0.0000000	0.0000000	0.0000000	0.0000000	0.0000000	0.0000000	0.0000000	0.0000000	0.0000000	0.0000000	0.0000000	0.0000000	0.0000000	0.0000000	0.0000000	0.0000000	0.0000000	0.0000000	0.0000000	0.0000000	0.0000000	0.0000000	0.0000000	0.0000000	2.0350098e-08	3.1853463e-06	0.00024700043	0.0096653999	0.19090628	1.8933376	9.9338813	31.837209	73.015582	135.35640	218.39257	318.45202	426.90341	529.03909	605.01792	633.61021	607.86667	516.67203	378.84231	232.15655	114.85476	44.493519	13.314848	3.1472477	0.62707519	0.11427647	0.020308751	0.0036549261	0.00067853024	0.00013060032	2.6060378e-05	4.0907706e-06	0.0000000	0.0000000	0.0000000	0.0000000	0.0000000	0.0000000	0.0000000	0.0000000
13.8250	0.0000000	0.0000000	0.0000000	0.0000000	0.0000000	0.0000000	0.0000000	0.0000000	0.0000000	0.0000000	0.0000000	0.0000000	0.0000000	0.0000000	0.0000000	0.0000000	0.0000000	0.0000000	0.0000000	0.0000000	0.0000000	0.0000000	0.0000000	0.0000000	0.0000000	0.0000000	0.0000000	0.0000000	0.0000000	0.0000000	0.0000000	0.0000000	0.0000000	0.0000000	0.0000000	0.0000000	0.0000000	0.0000000	0.0000000	0.0000000	0.0000000	4.0388973e-08	5.4907172e-06	0.00037808650	0.013410503	0.24442811	2.2692668	11.255240	34.277669	74.996721	133.19632	206.87324	292.02090	381.56108	464.39880	525.13108	546.72579	516.15768	432.50603	313.04109	189.55902	92.765613	35.587356	10.558265	2.4776926	0.49100880	0.089184666	0.015833222	0.0028529550	0.00053139984	0.00010281154	2.0654324e-05	3.2672961e-06	0.0000000	0.0000000	0.0000000	0.0000000	0.0000000	0.0000000	0.0000000	0.0000000
15.4530	0.0000000	0.0000000	0.0000000	0.0000000	0.0000000	0.0000000	0.0000000	0.0000000	0.0000000	0.0000000	0.0000000	0.0000000	0.0000000	0.0000000	0.0000000	0.0000000	0.0000000	0.0000000	0.0000000	0.0000000	0.0000000	0.0000000	0.0000000	0.0000000	0.0000000	0.0000000	0.0000000	0.0000000	0.0000000	0.0000000	0.0000000	0.0000000	0.0000000	0.0000000	0.0000000	0.0000000	0.0000000	0.0000000	0.0000000	0.0000000	0.0000000	1.0809481e-07	1.2862178e-05	0.00077281832	0.023840163	0.37897237	3.1048699	13.855680	38.639010	78.235773	128.98208	185.87931	242.93481	292.63036	326.46585	336.63306	318.32613	272.27002	206.44452	135.17282	74.044818	32.781540	11.378373	3.0555045	0.64944802	0.11670522	0.019256595	0.0031133198	0.00051248588	8.7534362e-05	1.5596001e-05	2.8981722e-06	4.2599972e-07	0.0000000	0.0000000	0.0000000	0.0000000	0.0000000	0.0000000	0.0000000	0.0000000
11.2500	0.0000000	0.0000000	0.0000000	0.0000000	0.0000000	0.0000000	0.0000000	0.0000000	0.0000000	0.0000000	0.0000000	0.0000000	0.0000000	0.0000000	0.0000000	0.0000000	0.0000000	0.0000000	0.0000000	0.0000000	0.0000000	0.0000000	0.0000000	0.0000000	0.0000000	0.0000000	0.0000000	0.0000000	0.0000000	0.0000000	0.0000000	0.0000000	0.0000000	0.0000000	0.0000000	0.0000000	0.0000000	0.0000000	0.0000000	0.0000000	0.0000000	4.9744879e-09	8.7396002e-07	7.5236190e-05	0.0032350679	0.069548817	0.74431465	4.1822335	14.260326	34.578158	67.339684	113.37138	171.25066	235.95136	298.03101	344.46323	361.88995	341.45020	284.05241	203.29834	121.46133	58.609268	22.168786	6.4848186	1.5004063	0.29314149	0.052492418	0.0091890884	0.0016335433	0.00030048847	5.7500690e-05	1.1448172e-05	1.7994491e-06	0.0000000	0.0000000	0.0000000	0.0000000	0.0000000	0.0000000	0.0000000	0.0000000
11.1290	0.0000000	0.0000000	0.0000000	0.0000000	0.0000000	0.0000000	0.0000000	0.0000000	0.0000000	0.0000000	0.0000000	0.0000000	0.0000000	0.0000000	0.0000000	0.0000000	0.0000000	0.0000000	0.0000000	0.0000000	0.0000000	0.0000000	0.0000000	0.0000000	0.0000000	0.0000000	0.0000000	0.0000000	0.0000000	0.0000000	0.0000000	0.0000000	0.0000000	0.0000000	0.0000000	0.0000000	0.0000000	0.0000000	0.0000000	0.0000000	0.0000000	3.4460721e-09	6.0240676e-07	5.1464128e-05	0.0021922632	0.046648012	0.49401129	2.7477568	9.2824192	22.333715	43.256674	72.650531	109.90006	152.35511	194.69957	229.05816	246.24107	238.62804	204.34271	150.63538	92.607854	45.865511	17.749266	5.2948722	1.2453673	0.24657091	0.044605596	0.0078642176	0.0014037235	0.00025849017	4.9371235e-05	9.7828299e-06	1.5259973e-06	0.0000000	0.0000000	0.0000000	0.0000000	0.0000000	0.0000000	0.0000000	0.0000000
16.3360	0.0000000	0.0000000	0.0000000	0.0000000	0.0000000	0.0000000	0.0000000	0.0000000	0.0000000	0.0000000	0.0000000	0.0000000	0.0000000	0.0000000	0.0000000	0.0000000	0.0000000	0.0000000	0.0000000	0.0000000	0.0000000	0.0000000	0.0000000	0.0000000	0.0000000	0.0000000	0.0000000	0.0000000	0.0000000	0.0000000	0.0000000	0.0000000	0.0000000	0.0000000	0.0000000	0.0000000	0.0000000	0.0000000	0.0000000	0.0000000	0.0000000	4.3466899e-08	5.0599032e-06	0.00030044966	0.0092499873	0.14732897	1.2037912	5.3013441	14.439733	28.406423	45.702841	64.651999	83.383532	99.639904	110.84493	114.52487	108.99620	94.194919	72.394131	48.181582	26.893906	12.157965	4.3164779	1.1873127	0.25877615	0.047715605	0.0080821380	0.0013318865	0.00022112180	3.7949075e-05	6.7632365e-06	1.2507093e-06	1.8189847e-07	0.0000000	0.0000000	0.0000000	0.0000000	0.0000000	0.0000000	0.0000000	0.0000000
13.8900	0.0000000	0.0000000	0.0000000	0.0000000	0.0000000	0.0000000	0.0000000	0.0000000	0.0000000	0.0000000	0.0000000	0.0000000	0.0000000	0.0000000	0.0000000	0.0000000	0.0000000	0.0000000	0.0000000	0.0000000	0.0000000	0.0000000	0.0000000	0.0000000	0.0000000	0.0000000	0.0000000	0.0000000	0.0000000	0.0000000	0.0000000	0.0000000	0.0000000	0.0000000	0.0000000	0.0000000	0.0000000	0.0000000	0.0000000	0.0000000	0.0000000	1.6461820e-08	2.1550532e-06	0.00014290696	0.0048861214	0.085994555	0.77239848	3.7117610	10.951388	23.181619	39.757696	59.502808	80.761452	101.26721	118.09273	127.78632	127.20707	114.77808	91.889113	63.516101	36.718966	17.152818	6.2817834	1.7798483	0.39599176	0.074393608	0.012826973	0.0021654722	0.00037184678	6.6171390e-05	1.2265900e-05	2.3682289e-06	3.6125313e-07	0.0000000	0.0000000	0.0000000	0.0000000	0.0000000	0.0000000	0.0000000	0.0000000
16.0040	0.0000000	0.0000000	0.0000000	0.0000000	0.0000000	0.0000000	0.0000000	0.0000000	0.0000000	0.0000000	0.0000000	0.0000000	0.0000000	0.0000000	0.0000000	0.0000000	0.0000000	0.0000000	0.0000000	0.0000000	0.0000000	0.0000000	0.0000000	0.0000000	0.0000000	0.0000000	0.0000000	0.0000000	0.0000000	0.0000000	0.0000000	0.0000000	0.0000000	0.0000000	0.0000000	0.0000000	0.0000000	0.0000000	0.0000000	0.0000000	0.0000000	2.4537715e-08	2.9345885e-06	0.00017855836	0.0056117153	0.090890418	0.75323557	3.3599563	9.3007140	18.676429	30.665541	44.246193	58.156739	70.759126	80.096288	84.181242	81.489112	71.622502	55.976094	37.869341	21.468542	9.8458675	3.5418313	0.98602497	0.21728771	0.040470441	0.0069177452	0.0011578336	0.00019711169	3.4772097e-05	6.3878663e-06	1.2217218e-06	1.8449338e-07	0.0000000	0.0000000	0.0000000	0.0000000	0.0000000	0.0000000	0.0000000	0.0000000
10.7700	0.0000000	0.0000000	0.0000000	0.0000000	0.0000000	0.0000000	0.0000000	0.0000000	0.0000000	0.0000000	0.0000000	0.0000000	0.0000000	0.0000000	0.0000000	0.0000000	0.0000000	0.0000000	0.0000000	0.0000000	0.0000000	0.0000000	0.0000000	0.0000000	0.0000000	0.0000000	0.0000000	0.0000000	0.0000000	0.0000000	0.0000000	0.0000000	0.0000000	0.0000000	0.0000000	0.0000000	0.0000000	0.0000000	0.0000000	0.0000000	0.0000000	2.1861758e-09	3.9639764e-07	3.5056086e-05	0.0015432983	0.033879119	0.36929883	2.1071286	7.2658369	17.738000	34.661651	58.436765	88.371428	122.10200	155.20585	181.35422	193.43035	185.86188	157.77629	115.32494	70.354123	34.623878	13.340962	3.9728958	0.93575309	0.18621931	0.033998907	0.0060758576	0.0011028690	0.00020672482	4.0141602e-05	8.0600509e-06	1.2685648e-06	0.0000000	0.0000000	0.0000000	0.0000000	0.0000000	0.0000000	0.0000000	0.0000000
10.6570	0.0000000	0.0000000	0.0000000	0.0000000	0.0000000	0.0000000	0.0000000	0.0000000	0.0000000	0.0000000	0.0000000	0.0000000	0.0000000	0.0000000	0.0000000	0.0000000	0.0000000	0.0000000	0.0000000	0.0000000	0.0000000	0.0000000	0.0000000	0.0000000	0.0000000	0.0000000	0.0000000	0.0000000	0.0000000	0.0000000	0.0000000	0.0000000	0.0000000	0.0000000	0.0000000	0.0000000	0.0000000	0.0000000	0.0000000	0.0000000	0.0000000	1.0125616e-09	1.8764415e-07	1.6918526e-05	0.00075782094	0.016897448	0.18681781	1.0802875	3.7761471	9.3551429	18.577263	31.876388	49.123010	69.216784	89.740690	106.93678	116.24751	113.73546	98.160312	72.781721	44.897164	22.250460	8.5896811	2.5474611	0.59339643	0.11589043	0.020619877	0.0035715702	0.00062670410	0.00011371407	2.1478587e-05	4.2252403e-06	6.5689603e-07	0.0000000	0.0000000	0.0000000	0.0000000	0.0000000	0.0000000	0.0000000	0.0000000
12.6800	0.0000000	0.0000000	0.0000000	0.0000000	0.0000000	0.0000000	0.0000000	0.0000000	0.0000000	0.0000000	0.0000000	0.0000000	0.0000000	0.0000000	0.0000000	0.0000000	0.0000000	0.0000000	0.0000000	0.0000000	0.0000000	0.0000000	0.0000000	0.0000000	0.0000000	0.0000000	0.0000000	0.0000000	0.0000000	0.0000000	0.0000000	0.0000000	0.0000000	0.0000000	0.0000000	0.0000000	0.0000000	0.0000000	0.0000000	0.0000000	0.0000000	4.1573888e-09	5.9326352e-07	4.2609487e-05	0.0015685546	0.029514745	0.28064292	1.4082190	4.2905809	9.3052495	16.250728	24.667453	33.913745	43.093161	50.892746	55.724596	56.070281	51.057727	41.188954	28.681924	16.706320	7.8641999	2.9027536	0.82904499	0.18736024	0.035764754	0.0062591790	0.0010711537	0.00018618637	3.3489223e-05	6.2657533e-06	1.2195967e-06	1.8741616e-07	0.0000000	0.0000000	0.0000000	0.0000000	0.0000000	0.0000000	0.0000000	0.0000000
11.0230	0.0000000	0.0000000	0.0000000	0.0000000	0.0000000	0.0000000	0.0000000	0.0000000	0.0000000	0.0000000	0.0000000	0.0000000	0.0000000	0.0000000	0.0000000	0.0000000	0.0000000	0.0000000	0.0000000	0.0000000	0.0000000	0.0000000	0.0000000	0.0000000	0.0000000	0.0000000	0.0000000	0.0000000	0.0000000	0.0000000	0.0000000	0.0000000	0.0000000	0.0000000	0.0000000	0.0000000	0.0000000	0.0000000	0.0000000	0.0000000	0.0000000	7.2268125e-10	1.3025075e-07	1.1508840e-05	0.00050648007	0.011076961	0.11992340	0.67863081	2.3231924	5.6508898	11.061880	18.785102	28.735971	40.272834	51.981819	61.672049	66.775986	65.139148	56.150510	41.694057	25.848413	12.921412	5.0487868	1.5204871	0.36085528	0.072060312	0.013146918	0.0023383602	0.00042174931	7.8700168e-05	1.5288266e-05	3.0934337e-06	4.9468152e-07	0.0000000	0.0000000	0.0000000	0.0000000	0.0000000	0.0000000	0.0000000	0.0000000
10.1150	0.0000000	0.0000000	0.0000000	0.0000000	0.0000000	0.0000000	0.0000000	0.0000000	0.0000000	0.0000000	0.0000000	0.0000000	0.0000000	0.0000000	0.0000000	0.0000000	0.0000000	0.0000000	0.0000000	0.0000000	0.0000000	0.0000000	0.0000000	0.0000000	0.0000000	0.0000000	0.0000000	0.0000000	0.0000000	0.0000000	0.0000000	0.0000000	0.0000000	0.0000000	0.0000000	0.0000000	0.0000000	0.0000000	0.0000000	0.0000000	0.0000000	1.0089999e-10	1.9932630e-08	1.9060228e-06	9.0150752e-05	0.0021149150	0.024528501	0.14837333	0.54082133	1.3916575	2.8591941	5.0598568	8.0241117	11.621792	15.488622	18.988058	21.254776	21.426988	19.060237	14.568087	9.2671451	4.7430400	1.8957755	0.58408808	0.14191745	0.029040007	0.0054307353	0.00098937292	0.00018231003	3.4609875e-05	6.8033692e-06	1.3849725e-06	2.2154265e-07	0.0000000	0.0000000	0.0000000	0.0000000	0.0000000	0.0000000	0.0000000	0.0000000
