# DO NOT EDIT: written Thu Mar 14 18:48:37 2019 by wrt_emiss_fe17.pro
# faked emissivities [1e-23 ergs cm^3/s] for Fe17 lines from Del Zanna 2011, A&A 536, A59
# emissivities include ion balance, but not abundance, and are spline and ion balance jittered off of emiss_Fe17_00000.txt
# line 6 -- SEED, LOGT
# lines 7+ -- WVL, EMISSIVITY
      160971	4.00	4.05	4.10	4.15	4.20	4.25	4.30	4.35	4.40	4.45	4.50	4.55	4.60	4.65	4.70	4.75	4.80	4.85	4.90	4.95	5.00	5.05	5.10	5.15	5.20	5.25	5.30	5.35	5.40	5.45	5.50	5.55	5.60	5.65	5.70	5.75	5.80	5.85	5.90	5.95	6.00	6.05	6.10	6.15	6.20	6.25	6.30	6.35	6.40	6.45	6.50	6.55	6.60	6.65	6.70	6.75	6.80	6.85	6.90	6.95	7.00	7.05	7.10	7.15	7.20	7.25	7.30	7.35	7.40	7.45	7.50	7.55	7.60	7.65	7.70	7.75	7.80	7.85	7.90	7.95	8.00
15.0130	0.0000000	0.0000000	0.0000000	0.0000000	0.0000000	0.0000000	0.0000000	0.0000000	0.0000000	0.0000000	0.0000000	0.0000000	0.0000000	0.0000000	0.0000000	0.0000000	0.0000000	0.0000000	0.0000000	0.0000000	0.0000000	0.0000000	0.0000000	0.0000000	0.0000000	0.0000000	0.0000000	0.0000000	0.0000000	0.0000000	0.0000000	0.0000000	0.0000000	0.0000000	0.0000000	0.0000000	0.0000000	0.0000000	0.0000000	0.0000000	0.0000000	1.4712464e-06	0.00018997970	0.012476652	0.41923439	7.1495391	60.720516	262.95617	691.11291	1351.8922	2222.1659	3260.0492	4387.9222	5479.1030	6357.5294	6823.2825	6700.3004	5915.9807	4581.8750	3015.2987	1621.8112	685.41572	221.63185	55.432361	11.377456	2.0804030	0.36397694	0.063825513	0.011508193	0.0021532847	0.00041919371	8.4648746e-05	2.6775079e-06	0.0000000	0.0000000	0.0000000	0.0000000	0.0000000	0.0000000	0.0000000	0.0000000
17.0510	0.0000000	0.0000000	0.0000000	0.0000000	0.0000000	0.0000000	0.0000000	0.0000000	0.0000000	0.0000000	0.0000000	0.0000000	0.0000000	0.0000000	0.0000000	0.0000000	0.0000000	0.0000000	0.0000000	0.0000000	0.0000000	0.0000000	0.0000000	0.0000000	0.0000000	0.0000000	0.0000000	0.0000000	0.0000000	0.0000000	0.0000000	0.0000000	0.0000000	0.0000000	0.0000000	0.0000000	0.0000000	0.0000000	0.0000000	0.0000000	0.0000000	3.1951048e-06	0.00035676267	0.020426777	0.60173836	9.0346318	67.780321	265.10256	639.85636	1155.1461	1762.0936	2413.1520	3051.0968	3603.2806	3982.3324	4095.9427	3873.3827	3305.2764	2479.4106	1581.8343	824.77366	337.61807	105.58909	25.509355	5.0541299	0.89193860	0.15062686	0.025502748	0.0044414827	0.00080301012	0.00015106080	2.9462744e-05	8.9939025e-07	0.0000000	0.0000000	0.0000000	0.0000000	0.0000000	0.0000000	0.0000000	0.0000000
17.0960	0.0000000	0.0000000	0.0000000	0.0000000	0.0000000	0.0000000	0.0000000	0.0000000	0.0000000	0.0000000	0.0000000	0.0000000	0.0000000	0.0000000	0.0000000	0.0000000	0.0000000	0.0000000	0.0000000	0.0000000	0.0000000	0.0000000	0.0000000	0.0000000	0.0000000	0.0000000	0.0000000	0.0000000	0.0000000	0.0000000	0.0000000	0.0000000	0.0000000	0.0000000	0.0000000	0.0000000	0.0000000	0.0000000	0.0000000	0.0000000	0.0000000	3.4348266e-06	0.00038069907	0.021682004	0.63763346	9.5889260	72.221975	283.76464	687.23766	1241.6191	1888.2565	2566.3418	3122.6912	3504.9273	3635.2187	3466.5415	3017.4648	2369.8494	1649.0588	992.03597	499.79042	203.83783	65.702391	16.484030	3.1985588	0.52941668	0.082124107	0.012788407	0.0020723823	0.00035272735	6.3165285e-05	1.1849190e-05	3.5114363e-07	0.0000000	0.0000000	0.0000000	0.0000000	0.0000000	0.0000000	0.0000000	0.0000000
16.7760	0.0000000	0.0000000	0.0000000	0.0000000	0.0000000	0.0000000	0.0000000	0.0000000	0.0000000	0.0000000	0.0000000	0.0000000	0.0000000	0.0000000	0.0000000	0.0000000	0.0000000	0.0000000	0.0000000	0.0000000	0.0000000	0.0000000	0.0000000	0.0000000	0.0000000	0.0000000	0.0000000	0.0000000	0.0000000	0.0000000	0.0000000	0.0000000	0.0000000	0.0000000	0.0000000	0.0000000	0.0000000	0.0000000	0.0000000	0.0000000	0.0000000	2.0700759e-06	0.00023350807	0.013502974	0.40268614	6.1417203	46.982378	187.99086	465.15632	861.24597	1345.6767	1881.9265	2417.2612	2881.4731	3193.0375	3274.3288	3073.9396	2596.5076	1925.0313	1213.2577	625.16761	253.17833	78.467561	18.823567	3.7099069	0.65237991	0.10995770	0.018610446	0.0032448839	0.00058818897	0.00011109022	2.1783281e-05	6.6946333e-07	0.0000000	0.0000000	0.0000000	0.0000000	0.0000000	0.0000000	0.0000000	0.0000000
15.2620	0.0000000	0.0000000	0.0000000	0.0000000	0.0000000	0.0000000	0.0000000	0.0000000	0.0000000	0.0000000	0.0000000	0.0000000	0.0000000	0.0000000	0.0000000	0.0000000	0.0000000	0.0000000	0.0000000	0.0000000	0.0000000	0.0000000	0.0000000	0.0000000	0.0000000	0.0000000	0.0000000	0.0000000	0.0000000	0.0000000	0.0000000	0.0000000	0.0000000	0.0000000	0.0000000	0.0000000	0.0000000	0.0000000	0.0000000	0.0000000	0.0000000	4.7620912e-07	5.8763495e-05	0.0036863576	0.11834214	1.9314243	15.753199	67.149351	177.36569	352.33932	593.57832	896.76332	1243.4978	1566.7504	1807.2412	1929.1165	1884.8356	1656.4586	1277.3415	837.16681	448.52180	188.84401	60.839551	15.162088	3.1012331	0.56518654	0.098569344	0.017233217	0.0030986210	0.00057579353	0.00011031373	2.1943187e-05	6.8463183e-07	0.0000000	0.0000000	0.0000000	0.0000000	0.0000000	0.0000000	0.0000000	0.0000000
12.1240	0.0000000	0.0000000	0.0000000	0.0000000	0.0000000	0.0000000	0.0000000	0.0000000	0.0000000	0.0000000	0.0000000	0.0000000	0.0000000	0.0000000	0.0000000	0.0000000	0.0000000	0.0000000	0.0000000	0.0000000	0.0000000	0.0000000	0.0000000	0.0000000	0.0000000	0.0000000	0.0000000	0.0000000	0.0000000	0.0000000	0.0000000	0.0000000	0.0000000	0.0000000	0.0000000	0.0000000	0.0000000	0.0000000	0.0000000	0.0000000	0.0000000	4.0227621e-08	6.3008868e-06	0.00049110354	0.019235378	0.37684650	3.6355151	18.063199	54.574888	119.30259	213.35197	337.39662	485.33957	642.48361	770.59621	796.24035	735.54633	608.04154	485.26282	327.95183	180.50481	77.810497	25.589533	6.4949934	1.3504934	0.24976159	0.044128094	0.0078031591	0.0014168925	0.00026665582	5.2140778e-05	1.0558056e-05	3.3440201e-07	0.0000000	0.0000000	0.0000000	0.0000000	0.0000000	0.0000000	0.0000000	0.0000000
12.2640	0.0000000	0.0000000	0.0000000	0.0000000	0.0000000	0.0000000	0.0000000	0.0000000	0.0000000	0.0000000	0.0000000	0.0000000	0.0000000	0.0000000	0.0000000	0.0000000	0.0000000	0.0000000	0.0000000	0.0000000	0.0000000	0.0000000	0.0000000	0.0000000	0.0000000	0.0000000	0.0000000	0.0000000	0.0000000	0.0000000	0.0000000	0.0000000	0.0000000	0.0000000	0.0000000	0.0000000	0.0000000	0.0000000	0.0000000	0.0000000	0.0000000	4.0950763e-08	6.3198122e-06	0.00048447508	0.018607487	0.35590949	3.3325500	15.964420	46.357216	98.985546	175.73857	275.90641	394.21621	518.84665	630.52877	704.67094	716.77007	652.36700	518.46672	348.72977	191.05705	82.014752	26.878699	6.8051268	1.4129353	0.26119367	0.046172492	0.0081771047	0.0014885952	0.00028117679	5.5246795e-05	1.1250603e-05	3.5829739e-07	0.0000000	0.0000000	0.0000000	0.0000000	0.0000000	0.0000000	0.0000000	0.0000000
13.8250	0.0000000	0.0000000	0.0000000	0.0000000	0.0000000	0.0000000	0.0000000	0.0000000	0.0000000	0.0000000	0.0000000	0.0000000	0.0000000	0.0000000	0.0000000	0.0000000	0.0000000	0.0000000	0.0000000	0.0000000	0.0000000	0.0000000	0.0000000	0.0000000	0.0000000	0.0000000	0.0000000	0.0000000	0.0000000	0.0000000	0.0000000	0.0000000	0.0000000	0.0000000	0.0000000	0.0000000	0.0000000	0.0000000	0.0000000	0.0000000	0.0000000	6.2569174e-08	8.3360674e-06	0.00056445119	0.019559370	0.34388006	3.0054401	13.598429	37.597139	76.970305	131.98372	201.73675	283.15132	369.82812	450.95271	511.17926	532.06584	495.84466	401.05821	272.70396	150.14433	64.443462	21.026609	5.2806821	1.0846304	0.19803133	0.034546639	0.0060363207	0.0010844107	0.00020225429	3.9278430e-05	7.9205214e-06	2.5056446e-07	0.0000000	0.0000000	0.0000000	0.0000000	0.0000000	0.0000000	0.0000000	0.0000000
15.4530	0.0000000	0.0000000	0.0000000	0.0000000	0.0000000	0.0000000	0.0000000	0.0000000	0.0000000	0.0000000	0.0000000	0.0000000	0.0000000	0.0000000	0.0000000	0.0000000	0.0000000	0.0000000	0.0000000	0.0000000	0.0000000	0.0000000	0.0000000	0.0000000	0.0000000	0.0000000	0.0000000	0.0000000	0.0000000	0.0000000	0.0000000	0.0000000	0.0000000	0.0000000	0.0000000	0.0000000	0.0000000	0.0000000	0.0000000	0.0000000	0.0000000	1.5014717e-07	1.8027369e-05	0.0011001608	0.034322001	0.54272460	4.2667391	17.396464	43.504624	80.816276	125.91274	174.76380	222.12604	261.34367	285.05131	286.90782	263.64268	217.39876	156.95478	96.123065	48.050456	18.857335	5.6603051	1.3149299	0.25103684	0.042785560	0.0069950123	0.0011495472	0.00019484593	3.4378276e-05	6.3280280e-06	1.2107530e-06	3.6345945e-08	0.0000000	0.0000000	0.0000000	0.0000000	0.0000000	0.0000000	0.0000000	0.0000000
11.2500	0.0000000	0.0000000	0.0000000	0.0000000	0.0000000	0.0000000	0.0000000	0.0000000	0.0000000	0.0000000	0.0000000	0.0000000	0.0000000	0.0000000	0.0000000	0.0000000	0.0000000	0.0000000	0.0000000	0.0000000	0.0000000	0.0000000	0.0000000	0.0000000	0.0000000	0.0000000	0.0000000	0.0000000	0.0000000	0.0000000	0.0000000	0.0000000	0.0000000	0.0000000	0.0000000	0.0000000	0.0000000	0.0000000	0.0000000	0.0000000	0.0000000	7.7644136e-09	1.3359800e-06	0.00011275831	0.0047148979	0.097221932	0.97322210	4.9505960	15.185097	34.099930	63.409800	103.86128	154.21692	210.09858	263.28560	302.41624	315.25256	293.34501	237.85522	162.89705	90.683031	39.469693	13.085937	3.3437062	0.69909067	0.12987935	0.023031673	0.0040845435	0.00074334031	0.00014013376	2.7436264e-05	5.5609034e-06	1.7622727e-07	0.0000000	0.0000000	0.0000000	0.0000000	0.0000000	0.0000000	0.0000000	0.0000000
11.1290	0.0000000	0.0000000	0.0000000	0.0000000	0.0000000	0.0000000	0.0000000	0.0000000	0.0000000	0.0000000	0.0000000	0.0000000	0.0000000	0.0000000	0.0000000	0.0000000	0.0000000	0.0000000	0.0000000	0.0000000	0.0000000	0.0000000	0.0000000	0.0000000	0.0000000	0.0000000	0.0000000	0.0000000	0.0000000	0.0000000	0.0000000	0.0000000	0.0000000	0.0000000	0.0000000	0.0000000	0.0000000	0.0000000	0.0000000	0.0000000	0.0000000	5.6543343e-09	9.8673019e-07	8.4253730e-05	0.0035551884	0.073785829	0.74137047	3.7748323	11.560405	25.864255	47.838972	77.849934	114.77013	155.21549	193.13581	220.40814	228.50254	211.74199	171.27139	117.25933	65.423586	28.625493	9.5734016	2.4770049	0.52661352	0.099928877	0.018181033	0.0033216633	0.00062410118	0.00011946345	2.3427716e-05	4.7553588e-06	1.5087119e-07	0.0000000	0.0000000	0.0000000	0.0000000	0.0000000	0.0000000	0.0000000	0.0000000
16.3360	0.0000000	0.0000000	0.0000000	0.0000000	0.0000000	0.0000000	0.0000000	0.0000000	0.0000000	0.0000000	0.0000000	0.0000000	0.0000000	0.0000000	0.0000000	0.0000000	0.0000000	0.0000000	0.0000000	0.0000000	0.0000000	0.0000000	0.0000000	0.0000000	0.0000000	0.0000000	0.0000000	0.0000000	0.0000000	0.0000000	0.0000000	0.0000000	0.0000000	0.0000000	0.0000000	0.0000000	0.0000000	0.0000000	0.0000000	0.0000000	0.0000000	5.8991994e-08	6.7807553e-06	0.00039904056	0.012099365	0.18741695	1.4530634	5.8761975	14.646816	27.219609	42.560818	59.452490	76.241897	90.752054	100.42239	102.81455	96.330415	81.149107	59.932061	37.585811	19.255285	7.7480554	2.3842219	0.56433690	0.10984557	0.019094966	0.0031849838	0.00053407790	9.2367087e-05	1.6625409e-05	3.1207871e-06	6.0862162e-07	1.8612004e-08	0.0000000	0.0000000	0.0000000	0.0000000	0.0000000	0.0000000	0.0000000	0.0000000
13.8900	0.0000000	0.0000000	0.0000000	0.0000000	0.0000000	0.0000000	0.0000000	0.0000000	0.0000000	0.0000000	0.0000000	0.0000000	0.0000000	0.0000000	0.0000000	0.0000000	0.0000000	0.0000000	0.0000000	0.0000000	0.0000000	0.0000000	0.0000000	0.0000000	0.0000000	0.0000000	0.0000000	0.0000000	0.0000000	0.0000000	0.0000000	0.0000000	0.0000000	0.0000000	0.0000000	0.0000000	0.0000000	0.0000000	0.0000000	0.0000000	0.0000000	2.2595368e-08	2.9972206e-06	0.00020197619	0.0069307666	0.12007789	1.0299146	4.5507914	12.206027	24.060056	39.420158	57.137662	75.499244	92.223368	104.55405	109.56324	104.98489	90.383015	68.176639	43.633007	22.797496	9.3541734	2.9371391	0.71416299	0.14278679	0.025497545	0.0043684944	0.00075231367	0.00013358908	2.4680105e-05	4.7535790e-06	9.5096208e-07	2.9822710e-08	0.0000000	0.0000000	0.0000000	0.0000000	0.0000000	0.0000000	0.0000000	0.0000000
16.0040	0.0000000	0.0000000	0.0000000	0.0000000	0.0000000	0.0000000	0.0000000	0.0000000	0.0000000	0.0000000	0.0000000	0.0000000	0.0000000	0.0000000	0.0000000	0.0000000	0.0000000	0.0000000	0.0000000	0.0000000	0.0000000	0.0000000	0.0000000	0.0000000	0.0000000	0.0000000	0.0000000	0.0000000	0.0000000	0.0000000	0.0000000	0.0000000	0.0000000	0.0000000	0.0000000	0.0000000	0.0000000	0.0000000	0.0000000	0.0000000	0.0000000	3.8601495e-08	4.5544733e-06	0.00027403702	0.0084522221	0.13251238	1.0360701	4.2156650	10.560913	19.719262	30.964712	43.409136	55.822039	66.578828	73.792477	75.679251	71.055390	60.014362	44.465729	27.988289	14.392379	5.8126014	1.7957439	0.42943789	0.084409881	0.014811920	0.0024932448	0.00042187712	7.3624912e-05	1.3372884e-05	2.5331402e-06	4.9848312e-07	1.5379580e-08	0.0000000	0.0000000	0.0000000	0.0000000	0.0000000	0.0000000	0.0000000	0.0000000
10.7700	0.0000000	0.0000000	0.0000000	0.0000000	0.0000000	0.0000000	0.0000000	0.0000000	0.0000000	0.0000000	0.0000000	0.0000000	0.0000000	0.0000000	0.0000000	0.0000000	0.0000000	0.0000000	0.0000000	0.0000000	0.0000000	0.0000000	0.0000000	0.0000000	0.0000000	0.0000000	0.0000000	0.0000000	0.0000000	0.0000000	0.0000000	0.0000000	0.0000000	0.0000000	0.0000000	0.0000000	0.0000000	0.0000000	0.0000000	0.0000000	0.0000000	3.2827729e-09	5.9722445e-07	5.3001726e-05	0.0023197949	0.049867478	0.51824692	2.7235443	8.5776597	19.646247	37.045290	61.239250	91.449413	125.01851	157.03724	180.67302	188.53575	175.52352	142.33426	97.461739	54.251160	23.618777	7.8364218	2.0050161	0.42004946	0.078258054	0.013924856	0.0024787178	0.00045282401	8.5681847e-05	1.6831934e-05	3.4213135e-06	1.0864815e-07	0.0000000	0.0000000	0.0000000	0.0000000	0.0000000	0.0000000	0.0000000	0.0000000
10.6570	0.0000000	0.0000000	0.0000000	0.0000000	0.0000000	0.0000000	0.0000000	0.0000000	0.0000000	0.0000000	0.0000000	0.0000000	0.0000000	0.0000000	0.0000000	0.0000000	0.0000000	0.0000000	0.0000000	0.0000000	0.0000000	0.0000000	0.0000000	0.0000000	0.0000000	0.0000000	0.0000000	0.0000000	0.0000000	0.0000000	0.0000000	0.0000000	0.0000000	0.0000000	0.0000000	0.0000000	0.0000000	0.0000000	0.0000000	0.0000000	0.0000000	1.6786743e-09	3.0980022e-07	2.7860518e-05	0.0012331119	0.026737319	0.27961105	1.4759689	4.6649973	10.720817	20.284035	33.649136	50.425870	69.160842	87.103087	100.40283	104.87250	97.627383	79.081448	54.040293	29.990303	13.005701	4.2955866	1.0936992	0.22798221	0.042267654	0.0074894715	0.0013291368	0.00024242994	4.5874313e-05	9.0278651e-06	1.8414798e-06	5.8782102e-08	0.0000000	0.0000000	0.0000000	0.0000000	0.0000000	0.0000000	0.0000000	0.0000000
12.6800	0.0000000	0.0000000	0.0000000	0.0000000	0.0000000	0.0000000	0.0000000	0.0000000	0.0000000	0.0000000	0.0000000	0.0000000	0.0000000	0.0000000	0.0000000	0.0000000	0.0000000	0.0000000	0.0000000	0.0000000	0.0000000	0.0000000	0.0000000	0.0000000	0.0000000	0.0000000	0.0000000	0.0000000	0.0000000	0.0000000	0.0000000	0.0000000	0.0000000	0.0000000	0.0000000	0.0000000	0.0000000	0.0000000	0.0000000	0.0000000	0.0000000	8.1467234e-09	1.1426538e-06	8.1017762e-05	0.0029280119	0.053446173	0.48126895	2.2142199	6.1444840	12.483067	20.850420	30.681889	41.212762	51.309257	59.349536	63.472626	62.038263	54.391708	41.690929	27.076791	14.342274	5.9604823	1.8939947	0.46565452	0.094026439	0.016929480	0.0029189773	0.00050481976	8.9826466e-05	1.6295618e-05	3.0283542e-06	5.7929430e-07	1.7220994e-08	0.0000000	0.0000000	0.0000000	0.0000000	0.0000000	0.0000000	0.0000000	0.0000000
11.0230	0.0000000	0.0000000	0.0000000	0.0000000	0.0000000	0.0000000	0.0000000	0.0000000	0.0000000	0.0000000	0.0000000	0.0000000	0.0000000	0.0000000	0.0000000	0.0000000	0.0000000	0.0000000	0.0000000	0.0000000	0.0000000	0.0000000	0.0000000	0.0000000	0.0000000	0.0000000	0.0000000	0.0000000	0.0000000	0.0000000	0.0000000	0.0000000	0.0000000	0.0000000	0.0000000	0.0000000	0.0000000	0.0000000	0.0000000	0.0000000	0.0000000	1.3621079e-09	2.4202674e-07	2.1161917e-05	0.00091589315	0.019454765	0.19960566	1.0359629	3.2298550	7.3565364	13.877536	23.083543	34.841097	48.285209	61.567386	71.914476	76.193646	72.044801	59.368416	41.341469	23.420706	10.379765	3.5037492	0.91088734	0.19355218	0.036503472	0.0065642807	0.0011794235	0.00021747641	4.1584269e-05	8.0762190e-06	1.6159352e-06	5.0472084e-08	0.0000000	0.0000000	0.0000000	0.0000000	0.0000000	0.0000000	0.0000000	0.0000000
10.1150	0.0000000	0.0000000	0.0000000	0.0000000	0.0000000	0.0000000	0.0000000	0.0000000	0.0000000	0.0000000	0.0000000	0.0000000	0.0000000	0.0000000	0.0000000	0.0000000	0.0000000	0.0000000	0.0000000	0.0000000	0.0000000	0.0000000	0.0000000	0.0000000	0.0000000	0.0000000	0.0000000	0.0000000	0.0000000	0.0000000	0.0000000	0.0000000	0.0000000	0.0000000	0.0000000	0.0000000	0.0000000	0.0000000	0.0000000	0.0000000	0.0000000	1.7470433e-10	3.4278057e-08	3.2611350e-06	0.00015218055	0.0034705129	0.038090361	0.21056392	0.69510377	1.6625573	3.2619837	5.5949023	8.6506309	12.227952	15.871756	18.869649	20.343752	19.557008	16.361116	11.543303	6.6118417	2.9609325	1.0111708	0.26667577	0.057698205	0.011122732	0.0020507391	0.00037848129	7.1679910e-05	1.4050859e-05	2.8560954e-06	5.9971969e-07	1.9634035e-08	0.0000000	0.0000000	0.0000000	0.0000000	0.0000000	0.0000000	0.0000000	0.0000000
