# DO NOT EDIT: written Thu Mar 14 18:48:37 2019 by wrt_emiss_fe17.pro
# faked emissivities [1e-23 ergs cm^3/s] for Fe17 lines from Del Zanna 2011, A&A 536, A59
# emissivities include ion balance, but not abundance, and are spline and ion balance jittered off of emiss_Fe17_00000.txt
# line 6 -- SEED, LOGT
# lines 7+ -- WVL, EMISSIVITY
      415848	4.00	4.05	4.10	4.15	4.20	4.25	4.30	4.35	4.40	4.45	4.50	4.55	4.60	4.65	4.70	4.75	4.80	4.85	4.90	4.95	5.00	5.05	5.10	5.15	5.20	5.25	5.30	5.35	5.40	5.45	5.50	5.55	5.60	5.65	5.70	5.75	5.80	5.85	5.90	5.95	6.00	6.05	6.10	6.15	6.20	6.25	6.30	6.35	6.40	6.45	6.50	6.55	6.60	6.65	6.70	6.75	6.80	6.85	6.90	6.95	7.00	7.05	7.10	7.15	7.20	7.25	7.30	7.35	7.40	7.45	7.50	7.55	7.60	7.65	7.70	7.75	7.80	7.85	7.90	7.95	8.00
15.0130	0.0000000	0.0000000	0.0000000	0.0000000	0.0000000	0.0000000	0.0000000	0.0000000	0.0000000	0.0000000	0.0000000	0.0000000	0.0000000	0.0000000	0.0000000	0.0000000	0.0000000	0.0000000	0.0000000	0.0000000	0.0000000	0.0000000	0.0000000	0.0000000	0.0000000	0.0000000	0.0000000	0.0000000	0.0000000	0.0000000	0.0000000	0.0000000	0.0000000	0.0000000	0.0000000	0.0000000	0.0000000	0.0000000	0.0000000	0.0000000	3.8006319e-08	6.8748825e-06	0.00057023007	0.025757118	0.64121763	8.7330027	63.914852	257.79422	658.81340	1270.8840	2073.8133	3028.5447	4060.6293	5048.8823	5827.1451	6210.5277	6042.8554	5272.0562	4020.9227	2594.9675	1361.6752	557.92674	173.70147	41.663437	8.2400733	1.4701982	0.25411371	0.044372588	0.0080003915	0.0014990263	0.00029243709	5.8346564e-05	0.0000000	0.0000000	0.0000000	0.0000000	0.0000000	0.0000000	0.0000000	0.0000000	0.0000000
17.0510	0.0000000	0.0000000	0.0000000	0.0000000	0.0000000	0.0000000	0.0000000	0.0000000	0.0000000	0.0000000	0.0000000	0.0000000	0.0000000	0.0000000	0.0000000	0.0000000	0.0000000	0.0000000	0.0000000	0.0000000	0.0000000	0.0000000	0.0000000	0.0000000	0.0000000	0.0000000	0.0000000	0.0000000	0.0000000	0.0000000	0.0000000	0.0000000	0.0000000	0.0000000	0.0000000	0.0000000	0.0000000	0.0000000	0.0000000	0.0000000	7.2700096e-08	1.1474019e-05	0.00084698884	0.034653083	0.79344420	10.081531	69.773038	269.13902	661.26176	1226.0126	1918.1624	2680.1787	3431.8695	4068.3947	4470.2475	4530.3819	4188.2108	3469.6585	2511.4105	1537.5846	765.35111	297.52296	87.930541	20.047125	3.7763017	0.64335867	0.10649372	0.017866204	0.0031057554	0.00056313388	0.00010667044	2.0713912e-05	0.0000000	0.0000000	0.0000000	0.0000000	0.0000000	0.0000000	0.0000000	0.0000000	0.0000000
17.0960	0.0000000	0.0000000	0.0000000	0.0000000	0.0000000	0.0000000	0.0000000	0.0000000	0.0000000	0.0000000	0.0000000	0.0000000	0.0000000	0.0000000	0.0000000	0.0000000	0.0000000	0.0000000	0.0000000	0.0000000	0.0000000	0.0000000	0.0000000	0.0000000	0.0000000	0.0000000	0.0000000	0.0000000	0.0000000	0.0000000	0.0000000	0.0000000	0.0000000	0.0000000	0.0000000	0.0000000	0.0000000	0.0000000	0.0000000	0.0000000	7.1965551e-08	1.1271220e-05	0.00082065668	0.032945326	0.73679221	9.5976300	66.734231	253.27416	603.18599	1076.9464	1620.4651	2180.8382	2699.8571	3108.1312	3332.6100	3313.2624	3021.6854	2482.1949	1787.6390	1090.7242	540.97260	209.15696	61.280739	13.789542	2.5496250	0.42387375	0.068118740	0.011045767	0.0018484063	0.00032144323	5.8213287e-05	1.0784466e-05	0.0000000	0.0000000	0.0000000	0.0000000	0.0000000	0.0000000	0.0000000	0.0000000	0.0000000
16.7760	0.0000000	0.0000000	0.0000000	0.0000000	0.0000000	0.0000000	0.0000000	0.0000000	0.0000000	0.0000000	0.0000000	0.0000000	0.0000000	0.0000000	0.0000000	0.0000000	0.0000000	0.0000000	0.0000000	0.0000000	0.0000000	0.0000000	0.0000000	0.0000000	0.0000000	0.0000000	0.0000000	0.0000000	0.0000000	0.0000000	0.0000000	0.0000000	0.0000000	0.0000000	0.0000000	0.0000000	0.0000000	0.0000000	0.0000000	0.0000000	5.9186028e-08	9.4149718e-06	0.00069559458	0.028330445	0.64367357	8.0927511	55.225082	209.54723	507.73895	934.60929	1462.2861	2053.7234	2650.4793	3171.4177	3520.5557	3606.0956	3368.7508	2818.1665	2057.4498	1268.0938	633.61728	246.25633	72.387295	16.346751	3.0449328	0.51356212	0.084381230	0.014084743	0.0024403980	0.00044157888	8.3539077e-05	1.6216035e-05	0.0000000	0.0000000	0.0000000	0.0000000	0.0000000	0.0000000	0.0000000	0.0000000	0.0000000
15.2620	0.0000000	0.0000000	0.0000000	0.0000000	0.0000000	0.0000000	0.0000000	0.0000000	0.0000000	0.0000000	0.0000000	0.0000000	0.0000000	0.0000000	0.0000000	0.0000000	0.0000000	0.0000000	0.0000000	0.0000000	0.0000000	0.0000000	0.0000000	0.0000000	0.0000000	0.0000000	0.0000000	0.0000000	0.0000000	0.0000000	0.0000000	0.0000000	0.0000000	0.0000000	0.0000000	0.0000000	0.0000000	0.0000000	0.0000000	0.0000000	1.1713071e-08	2.0699489e-06	0.00016857647	0.0075067563	0.18476556	2.4917077	18.064560	72.186838	182.79462	349.47521	565.40839	819.17698	1090.3499	1346.7261	1545.0797	1638.1624	1586.9133	1379.6161	1049.5056	676.26206	354.68546	145.39299	45.320480	10.890347	2.1589508	0.38627291	0.066970366	0.011732359	0.0021223565	0.00039894249	7.8058892e-05	1.5613130e-05	0.0000000	0.0000000	0.0000000	0.0000000	0.0000000	0.0000000	0.0000000	0.0000000	0.0000000
12.1240	0.0000000	0.0000000	0.0000000	0.0000000	0.0000000	0.0000000	0.0000000	0.0000000	0.0000000	0.0000000	0.0000000	0.0000000	0.0000000	0.0000000	0.0000000	0.0000000	0.0000000	0.0000000	0.0000000	0.0000000	0.0000000	0.0000000	0.0000000	0.0000000	0.0000000	0.0000000	0.0000000	0.0000000	0.0000000	0.0000000	0.0000000	0.0000000	0.0000000	0.0000000	0.0000000	0.0000000	0.0000000	0.0000000	0.0000000	0.0000000	7.7250939e-10	1.7810693e-07	1.8353262e-05	0.0010062978	0.029770638	0.47255448	3.9604484	18.015837	51.242898	108.68619	192.78203	302.69884	431.70672	564.87319	679.15413	747.73915	746.71619	665.50674	516.98049	339.24610	180.77831	75.141424	23.712524	5.7633329	1.1550898	0.20885359	0.036581773	0.0064727585	0.0011824280	0.00022443642	4.4332931e-05	8.9480754e-06	0.0000000	0.0000000	0.0000000	0.0000000	0.0000000	0.0000000	0.0000000	0.0000000	0.0000000
12.2640	0.0000000	0.0000000	0.0000000	0.0000000	0.0000000	0.0000000	0.0000000	0.0000000	0.0000000	0.0000000	0.0000000	0.0000000	0.0000000	0.0000000	0.0000000	0.0000000	0.0000000	0.0000000	0.0000000	0.0000000	0.0000000	0.0000000	0.0000000	0.0000000	0.0000000	0.0000000	0.0000000	0.0000000	0.0000000	0.0000000	0.0000000	0.0000000	0.0000000	0.0000000	0.0000000	0.0000000	0.0000000	0.0000000	0.0000000	0.0000000	7.2712760e-10	1.6474233e-07	1.6820154e-05	0.00091981668	0.027273423	0.43518818	3.6698373	16.785638	47.949700	102.06828	181.69206	286.52774	411.10965	542.56760	659.71475	735.59345	743.97900	670.79207	525.97904	347.46252	185.96689	77.486470	24.472538	5.9448095	1.1893087	0.21436929	0.037380483	0.0065759006	0.0011928244	0.00022455194	4.3944560e-05	8.7794269e-06	0.0000000	0.0000000	0.0000000	0.0000000	0.0000000	0.0000000	0.0000000	0.0000000	0.0000000
13.8250	0.0000000	0.0000000	0.0000000	0.0000000	0.0000000	0.0000000	0.0000000	0.0000000	0.0000000	0.0000000	0.0000000	0.0000000	0.0000000	0.0000000	0.0000000	0.0000000	0.0000000	0.0000000	0.0000000	0.0000000	0.0000000	0.0000000	0.0000000	0.0000000	0.0000000	0.0000000	0.0000000	0.0000000	0.0000000	0.0000000	0.0000000	0.0000000	0.0000000	0.0000000	0.0000000	0.0000000	0.0000000	0.0000000	0.0000000	0.0000000	1.5785896e-09	2.8723785e-07	2.4025082e-05	0.0011101587	0.028886381	0.41896758	3.3089216	14.498462	40.240593	83.946895	147.16995	229.03160	324.88243	425.12402	514.34125	572.44661	579.29339	523.23577	411.05349	271.84175	145.53278	60.616804	19.130784	4.6432411	0.92847807	0.16746470	0.029264541	0.0051679671	0.00094262359	0.00017871071	3.5270516e-05	7.1145704e-06	0.0000000	0.0000000	0.0000000	0.0000000	0.0000000	0.0000000	0.0000000	0.0000000	0.0000000
15.4530	0.0000000	0.0000000	0.0000000	0.0000000	0.0000000	0.0000000	0.0000000	0.0000000	0.0000000	0.0000000	0.0000000	0.0000000	0.0000000	0.0000000	0.0000000	0.0000000	0.0000000	0.0000000	0.0000000	0.0000000	0.0000000	0.0000000	0.0000000	0.0000000	0.0000000	0.0000000	0.0000000	0.0000000	0.0000000	0.0000000	0.0000000	0.0000000	0.0000000	0.0000000	0.0000000	0.0000000	0.0000000	0.0000000	0.0000000	0.0000000	3.6530892e-09	6.2609454e-07	4.9324244e-05	0.0021193659	0.050225920	0.65104925	4.5306515	17.354436	42.059376	76.830295	118.55275	163.50658	206.77760	242.13618	262.76617	262.92299	239.86929	196.02208	139.92591	84.473886	41.462192	15.895082	4.6331486	1.0420584	0.19373689	0.032598239	0.0053334203	0.00088520244	0.00015236247	2.7373133e-05	5.1385420e-06	9.8832297e-07	0.0000000	0.0000000	0.0000000	0.0000000	0.0000000	0.0000000	0.0000000	0.0000000	0.0000000
11.2500	0.0000000	0.0000000	0.0000000	0.0000000	0.0000000	0.0000000	0.0000000	0.0000000	0.0000000	0.0000000	0.0000000	0.0000000	0.0000000	0.0000000	0.0000000	0.0000000	0.0000000	0.0000000	0.0000000	0.0000000	0.0000000	0.0000000	0.0000000	0.0000000	0.0000000	0.0000000	0.0000000	0.0000000	0.0000000	0.0000000	0.0000000	0.0000000	0.0000000	0.0000000	0.0000000	0.0000000	0.0000000	0.0000000	0.0000000	0.0000000	1.5559383e-10	3.9418779e-08	4.4082941e-06	0.00025947131	0.0081631413	0.13666844	1.1994934	5.6780902	16.720411	36.579626	66.750556	107.66235	157.65559	211.92401	262.01153	296.74981	304.71771	278.88887	221.98540	148.85237	80.850345	34.175438	10.944693	2.6943748	0.54605361	0.099692497	0.017605256	0.0031359611	0.00057583916	0.00010969895	2.1714772e-05	4.3853794e-06	0.0000000	0.0000000	0.0000000	0.0000000	0.0000000	0.0000000	0.0000000	0.0000000	0.0000000
11.1290	0.0000000	0.0000000	0.0000000	0.0000000	0.0000000	0.0000000	0.0000000	0.0000000	0.0000000	0.0000000	0.0000000	0.0000000	0.0000000	0.0000000	0.0000000	0.0000000	0.0000000	0.0000000	0.0000000	0.0000000	0.0000000	0.0000000	0.0000000	0.0000000	0.0000000	0.0000000	0.0000000	0.0000000	0.0000000	0.0000000	0.0000000	0.0000000	0.0000000	0.0000000	0.0000000	0.0000000	0.0000000	0.0000000	0.0000000	0.0000000	9.7734667e-11	2.4491835e-08	2.6964959e-06	0.00015560172	0.0047818463	0.080016529	0.71123912	3.4063429	10.136906	22.387161	41.201005	66.967738	98.759610	133.62747	166.22243	189.32873	195.42489	179.70632	143.64500	96.679801	52.683477	22.332582	7.1696111	1.8110354	0.40526433	0.079557687	0.014072655	0.0024178289	0.00042569855	7.8532843e-05	1.5203406e-05	3.0297598e-06	0.0000000	0.0000000	0.0000000	0.0000000	0.0000000	0.0000000	0.0000000	0.0000000	0.0000000
16.3360	0.0000000	0.0000000	0.0000000	0.0000000	0.0000000	0.0000000	0.0000000	0.0000000	0.0000000	0.0000000	0.0000000	0.0000000	0.0000000	0.0000000	0.0000000	0.0000000	0.0000000	0.0000000	0.0000000	0.0000000	0.0000000	0.0000000	0.0000000	0.0000000	0.0000000	0.0000000	0.0000000	0.0000000	0.0000000	0.0000000	0.0000000	0.0000000	0.0000000	0.0000000	0.0000000	0.0000000	0.0000000	0.0000000	0.0000000	0.0000000	1.8105462e-09	2.9247131e-07	2.1861923e-05	0.00089691593	0.020438685	0.25658537	1.7399931	6.5291906	15.572206	28.090189	42.932242	58.809502	74.055452	86.589357	94.102983	94.564114	86.873440	71.650775	51.709117	31.607729	15.728563	6.1194745	1.8116641	0.41403082	0.078213395	0.013364669	0.0022185912	0.00037313711	6.4972229e-05	1.1784116e-05	2.2287820e-06	4.3138296e-07	0.0000000	0.0000000	0.0000000	0.0000000	0.0000000	0.0000000	0.0000000	0.0000000	0.0000000
13.8900	0.0000000	0.0000000	0.0000000	0.0000000	0.0000000	0.0000000	0.0000000	0.0000000	0.0000000	0.0000000	0.0000000	0.0000000	0.0000000	0.0000000	0.0000000	0.0000000	0.0000000	0.0000000	0.0000000	0.0000000	0.0000000	0.0000000	0.0000000	0.0000000	0.0000000	0.0000000	0.0000000	0.0000000	0.0000000	0.0000000	0.0000000	0.0000000	0.0000000	0.0000000	0.0000000	0.0000000	0.0000000	0.0000000	0.0000000	0.0000000	5.1265769e-10	9.4914640e-08	8.0455794e-06	0.00037171230	0.0094851931	0.13265917	0.99689509	4.1140775	10.671779	20.709982	33.738744	48.899177	64.816593	79.561311	90.701309	95.550807	91.931909	79.293818	59.729779	38.012062	19.647965	7.9262997	2.4302191	0.57472533	0.11229796	0.019844750	0.0034064874	0.00059238852	0.00010665296	2.0002437e-05	3.9127984e-06	7.8358345e-07	0.0000000	0.0000000	0.0000000	0.0000000	0.0000000	0.0000000	0.0000000	0.0000000	0.0000000
16.0040	0.0000000	0.0000000	0.0000000	0.0000000	0.0000000	0.0000000	0.0000000	0.0000000	0.0000000	0.0000000	0.0000000	0.0000000	0.0000000	0.0000000	0.0000000	0.0000000	0.0000000	0.0000000	0.0000000	0.0000000	0.0000000	0.0000000	0.0000000	0.0000000	0.0000000	0.0000000	0.0000000	0.0000000	0.0000000	0.0000000	0.0000000	0.0000000	0.0000000	0.0000000	0.0000000	0.0000000	0.0000000	0.0000000	0.0000000	0.0000000	1.0871036e-09	1.8617515e-07	1.4688794e-05	0.00063046946	0.014875364	0.19154004	1.3226207	5.0276238	12.107342	22.012891	33.869900	46.678095	59.139801	69.639713	76.388801	77.757995	72.706090	61.380572	45.565230	28.717625	14.730376	5.8921360	1.7863985	0.41661545	0.080062893	0.013878421	0.0023313170	0.00039589769	6.9466812e-05	1.2673111e-05	2.4065775e-06	4.6681162e-07	0.0000000	0.0000000	0.0000000	0.0000000	0.0000000	0.0000000	0.0000000	0.0000000	0.0000000
10.7700	0.0000000	0.0000000	0.0000000	0.0000000	0.0000000	0.0000000	0.0000000	0.0000000	0.0000000	0.0000000	0.0000000	0.0000000	0.0000000	0.0000000	0.0000000	0.0000000	0.0000000	0.0000000	0.0000000	0.0000000	0.0000000	0.0000000	0.0000000	0.0000000	0.0000000	0.0000000	0.0000000	0.0000000	0.0000000	0.0000000	0.0000000	0.0000000	0.0000000	0.0000000	0.0000000	0.0000000	0.0000000	0.0000000	0.0000000	0.0000000	5.5795986e-11	1.5073973e-08	1.7911341e-06	0.00011169864	0.0037141956	0.065561728	0.60481595	2.9965567	9.1803778	20.750665	38.868304	63.973259	95.105062	129.22303	160.88340	182.76354	187.38961	170.37244	134.02465	88.443070	47.133667	19.517976	6.1230066	1.4775756	0.29384929	0.052726170	0.0093107972	0.0016632049	0.00030600887	5.8357150e-05	1.1552763e-05	2.3309860e-06	0.0000000	0.0000000	0.0000000	0.0000000	0.0000000	0.0000000	0.0000000	0.0000000	0.0000000
10.6570	0.0000000	0.0000000	0.0000000	0.0000000	0.0000000	0.0000000	0.0000000	0.0000000	0.0000000	0.0000000	0.0000000	0.0000000	0.0000000	0.0000000	0.0000000	0.0000000	0.0000000	0.0000000	0.0000000	0.0000000	0.0000000	0.0000000	0.0000000	0.0000000	0.0000000	0.0000000	0.0000000	0.0000000	0.0000000	0.0000000	0.0000000	0.0000000	0.0000000	0.0000000	0.0000000	0.0000000	0.0000000	0.0000000	0.0000000	0.0000000	2.7823408e-11	7.6103610e-09	9.1260556e-07	5.7275152e-05	0.0019123325	0.033830738	0.31230882	1.5471329	4.7405891	10.729534	20.155643	33.331971	49.887891	68.379003	86.045080	99.009042	103.07059	95.408477	76.613320	51.694270	28.181825	11.926765	3.8149095	0.93581079	0.18854700	0.034153422	0.0059752408	0.0010535686	0.00019145142	3.6100930e-05	7.0783359e-06	1.4177754e-06	0.0000000	0.0000000	0.0000000	0.0000000	0.0000000	0.0000000	0.0000000	0.0000000	0.0000000
12.6800	0.0000000	0.0000000	0.0000000	0.0000000	0.0000000	0.0000000	0.0000000	0.0000000	0.0000000	0.0000000	0.0000000	0.0000000	0.0000000	0.0000000	0.0000000	0.0000000	0.0000000	0.0000000	0.0000000	0.0000000	0.0000000	0.0000000	0.0000000	0.0000000	0.0000000	0.0000000	0.0000000	0.0000000	0.0000000	0.0000000	0.0000000	0.0000000	0.0000000	0.0000000	0.0000000	0.0000000	0.0000000	0.0000000	0.0000000	0.0000000	1.9200648e-10	3.8804349e-08	3.5611416e-06	0.00017697556	0.0048289645	0.071719521	0.56679436	2.4269410	6.4616626	12.774615	20.850917	29.567878	38.261665	45.859568	51.041615	52.513179	49.385099	41.689134	30.806295	19.323571	9.9065057	3.9933140	1.2338686	0.29683187	0.059568512	0.010913094	0.0019561343	0.00035629325	6.7145933e-05	1.3134885e-05	2.6310411e-06	5.2044084e-07	0.0000000	0.0000000	0.0000000	0.0000000	0.0000000	0.0000000	0.0000000	0.0000000	0.0000000
11.0230	0.0000000	0.0000000	0.0000000	0.0000000	0.0000000	0.0000000	0.0000000	0.0000000	0.0000000	0.0000000	0.0000000	0.0000000	0.0000000	0.0000000	0.0000000	0.0000000	0.0000000	0.0000000	0.0000000	0.0000000	0.0000000	0.0000000	0.0000000	0.0000000	0.0000000	0.0000000	0.0000000	0.0000000	0.0000000	0.0000000	0.0000000	0.0000000	0.0000000	0.0000000	0.0000000	0.0000000	0.0000000	0.0000000	0.0000000	0.0000000	1.9080630e-11	4.9817562e-09	5.7772521e-07	3.5399398e-05	0.0011592875	0.020125731	0.18242881	0.88888292	2.6875316	6.0326498	11.314810	18.809295	28.467076	39.655184	50.919571	59.950198	64.005113	60.897363	50.365250	35.065240	19.755814	8.6461646	2.8585099	0.72394738	0.15035826	0.028025239	0.0050348296	0.00090940180	0.00016897086	3.2538906e-05	6.5087564e-06	1.3282438e-06	0.0000000	0.0000000	0.0000000	0.0000000	0.0000000	0.0000000	0.0000000	0.0000000	0.0000000
10.1150	0.0000000	0.0000000	0.0000000	0.0000000	0.0000000	0.0000000	0.0000000	0.0000000	0.0000000	0.0000000	0.0000000	0.0000000	0.0000000	0.0000000	0.0000000	0.0000000	0.0000000	0.0000000	0.0000000	0.0000000	0.0000000	0.0000000	0.0000000	0.0000000	0.0000000	0.0000000	0.0000000	0.0000000	0.0000000	0.0000000	0.0000000	0.0000000	0.0000000	0.0000000	0.0000000	0.0000000	0.0000000	0.0000000	0.0000000	0.0000000	3.0133415e-12	8.9049554e-10	1.1465564e-07	7.6859105e-06	0.00027286606	0.0051133959	0.049843907	0.25993032	0.83552387	1.9753605	3.8595700	6.6149076	10.233224	14.473787	18.784651	22.299013	23.955308	22.883754	18.957535	13.187241	7.4065308	3.2299121	1.0656563	0.27007292	0.056328176	0.010584250	0.0019236702	0.00035245190	6.6502269e-05	1.3000852e-05	2.6368676e-06	5.4470794e-07	0.0000000	0.0000000	0.0000000	0.0000000	0.0000000	0.0000000	0.0000000	0.0000000	0.0000000
