# DO NOT EDIT: written Thu Mar 14 18:48:37 2019 by wrt_emiss_fe17.pro
# faked emissivities [1e-23 ergs cm^3/s] for Fe17 lines from Del Zanna 2011, A&A 536, A59
# emissivities include ion balance, but not abundance, and are spline and ion balance jittered off of emiss_Fe17_00000.txt
# line 6 -- SEED, LOGT
# lines 7+ -- WVL, EMISSIVITY
      582014	4.00	4.05	4.10	4.15	4.20	4.25	4.30	4.35	4.40	4.45	4.50	4.55	4.60	4.65	4.70	4.75	4.80	4.85	4.90	4.95	5.00	5.05	5.10	5.15	5.20	5.25	5.30	5.35	5.40	5.45	5.50	5.55	5.60	5.65	5.70	5.75	5.80	5.85	5.90	5.95	6.00	6.05	6.10	6.15	6.20	6.25	6.30	6.35	6.40	6.45	6.50	6.55	6.60	6.65	6.70	6.75	6.80	6.85	6.90	6.95	7.00	7.05	7.10	7.15	7.20	7.25	7.30	7.35	7.40	7.45	7.50	7.55	7.60	7.65	7.70	7.75	7.80	7.85	7.90	7.95	8.00
15.0130	0.0000000	0.0000000	0.0000000	0.0000000	0.0000000	0.0000000	0.0000000	0.0000000	0.0000000	0.0000000	0.0000000	0.0000000	0.0000000	0.0000000	0.0000000	0.0000000	0.0000000	0.0000000	0.0000000	0.0000000	0.0000000	0.0000000	0.0000000	0.0000000	0.0000000	0.0000000	0.0000000	0.0000000	0.0000000	0.0000000	0.0000000	0.0000000	0.0000000	0.0000000	0.0000000	0.0000000	0.0000000	0.0000000	0.0000000	0.0000000	1.0233263e-07	1.5727135e-05	0.0011821456	0.046810993	0.99339097	11.425775	72.849294	271.20020	666.89831	1261.9387	2036.0600	2949.9559	3929.8380	4857.4425	5573.3274	5902.9856	5704.0149	4938.0689	3734.6732	2389.5672	1244.1855	506.91382	157.47082	37.831858	7.5170782	1.3498622	0.23501551	0.041345330	0.0075080929	0.0014160031	0.00027777700	5.4154250e-05	0.0000000	0.0000000	0.0000000	0.0000000	0.0000000	0.0000000	0.0000000	0.0000000	0.0000000
17.0510	0.0000000	0.0000000	0.0000000	0.0000000	0.0000000	0.0000000	0.0000000	0.0000000	0.0000000	0.0000000	0.0000000	0.0000000	0.0000000	0.0000000	0.0000000	0.0000000	0.0000000	0.0000000	0.0000000	0.0000000	0.0000000	0.0000000	0.0000000	0.0000000	0.0000000	0.0000000	0.0000000	0.0000000	0.0000000	0.0000000	0.0000000	0.0000000	0.0000000	0.0000000	0.0000000	0.0000000	0.0000000	0.0000000	0.0000000	0.0000000	1.9129326e-07	2.5933212e-05	0.0017441980	0.080666628	1.6367848	17.283562	101.69865	312.93629	601.13649	1052.2721	1594.6935	2177.3880	2740.9137	3208.2640	3491.9191	3513.5029	3229.6139	2662.5716	1919.0082	1170.5950	581.27655	225.94670	67.003272	15.384335	2.9263068	0.50404195	0.084354931	0.014296368	0.0025064584	0.00045734524	8.6948880e-05	1.6446972e-05	0.0000000	0.0000000	0.0000000	0.0000000	0.0000000	0.0000000	0.0000000	0.0000000	0.0000000
17.0960	0.0000000	0.0000000	0.0000000	0.0000000	0.0000000	0.0000000	0.0000000	0.0000000	0.0000000	0.0000000	0.0000000	0.0000000	0.0000000	0.0000000	0.0000000	0.0000000	0.0000000	0.0000000	0.0000000	0.0000000	0.0000000	0.0000000	0.0000000	0.0000000	0.0000000	0.0000000	0.0000000	0.0000000	0.0000000	0.0000000	0.0000000	0.0000000	0.0000000	0.0000000	0.0000000	0.0000000	0.0000000	0.0000000	0.0000000	0.0000000	1.9044869e-07	2.5493333e-05	0.0016916829	0.059858487	1.1469794	12.010635	70.136466	240.13962	544.76947	953.12357	1424.2458	1913.5477	2365.7403	2714.8560	3016.8479	3286.4776	3265.1421	2744.4780	1872.2957	1054.5639	485.79625	176.28837	49.111140	10.658895	1.9279323	0.31756972	0.051097915	0.0083663426	0.0014229032	0.00025270718	4.6883048e-05	8.6697082e-06	0.0000000	0.0000000	0.0000000	0.0000000	0.0000000	0.0000000	0.0000000	0.0000000	0.0000000
16.7760	0.0000000	0.0000000	0.0000000	0.0000000	0.0000000	0.0000000	0.0000000	0.0000000	0.0000000	0.0000000	0.0000000	0.0000000	0.0000000	0.0000000	0.0000000	0.0000000	0.0000000	0.0000000	0.0000000	0.0000000	0.0000000	0.0000000	0.0000000	0.0000000	0.0000000	0.0000000	0.0000000	0.0000000	0.0000000	0.0000000	0.0000000	0.0000000	0.0000000	0.0000000	0.0000000	0.0000000	0.0000000	0.0000000	0.0000000	0.0000000	1.6312491e-07	2.2948582e-05	0.0015499284	0.054233008	1.0152317	10.392968	59.529273	200.85847	451.40485	799.43508	1223.9456	1687.3399	2141.0200	2521.4833	2757.6659	2785.5022	2568.7178	2123.9529	1535.4618	939.71507	468.28740	182.70441	54.383428	12.532473	2.3921328	0.41338907	0.069399841	0.011796778	0.0020739741	0.00037938771	7.2288591e-05	1.3699828e-05	0.0000000	0.0000000	0.0000000	0.0000000	0.0000000	0.0000000	0.0000000	0.0000000	0.0000000
15.2620	0.0000000	0.0000000	0.0000000	0.0000000	0.0000000	0.0000000	0.0000000	0.0000000	0.0000000	0.0000000	0.0000000	0.0000000	0.0000000	0.0000000	0.0000000	0.0000000	0.0000000	0.0000000	0.0000000	0.0000000	0.0000000	0.0000000	0.0000000	0.0000000	0.0000000	0.0000000	0.0000000	0.0000000	0.0000000	0.0000000	0.0000000	0.0000000	0.0000000	0.0000000	0.0000000	0.0000000	0.0000000	0.0000000	0.0000000	0.0000000	2.8404654e-08	4.2826258e-06	0.00031699900	0.012398407	0.26040675	2.9668869	18.736583	69.078571	168.23149	315.35467	504.35784	725.09214	959.49107	1179.1635	1346.3404	1420.1299	1367.6242	1180.7746	891.15268	569.30476	296.10618	120.56568	37.443945	8.9969374	1.7886321	0.32150459	0.056055802	0.0098807837	0.0017986836	0.00034022995	6.6975938e-05	1.3109168e-05	0.0000000	0.0000000	0.0000000	0.0000000	0.0000000	0.0000000	0.0000000	0.0000000	0.0000000
12.1240	0.0000000	0.0000000	0.0000000	0.0000000	0.0000000	0.0000000	0.0000000	0.0000000	0.0000000	0.0000000	0.0000000	0.0000000	0.0000000	0.0000000	0.0000000	0.0000000	0.0000000	0.0000000	0.0000000	0.0000000	0.0000000	0.0000000	0.0000000	0.0000000	0.0000000	0.0000000	0.0000000	0.0000000	0.0000000	0.0000000	0.0000000	0.0000000	0.0000000	0.0000000	0.0000000	0.0000000	0.0000000	0.0000000	0.0000000	0.0000000	1.7360174e-09	3.4250757e-07	3.2138717e-05	0.0016081902	0.042393064	0.59147847	4.4760065	19.399385	54.591910	116.33641	208.19492	329.81240	474.14636	624.91844	756.44880	837.44174	839.06331	747.96658	578.97970	377.14224	198.98176	81.817752	25.565919	6.1642600	1.2275143	0.22072158	0.038465888	0.0067750340	0.0012324546	0.00023296784	4.5812963e-05	8.9506952e-06	0.0000000	0.0000000	0.0000000	0.0000000	0.0000000	0.0000000	0.0000000	0.0000000	0.0000000
12.2640	0.0000000	0.0000000	0.0000000	0.0000000	0.0000000	0.0000000	0.0000000	0.0000000	0.0000000	0.0000000	0.0000000	0.0000000	0.0000000	0.0000000	0.0000000	0.0000000	0.0000000	0.0000000	0.0000000	0.0000000	0.0000000	0.0000000	0.0000000	0.0000000	0.0000000	0.0000000	0.0000000	0.0000000	0.0000000	0.0000000	0.0000000	0.0000000	0.0000000	0.0000000	0.0000000	0.0000000	0.0000000	0.0000000	0.0000000	0.0000000	1.7077208e-09	3.2786753e-07	3.0360479e-05	0.0014492146	0.036348601	0.48522403	3.5306765	14.773119	40.276166	83.477945	145.96376	227.06700	322.15529	421.05989	507.58259	561.54760	563.78223	504.62441	392.78488	257.60795	137.01370	56.888405	18.283774	4.5352389	0.92871570	0.17152341	0.030643085	0.0055180019	0.0010229530	0.00019640516	3.9099081e-05	7.7077409e-06	0.0000000	0.0000000	0.0000000	0.0000000	0.0000000	0.0000000	0.0000000	0.0000000	0.0000000
13.8250	0.0000000	0.0000000	0.0000000	0.0000000	0.0000000	0.0000000	0.0000000	0.0000000	0.0000000	0.0000000	0.0000000	0.0000000	0.0000000	0.0000000	0.0000000	0.0000000	0.0000000	0.0000000	0.0000000	0.0000000	0.0000000	0.0000000	0.0000000	0.0000000	0.0000000	0.0000000	0.0000000	0.0000000	0.0000000	0.0000000	0.0000000	0.0000000	0.0000000	0.0000000	0.0000000	0.0000000	0.0000000	0.0000000	0.0000000	0.0000000	4.0205878e-09	6.4829826e-07	5.1099753e-05	0.0021252345	0.047487431	0.57628892	3.8787913	15.217245	39.264939	77.613306	130.34723	196.08333	270.83789	347.03277	412.95600	453.60333	454.21332	406.75121	317.33420	208.75903	111.43088	46.432933	14.727719	3.6097974	0.73174441	0.13412466	0.023850981	0.0042884590	0.00079628839	0.00015358539	3.0800053e-05	6.1317670e-06	0.0000000	0.0000000	0.0000000	0.0000000	0.0000000	0.0000000	0.0000000	0.0000000	0.0000000
15.4530	0.0000000	0.0000000	0.0000000	0.0000000	0.0000000	0.0000000	0.0000000	0.0000000	0.0000000	0.0000000	0.0000000	0.0000000	0.0000000	0.0000000	0.0000000	0.0000000	0.0000000	0.0000000	0.0000000	0.0000000	0.0000000	0.0000000	0.0000000	0.0000000	0.0000000	0.0000000	0.0000000	0.0000000	0.0000000	0.0000000	0.0000000	0.0000000	0.0000000	0.0000000	0.0000000	0.0000000	0.0000000	0.0000000	0.0000000	0.0000000	1.2190304e-08	1.7885166e-06	0.00012859648	0.0048762061	0.099114288	1.0910184	6.6202847	23.383304	54.368201	96.916611	146.74644	198.74929	246.46984	282.25669	298.49807	289.79637	255.20884	200.53583	138.17556	81.628863	40.000562	15.579805	4.6768713	1.0930139	0.21192435	0.036497473	0.0059370357	0.00097877668	0.00016708510	2.9716958e-05	5.5128618e-06	1.0185965e-06	0.0000000	0.0000000	0.0000000	0.0000000	0.0000000	0.0000000	0.0000000	0.0000000	0.0000000
11.2500	0.0000000	0.0000000	0.0000000	0.0000000	0.0000000	0.0000000	0.0000000	0.0000000	0.0000000	0.0000000	0.0000000	0.0000000	0.0000000	0.0000000	0.0000000	0.0000000	0.0000000	0.0000000	0.0000000	0.0000000	0.0000000	0.0000000	0.0000000	0.0000000	0.0000000	0.0000000	0.0000000	0.0000000	0.0000000	0.0000000	0.0000000	0.0000000	0.0000000	0.0000000	0.0000000	0.0000000	0.0000000	0.0000000	0.0000000	0.0000000	3.9125398e-10	8.5177859e-08	8.7315260e-06	0.00045576718	0.012366344	0.17693164	1.3692441	6.0567475	17.380404	37.786122	69.085832	112.02559	165.12940	223.45448	277.93123	316.26440	325.69015	298.27550	237.01897	158.33167	85.562144	35.980563	11.477426	2.8188990	0.57037034	0.10390851	0.018281540	0.0032368682	0.00058905984	0.00011083499	2.1582703e-05	4.1544765e-06	0.0000000	0.0000000	0.0000000	0.0000000	0.0000000	0.0000000	0.0000000	0.0000000	0.0000000
11.1290	0.0000000	0.0000000	0.0000000	0.0000000	0.0000000	0.0000000	0.0000000	0.0000000	0.0000000	0.0000000	0.0000000	0.0000000	0.0000000	0.0000000	0.0000000	0.0000000	0.0000000	0.0000000	0.0000000	0.0000000	0.0000000	0.0000000	0.0000000	0.0000000	0.0000000	0.0000000	0.0000000	0.0000000	0.0000000	0.0000000	0.0000000	0.0000000	0.0000000	0.0000000	0.0000000	0.0000000	0.0000000	0.0000000	0.0000000	0.0000000	2.4628610e-10	5.3962622e-08	5.5613247e-06	0.00029157718	0.0079400296	0.11392731	0.88350255	3.9128470	11.230596	24.398046	44.545567	72.114252	106.14416	143.51082	178.50921	203.38360	210.00884	193.17502	154.45866	103.98757	56.708388	24.090676	7.7697812	1.9306807	0.39542219	0.072939145	0.012996322	0.0023315639	0.00043030244	8.2212255e-05	1.6283928e-05	3.1941878e-06	0.0000000	0.0000000	0.0000000	0.0000000	0.0000000	0.0000000	0.0000000	0.0000000	0.0000000
16.3360	0.0000000	0.0000000	0.0000000	0.0000000	0.0000000	0.0000000	0.0000000	0.0000000	0.0000000	0.0000000	0.0000000	0.0000000	0.0000000	0.0000000	0.0000000	0.0000000	0.0000000	0.0000000	0.0000000	0.0000000	0.0000000	0.0000000	0.0000000	0.0000000	0.0000000	0.0000000	0.0000000	0.0000000	0.0000000	0.0000000	0.0000000	0.0000000	0.0000000	0.0000000	0.0000000	0.0000000	0.0000000	0.0000000	0.0000000	0.0000000	4.5518380e-09	6.3003071e-07	4.3036430e-05	0.0015606821	0.030564102	0.32664109	1.9448941	6.7879396	15.695250	27.975777	42.577609	58.262114	73.377908	85.832173	93.285930	93.665285	85.862185	70.549085	50.639440	30.746374	15.191295	5.8739651	1.7323306	0.39551457	0.074802433	0.012809760	0.0021314548	0.00035919102	6.2619021e-05	1.1360979e-05	2.1473677e-06	4.0373253e-07	0.0000000	0.0000000	0.0000000	0.0000000	0.0000000	0.0000000	0.0000000	0.0000000	0.0000000
13.8900	0.0000000	0.0000000	0.0000000	0.0000000	0.0000000	0.0000000	0.0000000	0.0000000	0.0000000	0.0000000	0.0000000	0.0000000	0.0000000	0.0000000	0.0000000	0.0000000	0.0000000	0.0000000	0.0000000	0.0000000	0.0000000	0.0000000	0.0000000	0.0000000	0.0000000	0.0000000	0.0000000	0.0000000	0.0000000	0.0000000	0.0000000	0.0000000	0.0000000	0.0000000	0.0000000	0.0000000	0.0000000	0.0000000	0.0000000	0.0000000	1.4844738e-09	2.3515930e-07	1.8186592e-05	0.00074133363	0.016223255	0.19269817	1.2680443	4.8526212	12.162102	23.233484	37.531544	54.083599	71.326442	87.083052	98.657971	103.14509	98.315167	83.843936	62.325306	39.079781	19.890255	7.9071477	2.3943797	0.56080694	0.10875375	0.019093553	0.0032569575	0.00056268986	0.00010058403	1.8715738e-05	3.6288679e-06	7.0011810e-07	0.0000000	0.0000000	0.0000000	0.0000000	0.0000000	0.0000000	0.0000000	0.0000000	0.0000000
16.0040	0.0000000	0.0000000	0.0000000	0.0000000	0.0000000	0.0000000	0.0000000	0.0000000	0.0000000	0.0000000	0.0000000	0.0000000	0.0000000	0.0000000	0.0000000	0.0000000	0.0000000	0.0000000	0.0000000	0.0000000	0.0000000	0.0000000	0.0000000	0.0000000	0.0000000	0.0000000	0.0000000	0.0000000	0.0000000	0.0000000	0.0000000	0.0000000	0.0000000	0.0000000	0.0000000	0.0000000	0.0000000	0.0000000	0.0000000	0.0000000	2.7287298e-09	3.9358731e-07	2.8031251e-05	0.0010593418	0.021591290	0.23992604	1.4864005	5.4097162	13.089663	24.507253	39.028825	54.037624	68.766769	81.161544	88.909673	89.930534	83.029659	68.706932	49.669839	30.370680	15.105552	5.8763131	1.7426237	0.39996329	0.075260125	0.011489189	0.0016323734	0.00027464943	4.8222734e-05	8.8185161e-06	1.6811296e-06	3.1894469e-07	0.0000000	0.0000000	0.0000000	0.0000000	0.0000000	0.0000000	0.0000000	0.0000000	0.0000000
10.7700	0.0000000	0.0000000	0.0000000	0.0000000	0.0000000	0.0000000	0.0000000	0.0000000	0.0000000	0.0000000	0.0000000	0.0000000	0.0000000	0.0000000	0.0000000	0.0000000	0.0000000	0.0000000	0.0000000	0.0000000	0.0000000	0.0000000	0.0000000	0.0000000	0.0000000	0.0000000	0.0000000	0.0000000	0.0000000	0.0000000	0.0000000	0.0000000	0.0000000	0.0000000	0.0000000	0.0000000	0.0000000	0.0000000	0.0000000	0.0000000	1.4020036e-10	3.2581139e-08	3.5465665e-06	0.00019558245	0.0055807950	0.083614454	0.67458499	3.0943563	9.1465058	20.333680	37.772229	61.909415	91.890549	124.91612	155.91353	177.94126	183.72964	168.68804	134.36136	89.949998	48.714510	20.536226	6.5709652	1.6201937	0.32948094	0.060413825	0.010715037	0.0019157360	0.00035270107	6.7276939e-05	1.3312786e-05	2.6101860e-06	0.0000000	0.0000000	0.0000000	0.0000000	0.0000000	0.0000000	0.0000000	0.0000000	0.0000000
10.6570	0.0000000	0.0000000	0.0000000	0.0000000	0.0000000	0.0000000	0.0000000	0.0000000	0.0000000	0.0000000	0.0000000	0.0000000	0.0000000	0.0000000	0.0000000	0.0000000	0.0000000	0.0000000	0.0000000	0.0000000	0.0000000	0.0000000	0.0000000	0.0000000	0.0000000	0.0000000	0.0000000	0.0000000	0.0000000	0.0000000	0.0000000	0.0000000	0.0000000	0.0000000	0.0000000	0.0000000	0.0000000	0.0000000	0.0000000	0.0000000	7.1410890e-11	1.6680300e-08	1.8211042e-06	0.00010060753	0.0028734990	0.043055084	0.34706975	1.5898341	4.6939072	10.431173	19.385940	31.813508	47.305441	64.434127	80.557541	92.042423	95.063185	87.217980	69.362012	46.336810	25.030396	10.520829	3.3555314	0.82460596	0.16713913	0.030557831	0.0054092394	0.00096659684	0.00017816489	3.4087967e-05	6.7791185e-06	1.3384512e-06	0.0000000	0.0000000	0.0000000	0.0000000	0.0000000	0.0000000	0.0000000	0.0000000	0.0000000
12.6800	0.0000000	0.0000000	0.0000000	0.0000000	0.0000000	0.0000000	0.0000000	0.0000000	0.0000000	0.0000000	0.0000000	0.0000000	0.0000000	0.0000000	0.0000000	0.0000000	0.0000000	0.0000000	0.0000000	0.0000000	0.0000000	0.0000000	0.0000000	0.0000000	0.0000000	0.0000000	0.0000000	0.0000000	0.0000000	0.0000000	0.0000000	0.0000000	0.0000000	0.0000000	0.0000000	0.0000000	0.0000000	0.0000000	0.0000000	0.0000000	4.2712649e-10	7.5068199e-08	6.3791058e-06	0.00028338824	0.0067054107	0.085326298	0.59418017	2.3670568	6.0894517	11.807586	19.173361	27.588575	36.241077	44.103954	49.858700	52.137062	49.888129	42.889108	32.237693	20.494096	10.589847	4.2733740	1.3125949	0.31161063	0.061181194	0.010857756	0.0018686018	0.00032500755	5.8357305e-05	1.0882532e-05	2.1100436e-06	4.0627779e-07	0.0000000	0.0000000	0.0000000	0.0000000	0.0000000	0.0000000	0.0000000	0.0000000	0.0000000
11.0230	0.0000000	0.0000000	0.0000000	0.0000000	0.0000000	0.0000000	0.0000000	0.0000000	0.0000000	0.0000000	0.0000000	0.0000000	0.0000000	0.0000000	0.0000000	0.0000000	0.0000000	0.0000000	0.0000000	0.0000000	0.0000000	0.0000000	0.0000000	0.0000000	0.0000000	0.0000000	0.0000000	0.0000000	0.0000000	0.0000000	0.0000000	0.0000000	0.0000000	0.0000000	0.0000000	0.0000000	0.0000000	0.0000000	0.0000000	0.0000000	4.7994521e-11	1.0937373e-08	1.1877930e-06	6.6330387e-05	0.0019359596	0.029745975	0.24572960	1.1498176	3.4505359	7.6403480	14.161696	23.286604	34.050307	44.189190	51.016495	53.029870	53.679946	49.806040	40.109882	27.176750	14.915758	6.3777957	2.0699231	0.51733693	0.10651037	0.019745078	0.0035367654	0.00063816881	0.00011863932	2.3079576e-05	4.8395657e-06	1.0049980e-06	0.0000000	0.0000000	0.0000000	0.0000000	0.0000000	0.0000000	0.0000000	0.0000000	0.0000000
10.1150	0.0000000	0.0000000	0.0000000	0.0000000	0.0000000	0.0000000	0.0000000	0.0000000	0.0000000	0.0000000	0.0000000	0.0000000	0.0000000	0.0000000	0.0000000	0.0000000	0.0000000	0.0000000	0.0000000	0.0000000	0.0000000	0.0000000	0.0000000	0.0000000	0.0000000	0.0000000	0.0000000	0.0000000	0.0000000	0.0000000	0.0000000	0.0000000	0.0000000	0.0000000	0.0000000	0.0000000	0.0000000	0.0000000	0.0000000	0.0000000	6.9461433e-12	1.7395749e-09	2.0247002e-07	1.1871448e-05	0.00035858480	0.0056663403	0.048065207	0.23119635	0.71494312	1.6584695	3.2063899	5.4590017	8.4059389	11.847139	15.330538	18.149230	19.443118	18.517949	15.293725	10.606872	5.9439759	2.5911147	0.85718483	0.21855237	0.045970421	0.0087215091	0.0016006444	0.00029597715	5.6299449e-05	1.1079259e-05	2.2577876e-06	4.5493408e-07	0.0000000	0.0000000	0.0000000	0.0000000	0.0000000	0.0000000	0.0000000	0.0000000	0.0000000
