# DO NOT EDIT: written Thu Mar 14 18:48:37 2019 by wrt_emiss_fe17.pro
# faked emissivities [1e-23 ergs cm^3/s] for Fe17 lines from Del Zanna 2011, A&A 536, A59
# emissivities include ion balance, but not abundance, and are spline and ion balance jittered off of emiss_Fe17_00000.txt
# line 6 -- SEED, LOGT
# lines 7+ -- WVL, EMISSIVITY
      908535	4.00	4.05	4.10	4.15	4.20	4.25	4.30	4.35	4.40	4.45	4.50	4.55	4.60	4.65	4.70	4.75	4.80	4.85	4.90	4.95	5.00	5.05	5.10	5.15	5.20	5.25	5.30	5.35	5.40	5.45	5.50	5.55	5.60	5.65	5.70	5.75	5.80	5.85	5.90	5.95	6.00	6.05	6.10	6.15	6.20	6.25	6.30	6.35	6.40	6.45	6.50	6.55	6.60	6.65	6.70	6.75	6.80	6.85	6.90	6.95	7.00	7.05	7.10	7.15	7.20	7.25	7.30	7.35	7.40	7.45	7.50	7.55	7.60	7.65	7.70	7.75	7.80	7.85	7.90	7.95	8.00
15.0130	0.0000000	0.0000000	0.0000000	0.0000000	0.0000000	0.0000000	0.0000000	0.0000000	0.0000000	0.0000000	0.0000000	0.0000000	0.0000000	0.0000000	0.0000000	0.0000000	0.0000000	0.0000000	0.0000000	0.0000000	0.0000000	0.0000000	0.0000000	0.0000000	0.0000000	0.0000000	0.0000000	0.0000000	0.0000000	0.0000000	0.0000000	0.0000000	0.0000000	0.0000000	0.0000000	0.0000000	0.0000000	0.0000000	0.0000000	0.0000000	0.0000000	1.2244197e-06	0.00015522833	0.0099713164	0.32889274	5.5525829	47.509817	216.42028	608.08543	1244.2668	2095.4383	3112.0345	4217.8525	5295.5967	6184.4098	6699.4960	6673.6102	6023.7554	4824.0096	3335.6052	1927.2368	898.69589	328.56283	93.243970	21.077320	4.0520763	0.71762243	0.12458864	0.021993847	0.0040179741	0.00076349051	0.00015088872	2.1287700e-05	0.0000000	0.0000000	0.0000000	0.0000000	0.0000000	0.0000000	0.0000000	0.0000000
17.0510	0.0000000	0.0000000	0.0000000	0.0000000	0.0000000	0.0000000	0.0000000	0.0000000	0.0000000	0.0000000	0.0000000	0.0000000	0.0000000	0.0000000	0.0000000	0.0000000	0.0000000	0.0000000	0.0000000	0.0000000	0.0000000	0.0000000	0.0000000	0.0000000	0.0000000	0.0000000	0.0000000	0.0000000	0.0000000	0.0000000	0.0000000	0.0000000	0.0000000	0.0000000	0.0000000	0.0000000	0.0000000	0.0000000	0.0000000	0.0000000	0.0000000	1.8568361e-06	0.00020830494	0.012055433	0.36219926	5.6062229	44.212227	186.52694	489.32981	941.81684	1498.1762	2109.0301	2717.0716	3249.8753	3621.9448	3749.6220	3606.5082	3167.9026	2476.7645	1676.8652	951.34723	436.81635	157.05182	43.470894	9.5148689	1.7627047	0.30002411	0.050033545	0.0084930880	0.0014942160	0.00027384223	5.2266151e-05	7.1308958e-06	0.0000000	0.0000000	0.0000000	0.0000000	0.0000000	0.0000000	0.0000000	0.0000000
17.0960	0.0000000	0.0000000	0.0000000	0.0000000	0.0000000	0.0000000	0.0000000	0.0000000	0.0000000	0.0000000	0.0000000	0.0000000	0.0000000	0.0000000	0.0000000	0.0000000	0.0000000	0.0000000	0.0000000	0.0000000	0.0000000	0.0000000	0.0000000	0.0000000	0.0000000	0.0000000	0.0000000	0.0000000	0.0000000	0.0000000	0.0000000	0.0000000	0.0000000	0.0000000	0.0000000	0.0000000	0.0000000	0.0000000	0.0000000	0.0000000	0.0000000	2.3989607e-06	0.00026829961	0.015379958	0.45718401	7.0100077	54.772513	228.68358	592.48465	1123.2632	1755.1123	2420.7222	3048.2058	3555.6503	3856.9973	3879.4219	3586.1775	3001.6073	2226.1358	1422.9574	758.35557	325.39850	109.21782	28.410582	5.8813867	1.0353639	0.16804323	0.026783500	0.0043514541	0.00073392362	0.00012919908	2.3740730e-05	3.1264617e-06	0.0000000	0.0000000	0.0000000	0.0000000	0.0000000	0.0000000	0.0000000	0.0000000
16.7760	0.0000000	0.0000000	0.0000000	0.0000000	0.0000000	0.0000000	0.0000000	0.0000000	0.0000000	0.0000000	0.0000000	0.0000000	0.0000000	0.0000000	0.0000000	0.0000000	0.0000000	0.0000000	0.0000000	0.0000000	0.0000000	0.0000000	0.0000000	0.0000000	0.0000000	0.0000000	0.0000000	0.0000000	0.0000000	0.0000000	0.0000000	0.0000000	0.0000000	0.0000000	0.0000000	0.0000000	0.0000000	0.0000000	0.0000000	0.0000000	0.0000000	1.6135542e-06	0.00018141733	0.010430519	0.31065336	4.7747621	37.469281	157.61570	412.93442	794.38755	1263.2476	1776.8508	2283.7124	2720.5546	3016.5811	3105.0251	2941.6894	2527.9792	1929.4910	1272.7534	702.13116	314.13740	110.44976	30.156947	6.5633760	1.2160479	0.20778871	0.034852962	0.0059530355	0.0010538700	0.00019429944	3.7289097e-05	5.1462998e-06	0.0000000	0.0000000	0.0000000	0.0000000	0.0000000	0.0000000	0.0000000	0.0000000
15.2620	0.0000000	0.0000000	0.0000000	0.0000000	0.0000000	0.0000000	0.0000000	0.0000000	0.0000000	0.0000000	0.0000000	0.0000000	0.0000000	0.0000000	0.0000000	0.0000000	0.0000000	0.0000000	0.0000000	0.0000000	0.0000000	0.0000000	0.0000000	0.0000000	0.0000000	0.0000000	0.0000000	0.0000000	0.0000000	0.0000000	0.0000000	0.0000000	0.0000000	0.0000000	0.0000000	0.0000000	0.0000000	0.0000000	0.0000000	0.0000000	0.0000000	3.8252897e-07	4.7796150e-05	0.0030302374	0.098689866	1.6439192	13.854662	62.051782	171.72308	346.60603	575.17602	841.04889	1121.2648	1383.0841	1585.1853	1683.9942	1644.3620	1454.9218	1142.6156	775.40534	440.07771	201.76442	72.997069	20.721369	4.6824185	0.89930748	0.15901000	0.027549165	0.0048519923	0.00088426862	0.00016764598	3.3064635e-05	4.6570640e-06	0.0000000	0.0000000	0.0000000	0.0000000	0.0000000	0.0000000	0.0000000	0.0000000
12.1240	0.0000000	0.0000000	0.0000000	0.0000000	0.0000000	0.0000000	0.0000000	0.0000000	0.0000000	0.0000000	0.0000000	0.0000000	0.0000000	0.0000000	0.0000000	0.0000000	0.0000000	0.0000000	0.0000000	0.0000000	0.0000000	0.0000000	0.0000000	0.0000000	0.0000000	0.0000000	0.0000000	0.0000000	0.0000000	0.0000000	0.0000000	0.0000000	0.0000000	0.0000000	0.0000000	0.0000000	0.0000000	0.0000000	0.0000000	0.0000000	0.0000000	3.1070288e-08	4.9113035e-06	0.00038279459	0.014949690	0.29234722	2.8417194	14.467574	44.971236	100.89837	184.40559	294.51613	425.74451	565.85936	694.94149	787.15034	815.84266	762.95141	630.66954	448.60384	265.80481	126.74623	47.265044	13.655925	3.1381019	0.61247795	0.10998499	0.019343622	0.0034572527	0.00063930461	0.00012294379	2.4586220e-05	3.5108653e-06	0.0000000	0.0000000	0.0000000	0.0000000	0.0000000	0.0000000	0.0000000	0.0000000
12.2640	0.0000000	0.0000000	0.0000000	0.0000000	0.0000000	0.0000000	0.0000000	0.0000000	0.0000000	0.0000000	0.0000000	0.0000000	0.0000000	0.0000000	0.0000000	0.0000000	0.0000000	0.0000000	0.0000000	0.0000000	0.0000000	0.0000000	0.0000000	0.0000000	0.0000000	0.0000000	0.0000000	0.0000000	0.0000000	0.0000000	0.0000000	0.0000000	0.0000000	0.0000000	0.0000000	0.0000000	0.0000000	0.0000000	0.0000000	0.0000000	0.0000000	2.5385563e-08	3.9721616e-06	0.00030814938	0.012035048	0.23625310	2.3112154	11.855047	37.125948	83.903167	154.43617	248.40010	361.69291	484.41402	599.59783	684.39092	714.44043	672.36328	558.70437	398.96482	236.80689	112.76853	41.849845	11.998168	2.7294526	0.52632478	0.093234369	0.016158208	0.0028442498	0.00051802450	9.8187811e-05	1.9380198e-05	2.7372784e-06	0.0000000	0.0000000	0.0000000	0.0000000	0.0000000	0.0000000	0.0000000	0.0000000
13.8250	0.0000000	0.0000000	0.0000000	0.0000000	0.0000000	0.0000000	0.0000000	0.0000000	0.0000000	0.0000000	0.0000000	0.0000000	0.0000000	0.0000000	0.0000000	0.0000000	0.0000000	0.0000000	0.0000000	0.0000000	0.0000000	0.0000000	0.0000000	0.0000000	0.0000000	0.0000000	0.0000000	0.0000000	0.0000000	0.0000000	0.0000000	0.0000000	0.0000000	0.0000000	0.0000000	0.0000000	0.0000000	0.0000000	0.0000000	0.0000000	0.0000000	4.6175591e-08	6.1750794e-06	0.00041933914	0.014665696	0.26315895	2.3948249	11.582674	34.516963	74.783372	132.91214	207.90422	296.60793	392.33819	483.58479	553.75389	583.68187	557.58246	472.28050	344.55848	209.03411	101.64017	38.406802	11.144325	2.5453076	0.48683018	0.084152043	0.013925348	0.0023193901	0.00039917589	7.5719290e-05	1.5165748e-05	2.1648712e-06	0.0000000	0.0000000	0.0000000	0.0000000	0.0000000	0.0000000	0.0000000	0.0000000
15.4530	0.0000000	0.0000000	0.0000000	0.0000000	0.0000000	0.0000000	0.0000000	0.0000000	0.0000000	0.0000000	0.0000000	0.0000000	0.0000000	0.0000000	0.0000000	0.0000000	0.0000000	0.0000000	0.0000000	0.0000000	0.0000000	0.0000000	0.0000000	0.0000000	0.0000000	0.0000000	0.0000000	0.0000000	0.0000000	0.0000000	0.0000000	0.0000000	0.0000000	0.0000000	0.0000000	0.0000000	0.0000000	0.0000000	0.0000000	0.0000000	0.0000000	1.0811763e-07	1.3305237e-05	0.00082986643	0.026560058	0.43435529	3.5907466	15.758883	42.680714	84.184237	136.29027	194.07440	251.53286	301.10111	334.21174	343.02658	322.78212	274.43757	206.44970	133.74094	72.228129	31.421746	10.701348	2.8272354	0.59501632	0.10657492	0.017604410	0.0028552389	0.00047178311	8.0842779e-05	1.4435549e-05	2.6846045e-06	3.5677783e-07	0.0000000	0.0000000	0.0000000	0.0000000	0.0000000	0.0000000	0.0000000	0.0000000
11.2500	0.0000000	0.0000000	0.0000000	0.0000000	0.0000000	0.0000000	0.0000000	0.0000000	0.0000000	0.0000000	0.0000000	0.0000000	0.0000000	0.0000000	0.0000000	0.0000000	0.0000000	0.0000000	0.0000000	0.0000000	0.0000000	0.0000000	0.0000000	0.0000000	0.0000000	0.0000000	0.0000000	0.0000000	0.0000000	0.0000000	0.0000000	0.0000000	0.0000000	0.0000000	0.0000000	0.0000000	0.0000000	0.0000000	0.0000000	0.0000000	0.0000000	5.9146876e-09	1.0269899e-06	8.7370497e-05	0.0037016483	0.078050548	0.81294478	4.4058944	14.484532	34.158502	65.241808	108.32073	161.99650	221.75477	279.28214	323.09943	340.76257	323.15541	270.02799	193.62171	115.37263	55.213492	20.629434	5.9635877	1.3698294	0.26707299	0.047884722	0.0084055915	0.0014991151	0.00027656656	5.3042458e-05	1.0572522e-05	1.5033267e-06	0.0000000	0.0000000	0.0000000	0.0000000	0.0000000	0.0000000	0.0000000	0.0000000
11.1290	0.0000000	0.0000000	0.0000000	0.0000000	0.0000000	0.0000000	0.0000000	0.0000000	0.0000000	0.0000000	0.0000000	0.0000000	0.0000000	0.0000000	0.0000000	0.0000000	0.0000000	0.0000000	0.0000000	0.0000000	0.0000000	0.0000000	0.0000000	0.0000000	0.0000000	0.0000000	0.0000000	0.0000000	0.0000000	0.0000000	0.0000000	0.0000000	0.0000000	0.0000000	0.0000000	0.0000000	0.0000000	0.0000000	0.0000000	0.0000000	0.0000000	3.8667073e-09	6.7400711e-07	5.7596332e-05	0.0024530711	0.052048717	0.54612872	2.9851248	9.9088103	23.624547	45.670267	76.812259	116.43634	161.60680	206.36686	241.98297	258.50217	248.11930	209.67061	151.90673	91.374428	44.102075	16.602144	4.8304645	1.1154596	0.21835918	0.039251020	0.0068960458	0.0012286256	0.00022598512	4.3132090e-05	8.5412215e-06	1.2047202e-06	0.0000000	0.0000000	0.0000000	0.0000000	0.0000000	0.0000000	0.0000000	0.0000000
16.3360	0.0000000	0.0000000	0.0000000	0.0000000	0.0000000	0.0000000	0.0000000	0.0000000	0.0000000	0.0000000	0.0000000	0.0000000	0.0000000	0.0000000	0.0000000	0.0000000	0.0000000	0.0000000	0.0000000	0.0000000	0.0000000	0.0000000	0.0000000	0.0000000	0.0000000	0.0000000	0.0000000	0.0000000	0.0000000	0.0000000	0.0000000	0.0000000	0.0000000	0.0000000	0.0000000	0.0000000	0.0000000	0.0000000	0.0000000	0.0000000	0.0000000	5.2333114e-08	6.0172081e-06	0.00035319615	0.010724820	0.16779411	1.3369110	5.6916856	15.038508	29.067731	46.301503	65.109606	83.619443	90.368630	83.143978	100.94751	107.32266	92.024241	69.990868	45.946447	25.197957	11.152231	3.4560730	0.77400988	0.16585110	0.030383325	0.0051379491	0.00085378144	0.00014463350	2.5422334e-05	4.6583074e-06	8.8926621e-07	1.2134600e-07	0.0000000	0.0000000	0.0000000	0.0000000	0.0000000	0.0000000	0.0000000	0.0000000
13.8900	0.0000000	0.0000000	0.0000000	0.0000000	0.0000000	0.0000000	0.0000000	0.0000000	0.0000000	0.0000000	0.0000000	0.0000000	0.0000000	0.0000000	0.0000000	0.0000000	0.0000000	0.0000000	0.0000000	0.0000000	0.0000000	0.0000000	0.0000000	0.0000000	0.0000000	0.0000000	0.0000000	0.0000000	0.0000000	0.0000000	0.0000000	0.0000000	0.0000000	0.0000000	0.0000000	0.0000000	0.0000000	0.0000000	0.0000000	0.0000000	0.0000000	1.5326892e-08	2.0111357e-06	0.00013390099	0.0045900333	0.080727098	0.71983297	3.4068891	9.9051342	20.857408	35.889669	54.136571	74.187750	93.932900	110.49416	120.37079	120.28572	108.52705	86.446050	59.103467	33.586468	15.336167	5.4717390	1.5121807	0.33252787	0.062174789	0.010712517	0.0018110127	0.00031172805	5.5620018e-05	1.0338945e-05	2.0017206e-06	2.7705647e-07	0.0000000	0.0000000	0.0000000	0.0000000	0.0000000	0.0000000	0.0000000	0.0000000
16.0040	0.0000000	0.0000000	0.0000000	0.0000000	0.0000000	0.0000000	0.0000000	0.0000000	0.0000000	0.0000000	0.0000000	0.0000000	0.0000000	0.0000000	0.0000000	0.0000000	0.0000000	0.0000000	0.0000000	0.0000000	0.0000000	0.0000000	0.0000000	0.0000000	0.0000000	0.0000000	0.0000000	0.0000000	0.0000000	0.0000000	0.0000000	0.0000000	0.0000000	0.0000000	0.0000000	0.0000000	0.0000000	0.0000000	0.0000000	0.0000000	0.0000000	2.9131855e-08	3.4863781e-06	0.00021246877	0.0066697504	0.10736242	0.87657133	3.8117642	10.259971	20.153495	32.519833	46.138151	59.494015	70.718698	77.764340	78.933715	73.788583	62.904453	47.857368	31.591762	17.494767	7.8431944	2.7635901	0.75779860	0.16592423	0.030964849	0.0053334490	0.00090212348	0.00015536714	2.7717521e-05	5.1465543e-06	9.9410169e-07	1.3707412e-07	0.0000000	0.0000000	0.0000000	0.0000000	0.0000000	0.0000000	0.0000000	0.0000000
10.7700	0.0000000	0.0000000	0.0000000	0.0000000	0.0000000	0.0000000	0.0000000	0.0000000	0.0000000	0.0000000	0.0000000	0.0000000	0.0000000	0.0000000	0.0000000	0.0000000	0.0000000	0.0000000	0.0000000	0.0000000	0.0000000	0.0000000	0.0000000	0.0000000	0.0000000	0.0000000	0.0000000	0.0000000	0.0000000	0.0000000	0.0000000	0.0000000	0.0000000	0.0000000	0.0000000	0.0000000	0.0000000	0.0000000	0.0000000	0.0000000	0.0000000	2.2385786e-09	4.0643165e-07	3.6120990e-05	0.0015983063	0.035192093	0.38253819	2.1601636	7.3759646	17.995174	35.424310	60.413644	92.565210	129.60519	166.81758	197.08375	212.05553	204.90346	174.19309	126.85459	76.634722	37.120622	14.015263	4.0875621	0.94570263	0.18541539	0.033369233	0.0058673590	0.0010457260	0.00019232132	3.6684086e-05	7.2559539e-06	1.0216184e-06	0.0000000	0.0000000	0.0000000	0.0000000	0.0000000	0.0000000	0.0000000	0.0000000
10.6570	0.0000000	0.0000000	0.0000000	0.0000000	0.0000000	0.0000000	0.0000000	0.0000000	0.0000000	0.0000000	0.0000000	0.0000000	0.0000000	0.0000000	0.0000000	0.0000000	0.0000000	0.0000000	0.0000000	0.0000000	0.0000000	0.0000000	0.0000000	0.0000000	0.0000000	0.0000000	0.0000000	0.0000000	0.0000000	0.0000000	0.0000000	0.0000000	0.0000000	0.0000000	0.0000000	0.0000000	0.0000000	0.0000000	0.0000000	0.0000000	0.0000000	1.0784362e-09	1.9891178e-07	1.7733611e-05	0.00077581006	0.016636817	0.17421977	0.97626065	3.3050700	7.9967914	15.625306	26.484309	40.379847	56.312275	72.230965	85.076851	91.281906	87.966895	74.595564	54.202602	32.679520	15.800346	5.9552536	1.7340226	0.40058369	0.078449084	0.014115151	0.0024846575	0.00044406057	8.2043538e-05	1.5751295e-05	3.1418945e-06	4.4694777e-07	0.0000000	0.0000000	0.0000000	0.0000000	0.0000000	0.0000000	0.0000000	0.0000000
12.6800	0.0000000	0.0000000	0.0000000	0.0000000	0.0000000	0.0000000	0.0000000	0.0000000	0.0000000	0.0000000	0.0000000	0.0000000	0.0000000	0.0000000	0.0000000	0.0000000	0.0000000	0.0000000	0.0000000	0.0000000	0.0000000	0.0000000	0.0000000	0.0000000	0.0000000	0.0000000	0.0000000	0.0000000	0.0000000	0.0000000	0.0000000	0.0000000	0.0000000	0.0000000	0.0000000	0.0000000	0.0000000	0.0000000	0.0000000	0.0000000	0.0000000	4.6326806e-09	6.5264350e-07	4.6339542e-05	0.0016835865	0.031158553	0.28947600	1.4080008	4.1609450	8.8376794	15.250409	22.998218	31.515440	40.000353	47.252190	51.794427	52.184302	47.561674	38.357951	26.652629	15.451629	7.2233690	2.6455931	0.75125298	0.16955452	0.032438404	0.0056982257	0.00097871205	0.00017059236	3.0728328e-05	5.7506284e-06	1.1183499e-06	1.5523413e-07	0.0000000	0.0000000	0.0000000	0.0000000	0.0000000	0.0000000	0.0000000	0.0000000
11.0230	0.0000000	0.0000000	0.0000000	0.0000000	0.0000000	0.0000000	0.0000000	0.0000000	0.0000000	0.0000000	0.0000000	0.0000000	0.0000000	0.0000000	0.0000000	0.0000000	0.0000000	0.0000000	0.0000000	0.0000000	0.0000000	0.0000000	0.0000000	0.0000000	0.0000000	0.0000000	0.0000000	0.0000000	0.0000000	0.0000000	0.0000000	0.0000000	0.0000000	0.0000000	0.0000000	0.0000000	0.0000000	0.0000000	0.0000000	0.0000000	0.0000000	7.9813249e-10	1.4408415e-07	1.2811411e-05	0.00056762406	0.012467425	0.13463329	0.75296123	2.5431481	6.1416014	11.990120	20.305657	30.881135	42.862244	54.584027	63.668754	67.555438	64.381235	54.063470	39.006967	23.447185	11.348874	4.2957996	1.2591621	0.29330771	0.058083204	0.010589360	0.0018854363	0.00034053660	6.3587558e-05	1.2413495e-05	2.5261461e-06	3.6773198e-07	0.0000000	0.0000000	0.0000000	0.0000000	0.0000000	0.0000000	0.0000000	0.0000000
10.1150	0.0000000	0.0000000	0.0000000	0.0000000	0.0000000	0.0000000	0.0000000	0.0000000	0.0000000	0.0000000	0.0000000	0.0000000	0.0000000	0.0000000	0.0000000	0.0000000	0.0000000	0.0000000	0.0000000	0.0000000	0.0000000	0.0000000	0.0000000	0.0000000	0.0000000	0.0000000	0.0000000	0.0000000	0.0000000	0.0000000	0.0000000	0.0000000	0.0000000	0.0000000	0.0000000	0.0000000	0.0000000	0.0000000	0.0000000	0.0000000	0.0000000	1.3458509e-10	2.6242638e-08	2.4742134e-06	0.00011493671	0.0026341184	0.029598895	0.17187463	0.60120822	1.4982320	3.0073829	5.2300079	8.1812059	11.714859	15.454131	18.760153	20.782790	20.705389	18.162917	13.650978	8.5098971	4.2551148	1.6598045	0.50068354	0.11995625	0.024385519	0.0045549419	0.00083156011	0.00015385891	2.9359248e-05	5.8052677e-06	1.1889443e-06	1.7308559e-07	0.0000000	0.0000000	0.0000000	0.0000000	0.0000000	0.0000000	0.0000000	0.0000000
