# DO NOT EDIT: written Thu Mar 14 18:48:37 2019 by wrt_emiss_fe17.pro
# faked emissivities [1e-23 ergs cm^3/s] for Fe17 lines from Del Zanna 2011, A&A 536, A59
# emissivities include ion balance, but not abundance, and are spline and ion balance jittered off of emiss_Fe17_00000.txt
# line 6 -- SEED, LOGT
# lines 7+ -- WVL, EMISSIVITY
      772178	4.00	4.05	4.10	4.15	4.20	4.25	4.30	4.35	4.40	4.45	4.50	4.55	4.60	4.65	4.70	4.75	4.80	4.85	4.90	4.95	5.00	5.05	5.10	5.15	5.20	5.25	5.30	5.35	5.40	5.45	5.50	5.55	5.60	5.65	5.70	5.75	5.80	5.85	5.90	5.95	6.00	6.05	6.10	6.15	6.20	6.25	6.30	6.35	6.40	6.45	6.50	6.55	6.60	6.65	6.70	6.75	6.80	6.85	6.90	6.95	7.00	7.05	7.10	7.15	7.20	7.25	7.30	7.35	7.40	7.45	7.50	7.55	7.60	7.65	7.70	7.75	7.80	7.85	7.90	7.95	8.00
15.0130	0.0000000	0.0000000	0.0000000	0.0000000	0.0000000	0.0000000	0.0000000	0.0000000	0.0000000	0.0000000	0.0000000	0.0000000	0.0000000	0.0000000	0.0000000	0.0000000	0.0000000	0.0000000	0.0000000	0.0000000	0.0000000	0.0000000	0.0000000	0.0000000	0.0000000	0.0000000	0.0000000	0.0000000	0.0000000	0.0000000	0.0000000	0.0000000	0.0000000	0.0000000	0.0000000	0.0000000	0.0000000	0.0000000	0.0000000	0.0000000	0.0000000	1.0886081e-06	0.00013825775	0.0088963012	0.29388197	4.9679333	42.548380	193.93247	547.03324	1127.2761	1912.4918	2861.8590	3908.3329	4944.1142	5816.8559	6346.8696	6366.2318	5784.0666	4660.3489	3240.3149	1881.3279	880.92997	323.16285	91.961074	20.831118	4.0104310	0.71070132	0.12337818	0.021765694	0.0039718070	0.00075363049	0.00014870068	2.0861120e-05	0.0000000	0.0000000	0.0000000	0.0000000	0.0000000	0.0000000	0.0000000	0.0000000
17.0510	0.0000000	0.0000000	0.0000000	0.0000000	0.0000000	0.0000000	0.0000000	0.0000000	0.0000000	0.0000000	0.0000000	0.0000000	0.0000000	0.0000000	0.0000000	0.0000000	0.0000000	0.0000000	0.0000000	0.0000000	0.0000000	0.0000000	0.0000000	0.0000000	0.0000000	0.0000000	0.0000000	0.0000000	0.0000000	0.0000000	0.0000000	0.0000000	0.0000000	0.0000000	0.0000000	0.0000000	0.0000000	0.0000000	0.0000000	0.0000000	0.0000000	2.0968284e-06	0.00023760166	0.013799927	0.41501336	6.4307653	50.773401	214.46111	563.44704	1086.7548	1733.4786	2448.3435	3166.2919	3803.6575	4259.8239	4433.9646	4251.5726	3699.2498	2857.9723	1906.9625	1063.1404	478.24425	168.63576	46.172492	10.077237	1.8721685	0.32067099	0.053887384	0.0092151004	0.0016319789	0.00030072416	5.7622195e-05	7.8458082e-06	0.0000000	0.0000000	0.0000000	0.0000000	0.0000000	0.0000000	0.0000000	0.0000000
17.0960	0.0000000	0.0000000	0.0000000	0.0000000	0.0000000	0.0000000	0.0000000	0.0000000	0.0000000	0.0000000	0.0000000	0.0000000	0.0000000	0.0000000	0.0000000	0.0000000	0.0000000	0.0000000	0.0000000	0.0000000	0.0000000	0.0000000	0.0000000	0.0000000	0.0000000	0.0000000	0.0000000	0.0000000	0.0000000	0.0000000	0.0000000	0.0000000	0.0000000	0.0000000	0.0000000	0.0000000	0.0000000	0.0000000	0.0000000	0.0000000	0.0000000	2.1537441e-06	0.00024075983	0.013806524	0.41085456	6.3100774	49.405989	206.76990	537.26172	1022.2883	1604.2887	2223.5504	2814.8947	3302.2707	3603.7546	3647.5572	3393.8575	2859.6977	2135.3982	1374.4284	737.66038	318.80847	107.81295	28.271545	5.9042372	1.0492565	0.17197187	0.027678128	0.0045391074	0.00077220667	0.00013696789	2.5322206e-05	3.3356217e-06	0.0000000	0.0000000	0.0000000	0.0000000	0.0000000	0.0000000	0.0000000	0.0000000
16.7760	0.0000000	0.0000000	0.0000000	0.0000000	0.0000000	0.0000000	0.0000000	0.0000000	0.0000000	0.0000000	0.0000000	0.0000000	0.0000000	0.0000000	0.0000000	0.0000000	0.0000000	0.0000000	0.0000000	0.0000000	0.0000000	0.0000000	0.0000000	0.0000000	0.0000000	0.0000000	0.0000000	0.0000000	0.0000000	0.0000000	0.0000000	0.0000000	0.0000000	0.0000000	0.0000000	0.0000000	0.0000000	0.0000000	0.0000000	0.0000000	0.0000000	1.3399381e-06	0.00015221970	0.0088454533	0.26628159	4.1362512	32.791738	139.30057	368.52044	716.47315	1284.2270	2004.1043	2756.0493	3407.0445	3824.9703	3904.1369	3600.9881	2962.7870	2131.7452	1306.5635	698.96572	313.20019	110.02852	30.019404	6.5300986	1.2095801	0.20667043	0.034666836	0.0059218161	0.0010484619	0.00019332517	3.7106074e-05	5.2686126e-06	0.0000000	0.0000000	0.0000000	0.0000000	0.0000000	0.0000000	0.0000000	0.0000000
15.2620	0.0000000	0.0000000	0.0000000	0.0000000	0.0000000	0.0000000	0.0000000	0.0000000	0.0000000	0.0000000	0.0000000	0.0000000	0.0000000	0.0000000	0.0000000	0.0000000	0.0000000	0.0000000	0.0000000	0.0000000	0.0000000	0.0000000	0.0000000	0.0000000	0.0000000	0.0000000	0.0000000	0.0000000	0.0000000	0.0000000	0.0000000	0.0000000	0.0000000	0.0000000	0.0000000	0.0000000	0.0000000	0.0000000	0.0000000	0.0000000	0.0000000	3.6368171e-07	4.5563813e-05	0.0028993477	0.094861930	1.5888654	13.475887	60.791044	169.64661	345.82202	580.52841	860.12108	1163.8562	1459.6864	1703.5579	1844.7285	1837.1379	1657.8437	1327.1429	917.03230	529.22906	246.35712	89.851545	25.422676	5.7264934	1.0964279	0.19326282	0.033376521	0.0058585375	0.0010639188	0.00020096560	3.9489179e-05	5.5193435e-06	0.0000000	0.0000000	0.0000000	0.0000000	0.0000000	0.0000000	0.0000000	0.0000000
12.1240	0.0000000	0.0000000	0.0000000	0.0000000	0.0000000	0.0000000	0.0000000	0.0000000	0.0000000	0.0000000	0.0000000	0.0000000	0.0000000	0.0000000	0.0000000	0.0000000	0.0000000	0.0000000	0.0000000	0.0000000	0.0000000	0.0000000	0.0000000	0.0000000	0.0000000	0.0000000	0.0000000	0.0000000	0.0000000	0.0000000	0.0000000	0.0000000	0.0000000	0.0000000	0.0000000	0.0000000	0.0000000	0.0000000	0.0000000	0.0000000	0.0000000	2.8778958e-08	4.5248063e-06	0.00035099585	0.013645008	0.26584142	2.5801414	13.149623	41.017452	92.565058	170.48937	274.78781	401.22958	538.89784	668.94556	765.88469	802.27186	758.04475	632.82177	454.30605	271.45931	130.41362	48.947374	14.219120	3.2820528	0.64269695	0.11563742	0.020345186	0.0036310569	0.00066914447	0.00012796246	2.5386498e-05	3.5727982e-06	0.0000000	0.0000000	0.0000000	0.0000000	0.0000000	0.0000000	0.0000000	0.0000000
12.2640	0.0000000	0.0000000	0.0000000	0.0000000	0.0000000	0.0000000	0.0000000	0.0000000	0.0000000	0.0000000	0.0000000	0.0000000	0.0000000	0.0000000	0.0000000	0.0000000	0.0000000	0.0000000	0.0000000	0.0000000	0.0000000	0.0000000	0.0000000	0.0000000	0.0000000	0.0000000	0.0000000	0.0000000	0.0000000	0.0000000	0.0000000	0.0000000	0.0000000	0.0000000	0.0000000	0.0000000	0.0000000	0.0000000	0.0000000	0.0000000	0.0000000	2.5203607e-08	3.8466021e-06	0.00029017465	0.010997590	0.21366946	2.0827182	10.642137	33.201083	74.771641	137.18810	219.98951	319.38282	426.50840	526.39844	606.20645	673.02539	681.82721	616.02934	466.39628	265.14447	100.17466	36.309690	10.477524	2.4042562	0.46838763	0.083897396	0.014704079	0.0026158495	0.00048083067	9.1782293e-05	1.8190177e-05	2.5599127e-06	0.0000000	0.0000000	0.0000000	0.0000000	0.0000000	0.0000000	0.0000000	0.0000000
13.8250	0.0000000	0.0000000	0.0000000	0.0000000	0.0000000	0.0000000	0.0000000	0.0000000	0.0000000	0.0000000	0.0000000	0.0000000	0.0000000	0.0000000	0.0000000	0.0000000	0.0000000	0.0000000	0.0000000	0.0000000	0.0000000	0.0000000	0.0000000	0.0000000	0.0000000	0.0000000	0.0000000	0.0000000	0.0000000	0.0000000	0.0000000	0.0000000	0.0000000	0.0000000	0.0000000	0.0000000	0.0000000	0.0000000	0.0000000	0.0000000	0.0000000	4.4556482e-08	5.9234450e-06	0.00039974575	0.013888478	0.24749335	2.2359890	10.733239	31.743175	68.258558	120.40001	186.85630	264.36080	346.54896	422.99002	479.23017	499.28534	470.94326	393.44090	283.19416	170.04002	82.317084	31.236824	9.2090644	2.1664489	0.43383194	0.079823639	0.014334504	0.0026065647	0.00048859211	9.4882575e-05	1.9083094e-05	2.7170794e-06	0.0000000	0.0000000	0.0000000	0.0000000	0.0000000	0.0000000	0.0000000	0.0000000
15.4530	0.0000000	0.0000000	0.0000000	0.0000000	0.0000000	0.0000000	0.0000000	0.0000000	0.0000000	0.0000000	0.0000000	0.0000000	0.0000000	0.0000000	0.0000000	0.0000000	0.0000000	0.0000000	0.0000000	0.0000000	0.0000000	0.0000000	0.0000000	0.0000000	0.0000000	0.0000000	0.0000000	0.0000000	0.0000000	0.0000000	0.0000000	0.0000000	0.0000000	0.0000000	0.0000000	0.0000000	0.0000000	0.0000000	0.0000000	0.0000000	0.0000000	1.1341136e-07	1.3666107e-05	0.00082730322	0.025535099	0.40189520	3.2057959	13.666433	36.221738	70.421790	113.12172	160.76465	209.01035	252.07577	282.93049	294.53291	281.77578	244.01512	187.20910	123.78498	68.259515	30.321094	10.541447	2.8274162	0.59537552	0.10679194	0.017680296	0.0028763016	0.00047707791	8.2124693e-05	1.4743336e-05	2.7588753e-06	3.6777095e-07	0.0000000	0.0000000	0.0000000	0.0000000	0.0000000	0.0000000	0.0000000	0.0000000
11.2500	0.0000000	0.0000000	0.0000000	0.0000000	0.0000000	0.0000000	0.0000000	0.0000000	0.0000000	0.0000000	0.0000000	0.0000000	0.0000000	0.0000000	0.0000000	0.0000000	0.0000000	0.0000000	0.0000000	0.0000000	0.0000000	0.0000000	0.0000000	0.0000000	0.0000000	0.0000000	0.0000000	0.0000000	0.0000000	0.0000000	0.0000000	0.0000000	0.0000000	0.0000000	0.0000000	0.0000000	0.0000000	0.0000000	0.0000000	0.0000000	0.0000000	5.4203792e-09	9.6957859e-07	8.5400779e-05	0.0037543297	0.082133412	0.88582134	4.9537328	16.385943	38.539565	73.555372	122.23244	183.21525	251.65917	318.33769	370.19595	392.70651	374.75099	315.18932	227.50196	136.44536	65.707258	24.695045	7.1782568	1.6572556	0.32457538	0.058408817	0.010279120	0.0018353914	0.00033849281	6.4808104e-05	1.2828941e-05	1.7819465e-06	0.0000000	0.0000000	0.0000000	0.0000000	0.0000000	0.0000000	0.0000000	0.0000000
11.1290	0.0000000	0.0000000	0.0000000	0.0000000	0.0000000	0.0000000	0.0000000	0.0000000	0.0000000	0.0000000	0.0000000	0.0000000	0.0000000	0.0000000	0.0000000	0.0000000	0.0000000	0.0000000	0.0000000	0.0000000	0.0000000	0.0000000	0.0000000	0.0000000	0.0000000	0.0000000	0.0000000	0.0000000	0.0000000	0.0000000	0.0000000	0.0000000	0.0000000	0.0000000	0.0000000	0.0000000	0.0000000	0.0000000	0.0000000	0.0000000	0.0000000	4.3748424e-09	7.6322830e-07	6.5096821e-05	0.0027600640	0.058157806	0.60461349	3.2673172	10.704010	25.155483	47.879848	79.206158	118.01127	160.93621	201.93211	232.75317	244.58247	231.10952	192.42699	137.49531	81.653225	38.955215	14.516016	4.1880619	0.96102313	0.18737904	0.033628823	0.0059125235	0.0010565033	0.00019532087	3.7550099e-05	7.5055305e-06	1.0664823e-06	0.0000000	0.0000000	0.0000000	0.0000000	0.0000000	0.0000000	0.0000000	0.0000000
16.3360	0.0000000	0.0000000	0.0000000	0.0000000	0.0000000	0.0000000	0.0000000	0.0000000	0.0000000	0.0000000	0.0000000	0.0000000	0.0000000	0.0000000	0.0000000	0.0000000	0.0000000	0.0000000	0.0000000	0.0000000	0.0000000	0.0000000	0.0000000	0.0000000	0.0000000	0.0000000	0.0000000	0.0000000	0.0000000	0.0000000	0.0000000	0.0000000	0.0000000	0.0000000	0.0000000	0.0000000	0.0000000	0.0000000	0.0000000	0.0000000	0.0000000	4.7889797e-08	5.5000485e-06	0.00032186609	0.0097210442	0.15084549	1.1879881	4.9794053	12.907611	24.431687	38.097942	52.512053	66.270579	77.728867	85.063623	86.596380	81.278334	69.280691	52.478678	34.368100	18.831583	8.3386496	2.8990262	0.78401691	0.16934175	0.031198154	0.0053109683	0.00088915152	0.00015185409	2.6922862e-05	4.9779671e-06	9.5916725e-07	1.3160158e-07	0.0000000	0.0000000	0.0000000	0.0000000	0.0000000	0.0000000	0.0000000	0.0000000
13.8900	0.0000000	0.0000000	0.0000000	0.0000000	0.0000000	0.0000000	0.0000000	0.0000000	0.0000000	0.0000000	0.0000000	0.0000000	0.0000000	0.0000000	0.0000000	0.0000000	0.0000000	0.0000000	0.0000000	0.0000000	0.0000000	0.0000000	0.0000000	0.0000000	0.0000000	0.0000000	0.0000000	0.0000000	0.0000000	0.0000000	0.0000000	0.0000000	0.0000000	0.0000000	0.0000000	0.0000000	0.0000000	0.0000000	0.0000000	0.0000000	0.0000000	1.8835526e-08	2.4559918e-06	0.00016236669	0.0055216735	0.096248325	0.84965747	3.9763985	11.420535	23.739148	40.295712	59.937906	80.997510	101.17351	117.50328	126.53551	125.18930	112.04557	88.737757	60.472118	34.326834	15.686957	5.6109827	1.5570744	0.34434315	0.064835387	0.011260806	0.0019204008	0.00033360236	6.0081195e-05	1.1271917e-05	2.2018180e-06	3.0604372e-07	0.0000000	0.0000000	0.0000000	0.0000000	0.0000000	0.0000000	0.0000000	0.0000000
16.0040	0.0000000	0.0000000	0.0000000	0.0000000	0.0000000	0.0000000	0.0000000	0.0000000	0.0000000	0.0000000	0.0000000	0.0000000	0.0000000	0.0000000	0.0000000	0.0000000	0.0000000	0.0000000	0.0000000	0.0000000	0.0000000	0.0000000	0.0000000	0.0000000	0.0000000	0.0000000	0.0000000	0.0000000	0.0000000	0.0000000	0.0000000	0.0000000	0.0000000	0.0000000	0.0000000	0.0000000	0.0000000	0.0000000	0.0000000	0.0000000	0.0000000	3.1415368e-08	3.7609902e-06	0.00022917136	0.0071931079	0.11583399	0.94704369	4.1289421	11.161758	22.069505	35.937625	51.596648	67.536230	81.777573	91.981566	95.842458	91.703138	79.359008	60.772211	40.050740	21.968485	9.6819468	3.3296370	0.88531928	0.18703138	0.033562053	0.0055479354	0.00090028580	0.00014895260	2.5604953e-05	4.6006596e-06	8.6472674e-07	1.1812975e-07	0.0000000	0.0000000	0.0000000	0.0000000	0.0000000	0.0000000	0.0000000	0.0000000
10.7700	0.0000000	0.0000000	0.0000000	0.0000000	0.0000000	0.0000000	0.0000000	0.0000000	0.0000000	0.0000000	0.0000000	0.0000000	0.0000000	0.0000000	0.0000000	0.0000000	0.0000000	0.0000000	0.0000000	0.0000000	0.0000000	0.0000000	0.0000000	0.0000000	0.0000000	0.0000000	0.0000000	0.0000000	0.0000000	0.0000000	0.0000000	0.0000000	0.0000000	0.0000000	0.0000000	0.0000000	0.0000000	0.0000000	0.0000000	0.0000000	0.0000000	2.0394669e-09	3.6417831e-07	3.1766451e-05	0.0013771467	0.029669398	0.31527715	1.7517577	5.9150872	14.279537	27.841343	47.082001	71.609937	99.627217	127.53019	149.96530	160.72442	154.79947	131.25244	95.385502	57.533731	27.838576	10.505186	3.0643424	0.70967962	0.13939980	0.025154363	0.0044378274	0.00080400269	0.00015237251	3.0060841e-05	6.1727301e-06	9.0199029e-07	0.0000000	0.0000000	0.0000000	0.0000000	0.0000000	0.0000000	0.0000000	0.0000000
10.6570	0.0000000	0.0000000	0.0000000	0.0000000	0.0000000	0.0000000	0.0000000	0.0000000	0.0000000	0.0000000	0.0000000	0.0000000	0.0000000	0.0000000	0.0000000	0.0000000	0.0000000	0.0000000	0.0000000	0.0000000	0.0000000	0.0000000	0.0000000	0.0000000	0.0000000	0.0000000	0.0000000	0.0000000	0.0000000	0.0000000	0.0000000	0.0000000	0.0000000	0.0000000	0.0000000	0.0000000	0.0000000	0.0000000	0.0000000	0.0000000	0.0000000	1.1853927e-09	2.1815015e-07	1.9556057e-05	0.00086908078	0.019147242	0.20758675	1.1664366	3.9600912	9.6119031	18.845363	32.054759	49.044472	68.628825	88.314382	104.33336	112.24607	108.42301	92.117213	67.028641	40.447870	19.562571	7.3718877	2.1453797	0.49526786	0.096911428	0.017419182	0.0030622966	0.00054641884	0.00010075808	1.9299610e-05	3.8393522e-06	5.4230915e-07	0.0000000	0.0000000	0.0000000	0.0000000	0.0000000	0.0000000	0.0000000	0.0000000
12.6800	0.0000000	0.0000000	0.0000000	0.0000000	0.0000000	0.0000000	0.0000000	0.0000000	0.0000000	0.0000000	0.0000000	0.0000000	0.0000000	0.0000000	0.0000000	0.0000000	0.0000000	0.0000000	0.0000000	0.0000000	0.0000000	0.0000000	0.0000000	0.0000000	0.0000000	0.0000000	0.0000000	0.0000000	0.0000000	0.0000000	0.0000000	0.0000000	0.0000000	0.0000000	0.0000000	0.0000000	0.0000000	0.0000000	0.0000000	0.0000000	0.0000000	5.2164053e-09	7.3842519e-07	5.2648282e-05	0.0019190836	0.035597032	0.33104408	1.6095231	4.7484240	10.058034	17.291602	25.950870	35.349794	44.547552	52.187077	56.661039	56.477304	50.861130	40.478853	27.719896	15.817016	7.2679499	2.6147218	0.72997380	0.16237327	0.030728831	0.0053586790	0.00091640703	0.00015942713	2.8717925e-05	5.3825806e-06	1.0494762e-06	1.4555612e-07	0.0000000	0.0000000	0.0000000	0.0000000	0.0000000	0.0000000	0.0000000	0.0000000
11.0230	0.0000000	0.0000000	0.0000000	0.0000000	0.0000000	0.0000000	0.0000000	0.0000000	0.0000000	0.0000000	0.0000000	0.0000000	0.0000000	0.0000000	0.0000000	0.0000000	0.0000000	0.0000000	0.0000000	0.0000000	0.0000000	0.0000000	0.0000000	0.0000000	0.0000000	0.0000000	0.0000000	0.0000000	0.0000000	0.0000000	0.0000000	0.0000000	0.0000000	0.0000000	0.0000000	0.0000000	0.0000000	0.0000000	0.0000000	0.0000000	0.0000000	7.7043667e-10	1.3596956e-07	1.1795987e-05	0.00050951897	0.010914236	0.11510914	0.63154804	2.1105370	5.0582395	9.8380207	16.675359	25.514760	35.794885	46.710064	56.281874	62.059084	61.782316	54.428347	41.331094	26.200159	13.379567	5.3379875	1.6456486	0.39337365	0.078165199	0.014249678	0.0025372619	0.00045830982	8.5588754e-05	1.6620317e-05	3.3565659e-06	4.8202060e-07	0.0000000	0.0000000	0.0000000	0.0000000	0.0000000	0.0000000	0.0000000	0.0000000
10.1150	0.0000000	0.0000000	0.0000000	0.0000000	0.0000000	0.0000000	0.0000000	0.0000000	0.0000000	0.0000000	0.0000000	0.0000000	0.0000000	0.0000000	0.0000000	0.0000000	0.0000000	0.0000000	0.0000000	0.0000000	0.0000000	0.0000000	0.0000000	0.0000000	0.0000000	0.0000000	0.0000000	0.0000000	0.0000000	0.0000000	0.0000000	0.0000000	0.0000000	0.0000000	0.0000000	0.0000000	0.0000000	0.0000000	0.0000000	0.0000000	0.0000000	1.2870930e-10	2.5370914e-08	2.4209939e-06	0.00011391575	0.0026454801	0.030120883	0.17713951	0.62712455	1.5804241	3.2038296	5.6156439	8.8297269	12.669196	16.689954	20.163591	22.163747	21.851819	18.926796	14.019314	8.6000621	4.2268282	1.6195366	0.47980277	0.11294074	0.022574610	0.0041504039	0.00074679887	0.00013641360	2.5749805e-05	5.0486403e-06	1.0280823e-06	1.4868201e-07	0.0000000	0.0000000	0.0000000	0.0000000	0.0000000	0.0000000	0.0000000	0.0000000
