# DO NOT EDIT: written Thu Mar 14 18:48:37 2019 by wrt_emiss_fe17.pro
# faked emissivities [1e-23 ergs cm^3/s] for Fe17 lines from Del Zanna 2011, A&A 536, A59
# emissivities include ion balance, but not abundance, and are spline and ion balance jittered off of emiss_Fe17_00000.txt
# line 6 -- SEED, LOGT
# lines 7+ -- WVL, EMISSIVITY
      716878	4.00	4.05	4.10	4.15	4.20	4.25	4.30	4.35	4.40	4.45	4.50	4.55	4.60	4.65	4.70	4.75	4.80	4.85	4.90	4.95	5.00	5.05	5.10	5.15	5.20	5.25	5.30	5.35	5.40	5.45	5.50	5.55	5.60	5.65	5.70	5.75	5.80	5.85	5.90	5.95	6.00	6.05	6.10	6.15	6.20	6.25	6.30	6.35	6.40	6.45	6.50	6.55	6.60	6.65	6.70	6.75	6.80	6.85	6.90	6.95	7.00	7.05	7.10	7.15	7.20	7.25	7.30	7.35	7.40	7.45	7.50	7.55	7.60	7.65	7.70	7.75	7.80	7.85	7.90	7.95	8.00
15.0130	0.0000000	0.0000000	0.0000000	0.0000000	0.0000000	0.0000000	0.0000000	0.0000000	0.0000000	0.0000000	0.0000000	0.0000000	0.0000000	0.0000000	0.0000000	0.0000000	0.0000000	0.0000000	0.0000000	0.0000000	0.0000000	0.0000000	0.0000000	0.0000000	0.0000000	0.0000000	0.0000000	0.0000000	0.0000000	0.0000000	0.0000000	0.0000000	0.0000000	0.0000000	0.0000000	0.0000000	0.0000000	0.0000000	0.0000000	0.0000000	4.0885923e-08	7.2214531e-06	0.00058957891	0.026165446	0.63962571	8.5649562	61.846047	247.10679	627.21783	1203.4239	1954.9048	2844.1148	3801.5720	4715.5148	5433.5013	5786.1795	5630.1871	4916.8841	3757.3985	2430.7801	1278.2302	524.19586	162.97653	38.938200	7.6547121	1.3552516	0.23216198	0.040150651	0.0071687450	0.0013307701	0.00025750471	5.0996066e-05	0.0000000	0.0000000	0.0000000	0.0000000	0.0000000	0.0000000	0.0000000	0.0000000	0.0000000
17.0510	0.0000000	0.0000000	0.0000000	0.0000000	0.0000000	0.0000000	0.0000000	0.0000000	0.0000000	0.0000000	0.0000000	0.0000000	0.0000000	0.0000000	0.0000000	0.0000000	0.0000000	0.0000000	0.0000000	0.0000000	0.0000000	0.0000000	0.0000000	0.0000000	0.0000000	0.0000000	0.0000000	0.0000000	0.0000000	0.0000000	0.0000000	0.0000000	0.0000000	0.0000000	0.0000000	0.0000000	0.0000000	0.0000000	0.0000000	0.0000000	9.4857391e-08	1.5069247e-05	0.0011216722	0.045808690	1.0357853	12.858897	86.086875	318.38148	745.63910	1313.3818	1944.0542	2556.3825	3098.8060	3557.6028	3942.9716	4181.4258	3974.2348	3319.0690	2389.8493	1444.3365	708.25496	272.18542	79.913480	18.178687	3.4294629	0.58691526	0.097814210	0.016547292	0.0029026590	0.00053106023	0.00010143374	1.9823316e-05	0.0000000	0.0000000	0.0000000	0.0000000	0.0000000	0.0000000	0.0000000	0.0000000	0.0000000
17.0960	0.0000000	0.0000000	0.0000000	0.0000000	0.0000000	0.0000000	0.0000000	0.0000000	0.0000000	0.0000000	0.0000000	0.0000000	0.0000000	0.0000000	0.0000000	0.0000000	0.0000000	0.0000000	0.0000000	0.0000000	0.0000000	0.0000000	0.0000000	0.0000000	0.0000000	0.0000000	0.0000000	0.0000000	0.0000000	0.0000000	0.0000000	0.0000000	0.0000000	0.0000000	0.0000000	0.0000000	0.0000000	0.0000000	0.0000000	0.0000000	9.5981669e-08	1.4781762e-05	0.0010634589	0.041950703	0.91733389	11.026310	71.545531	256.99619	586.90388	1014.7152	1489.3743	1966.1536	2398.7137	2736.8395	2929.2043	2931.5429	2716.6600	2291.7817	1715.9102	1097.9355	565.94546	221.52979	62.947383	12.876436	1.9930186	0.33116381	0.053410375	0.0087201679	0.0014730748	0.00025910703	4.7523836e-05	8.9121425e-06	0.0000000	0.0000000	0.0000000	0.0000000	0.0000000	0.0000000	0.0000000	0.0000000	0.0000000
16.7760	0.0000000	0.0000000	0.0000000	0.0000000	0.0000000	0.0000000	0.0000000	0.0000000	0.0000000	0.0000000	0.0000000	0.0000000	0.0000000	0.0000000	0.0000000	0.0000000	0.0000000	0.0000000	0.0000000	0.0000000	0.0000000	0.0000000	0.0000000	0.0000000	0.0000000	0.0000000	0.0000000	0.0000000	0.0000000	0.0000000	0.0000000	0.0000000	0.0000000	0.0000000	0.0000000	0.0000000	0.0000000	0.0000000	0.0000000	0.0000000	7.2011767e-08	1.1284893e-05	0.00082456352	0.033000161	0.73259008	8.9638292	59.448171	219.14262	515.22747	918.60030	1389.7451	1884.9619	2347.6040	2710.3254	2904.2163	2874.4136	2632.3940	2196.4203	1604.6639	993.56301	500.99281	197.54446	59.269351	13.723234	2.6250238	0.45387380	0.076170107	0.012937123	0.0022722507	0.00041522835	7.9041950e-05	1.5365708e-05	0.0000000	0.0000000	0.0000000	0.0000000	0.0000000	0.0000000	0.0000000	0.0000000	0.0000000
15.2620	0.0000000	0.0000000	0.0000000	0.0000000	0.0000000	0.0000000	0.0000000	0.0000000	0.0000000	0.0000000	0.0000000	0.0000000	0.0000000	0.0000000	0.0000000	0.0000000	0.0000000	0.0000000	0.0000000	0.0000000	0.0000000	0.0000000	0.0000000	0.0000000	0.0000000	0.0000000	0.0000000	0.0000000	0.0000000	0.0000000	0.0000000	0.0000000	0.0000000	0.0000000	0.0000000	0.0000000	0.0000000	0.0000000	0.0000000	0.0000000	1.1469222e-08	2.0346803e-06	0.00016775346	0.0075469025	0.18740357	2.5495862	18.678655	75.563839	193.73071	374.64097	612.40889	895.62053	1202.3209	1496.5462	1728.9196	1844.4067	1796.3709	1568.9718	1198.2112	774.53721	407.24328	167.24900	52.199957	12.552164	2.4885224	0.44494007	0.077028809	0.013463124	0.0024275426	0.00045437792	8.8435536e-05	1.7555004e-05	0.0000000	0.0000000	0.0000000	0.0000000	0.0000000	0.0000000	0.0000000	0.0000000	0.0000000
12.1240	0.0000000	0.0000000	0.0000000	0.0000000	0.0000000	0.0000000	0.0000000	0.0000000	0.0000000	0.0000000	0.0000000	0.0000000	0.0000000	0.0000000	0.0000000	0.0000000	0.0000000	0.0000000	0.0000000	0.0000000	0.0000000	0.0000000	0.0000000	0.0000000	0.0000000	0.0000000	0.0000000	0.0000000	0.0000000	0.0000000	0.0000000	0.0000000	0.0000000	0.0000000	0.0000000	0.0000000	0.0000000	0.0000000	0.0000000	0.0000000	7.9749592e-10	1.8223027e-07	1.8728708e-05	0.0010207471	0.029963498	0.47207750	3.9381123	17.896696	50.983405	108.47656	193.27600	305.28585	438.75483	579.73291	705.41264	786.98415	796.40656	718.41656	563.56321	372.39042	199.29526	82.997791	26.187099	6.3517123	1.2682470	0.22810731	0.039691088	0.0069689221	0.0012621719	0.00023737612	4.6442951e-05	9.2736312e-06	0.0000000	0.0000000	0.0000000	0.0000000	0.0000000	0.0000000	0.0000000	0.0000000	0.0000000
12.2640	0.0000000	0.0000000	0.0000000	0.0000000	0.0000000	0.0000000	0.0000000	0.0000000	0.0000000	0.0000000	0.0000000	0.0000000	0.0000000	0.0000000	0.0000000	0.0000000	0.0000000	0.0000000	0.0000000	0.0000000	0.0000000	0.0000000	0.0000000	0.0000000	0.0000000	0.0000000	0.0000000	0.0000000	0.0000000	0.0000000	0.0000000	0.0000000	0.0000000	0.0000000	0.0000000	0.0000000	0.0000000	0.0000000	0.0000000	0.0000000	9.1494784e-10	2.0368482e-07	2.0442279e-05	0.0010904937	0.031396640	0.48595052	3.9859927	17.808239	49.833580	104.09866	182.08961	282.52341	399.35159	519.97959	624.76538	689.60275	691.72784	619.63197	483.49119	318.31930	170.04384	70.817801	22.387082	5.4505851	1.0942704	0.19815392	0.034748162	0.0061529371	0.0011243313	0.00021337012	4.2119544e-05	8.4825111e-06	0.0000000	0.0000000	0.0000000	0.0000000	0.0000000	0.0000000	0.0000000	0.0000000	0.0000000
13.8250	0.0000000	0.0000000	0.0000000	0.0000000	0.0000000	0.0000000	0.0000000	0.0000000	0.0000000	0.0000000	0.0000000	0.0000000	0.0000000	0.0000000	0.0000000	0.0000000	0.0000000	0.0000000	0.0000000	0.0000000	0.0000000	0.0000000	0.0000000	0.0000000	0.0000000	0.0000000	0.0000000	0.0000000	0.0000000	0.0000000	0.0000000	0.0000000	0.0000000	0.0000000	0.0000000	0.0000000	0.0000000	0.0000000	0.0000000	0.0000000	1.3201801e-09	2.4840100e-07	2.1613255e-05	0.0010244944	0.028462799	0.44824233	2.9869715	12.774371	34.510478	70.046955	119.76103	182.64215	255.17886	330.33002	396.87088	440.08636	445.00323	402.64299	317.56782	211.25339	113.95330	47.893037	15.271015	3.7483827	0.75853958	0.13850433	0.024502876	0.0043790883	0.00080777394	0.00015471417	3.0802972e-05	6.2493456e-06	0.0000000	0.0000000	0.0000000	0.0000000	0.0000000	0.0000000	0.0000000	0.0000000	0.0000000
15.4530	0.0000000	0.0000000	0.0000000	0.0000000	0.0000000	0.0000000	0.0000000	0.0000000	0.0000000	0.0000000	0.0000000	0.0000000	0.0000000	0.0000000	0.0000000	0.0000000	0.0000000	0.0000000	0.0000000	0.0000000	0.0000000	0.0000000	0.0000000	0.0000000	0.0000000	0.0000000	0.0000000	0.0000000	0.0000000	0.0000000	0.0000000	0.0000000	0.0000000	0.0000000	0.0000000	0.0000000	0.0000000	0.0000000	0.0000000	0.0000000	4.4741309e-09	7.4940420e-07	5.8095271e-05	0.0024481125	0.056772980	0.72018135	4.9181125	18.557633	44.436387	80.385388	123.12545	168.95321	213.01347	249.11496	270.39890	270.96600	247.83758	203.21874	145.64517	88.318910	43.555808	16.780043	4.9153949	1.1107273	0.20732688	0.034983950	0.0057310171	0.00095052663	0.00016310574	2.9133841e-05	5.4230062e-06	1.0311171e-06	0.0000000	0.0000000	0.0000000	0.0000000	0.0000000	0.0000000	0.0000000	0.0000000	0.0000000
11.2500	0.0000000	0.0000000	0.0000000	0.0000000	0.0000000	0.0000000	0.0000000	0.0000000	0.0000000	0.0000000	0.0000000	0.0000000	0.0000000	0.0000000	0.0000000	0.0000000	0.0000000	0.0000000	0.0000000	0.0000000	0.0000000	0.0000000	0.0000000	0.0000000	0.0000000	0.0000000	0.0000000	0.0000000	0.0000000	0.0000000	0.0000000	0.0000000	0.0000000	0.0000000	0.0000000	0.0000000	0.0000000	0.0000000	0.0000000	0.0000000	1.8379181e-10	4.6063362e-08	5.1362847e-06	0.00030081143	0.0094082860	0.15673648	1.3730367	6.5106483	19.245411	42.300085	76.929131	123.47550	179.83870	240.32557	295.25573	332.17305	338.71544	307.77482	243.18345	161.86976	87.286693	36.640776	11.658493	2.8533146	0.57528806	0.10457150	0.018402601	0.0032694525	0.00059919615	0.00011398305	2.2536121e-05	4.5409553e-06	0.0000000	0.0000000	0.0000000	0.0000000	0.0000000	0.0000000	0.0000000	0.0000000	0.0000000
11.1290	0.0000000	0.0000000	0.0000000	0.0000000	0.0000000	0.0000000	0.0000000	0.0000000	0.0000000	0.0000000	0.0000000	0.0000000	0.0000000	0.0000000	0.0000000	0.0000000	0.0000000	0.0000000	0.0000000	0.0000000	0.0000000	0.0000000	0.0000000	0.0000000	0.0000000	0.0000000	0.0000000	0.0000000	0.0000000	0.0000000	0.0000000	0.0000000	0.0000000	0.0000000	0.0000000	0.0000000	0.0000000	0.0000000	0.0000000	0.0000000	1.1160529e-10	2.8192912e-08	3.1633043e-06	0.00018615185	0.0058426769	0.097565288	0.85574163	4.0580122	11.981240	26.272694	48.020770	77.522831	113.55088	152.60075	188.54319	213.31387	218.72508	199.82539	158.71708	106.17529	57.526693	24.257498	7.7512854	1.9046258	0.38542041	0.070288423	0.012403418	0.0022084757	0.00040549730	7.7268241e-05	1.5304533e-05	3.0903473e-06	0.0000000	0.0000000	0.0000000	0.0000000	0.0000000	0.0000000	0.0000000	0.0000000	0.0000000
16.3360	0.0000000	0.0000000	0.0000000	0.0000000	0.0000000	0.0000000	0.0000000	0.0000000	0.0000000	0.0000000	0.0000000	0.0000000	0.0000000	0.0000000	0.0000000	0.0000000	0.0000000	0.0000000	0.0000000	0.0000000	0.0000000	0.0000000	0.0000000	0.0000000	0.0000000	0.0000000	0.0000000	0.0000000	0.0000000	0.0000000	0.0000000	0.0000000	0.0000000	0.0000000	0.0000000	0.0000000	0.0000000	0.0000000	0.0000000	0.0000000	2.1738016e-09	3.4620657e-07	2.5711930e-05	0.0010457962	0.023603819	0.29374241	1.9806133	7.4159995	17.686105	31.928045	48.848894	66.987768	84.443674	98.833424	107.50532	105.61868	94.412720	75.797612	53.292056	31.780111	15.459522	5.8958367	1.7168567	0.38755302	0.072667075	0.012392938	0.0020659699	0.00035128383	6.2280860e-05	1.1571221e-05	2.2485016e-06	4.4662324e-07	0.0000000	0.0000000	0.0000000	0.0000000	0.0000000	0.0000000	0.0000000	0.0000000	0.0000000
13.8900	0.0000000	0.0000000	0.0000000	0.0000000	0.0000000	0.0000000	0.0000000	0.0000000	0.0000000	0.0000000	0.0000000	0.0000000	0.0000000	0.0000000	0.0000000	0.0000000	0.0000000	0.0000000	0.0000000	0.0000000	0.0000000	0.0000000	0.0000000	0.0000000	0.0000000	0.0000000	0.0000000	0.0000000	0.0000000	0.0000000	0.0000000	0.0000000	0.0000000	0.0000000	0.0000000	0.0000000	0.0000000	0.0000000	0.0000000	0.0000000	5.8468022e-10	1.0667607e-07	9.0022109e-06	0.00041399605	0.010522683	0.14689807	1.1061320	4.5925611	12.011740	23.517702	38.641583	56.436798	75.287396	92.851545	106.14379	111.90933	107.56462	92.532417	69.412524	43.930291	22.554337	9.0282292	2.7442387	0.64292883	0.12437050	0.021745971	0.0036913064	0.00063439771	0.00011280838	2.0882928e-05	4.0295558e-06	7.9457914e-07	0.0000000	0.0000000	0.0000000	0.0000000	0.0000000	0.0000000	0.0000000	0.0000000	0.0000000
16.0040	0.0000000	0.0000000	0.0000000	0.0000000	0.0000000	0.0000000	0.0000000	0.0000000	0.0000000	0.0000000	0.0000000	0.0000000	0.0000000	0.0000000	0.0000000	0.0000000	0.0000000	0.0000000	0.0000000	0.0000000	0.0000000	0.0000000	0.0000000	0.0000000	0.0000000	0.0000000	0.0000000	0.0000000	0.0000000	0.0000000	0.0000000	0.0000000	0.0000000	0.0000000	0.0000000	0.0000000	0.0000000	0.0000000	0.0000000	0.0000000	1.1959257e-09	1.9776603e-07	1.5229900e-05	0.00064062473	0.014897138	0.19030307	1.3135748	5.0257387	12.233452	22.523091	35.094792	48.912886	62.501442	73.943703	81.114197	82.126392	75.908604	62.915905	45.583999	27.945117	13.930000	5.4225076	1.6045318	0.36628609	0.069096920	0.011789816	0.0019547860	0.00032856458	5.7226641e-05	1.0393980e-05	1.9712106e-06	3.8268540e-07	0.0000000	0.0000000	0.0000000	0.0000000	0.0000000	0.0000000	0.0000000	0.0000000	0.0000000
10.7700	0.0000000	0.0000000	0.0000000	0.0000000	0.0000000	0.0000000	0.0000000	0.0000000	0.0000000	0.0000000	0.0000000	0.0000000	0.0000000	0.0000000	0.0000000	0.0000000	0.0000000	0.0000000	0.0000000	0.0000000	0.0000000	0.0000000	0.0000000	0.0000000	0.0000000	0.0000000	0.0000000	0.0000000	0.0000000	0.0000000	0.0000000	0.0000000	0.0000000	0.0000000	0.0000000	0.0000000	0.0000000	0.0000000	0.0000000	0.0000000	5.8966853e-11	1.5540861e-08	1.8161462e-06	0.00011121096	0.0036302694	0.063015680	0.57398801	2.8212302	8.6042506	19.406542	36.344556	59.928022	89.442816	122.29534	153.61984	176.59227	183.83298	170.34074	137.06390	92.762141	50.778659	21.606272	6.9585777	1.7214002	0.35031788	0.064186672	0.011368325	0.0020293086	0.00037307054	7.1079019e-05	1.4055043e-05	2.8285883e-06	0.0000000	0.0000000	0.0000000	0.0000000	0.0000000	0.0000000	0.0000000	0.0000000	0.0000000
10.6570	0.0000000	0.0000000	0.0000000	0.0000000	0.0000000	0.0000000	0.0000000	0.0000000	0.0000000	0.0000000	0.0000000	0.0000000	0.0000000	0.0000000	0.0000000	0.0000000	0.0000000	0.0000000	0.0000000	0.0000000	0.0000000	0.0000000	0.0000000	0.0000000	0.0000000	0.0000000	0.0000000	0.0000000	0.0000000	0.0000000	0.0000000	0.0000000	0.0000000	0.0000000	0.0000000	0.0000000	0.0000000	0.0000000	0.0000000	0.0000000	3.0057753e-11	8.0349086e-09	9.4686040e-07	5.8176237e-05	0.0018977860	0.032814591	0.29701645	1.4488896	4.3871304	9.8411837	18.379000	30.325339	45.476735	62.717309	79.669957	92.763500	97.862340	91.860613	74.791973	51.135624	28.232201	12.096122	3.9164907	0.97252545	0.19837666	0.036388351	0.0064481294	0.0011514665	0.00021181610	4.0398837e-05	8.0013774e-06	1.6138779e-06	0.0000000	0.0000000	0.0000000	0.0000000	0.0000000	0.0000000	0.0000000	0.0000000	0.0000000
12.6800	0.0000000	0.0000000	0.0000000	0.0000000	0.0000000	0.0000000	0.0000000	0.0000000	0.0000000	0.0000000	0.0000000	0.0000000	0.0000000	0.0000000	0.0000000	0.0000000	0.0000000	0.0000000	0.0000000	0.0000000	0.0000000	0.0000000	0.0000000	0.0000000	0.0000000	0.0000000	0.0000000	0.0000000	0.0000000	0.0000000	0.0000000	0.0000000	0.0000000	0.0000000	0.0000000	0.0000000	0.0000000	0.0000000	0.0000000	0.0000000	1.7754189e-10	3.5323914e-08	3.1923237e-06	0.00015481078	0.0040922590	0.058591978	0.44538131	1.8319001	4.7836311	9.4499793	15.587774	22.798395	30.475489	37.763755	43.454639	46.184364	44.790658	38.885046	29.436254	18.819498	9.7719755	3.9598644	1.2194488	0.28959586	0.056779526	0.010054129	0.0017261396	0.00029955492	5.3687568e-05	1.0974334e-05	2.4083636e-06	5.1771982e-07	0.0000000	0.0000000	0.0000000	0.0000000	0.0000000	0.0000000	0.0000000	0.0000000	0.0000000
11.0230	0.0000000	0.0000000	0.0000000	0.0000000	0.0000000	0.0000000	0.0000000	0.0000000	0.0000000	0.0000000	0.0000000	0.0000000	0.0000000	0.0000000	0.0000000	0.0000000	0.0000000	0.0000000	0.0000000	0.0000000	0.0000000	0.0000000	0.0000000	0.0000000	0.0000000	0.0000000	0.0000000	0.0000000	0.0000000	0.0000000	0.0000000	0.0000000	0.0000000	0.0000000	0.0000000	0.0000000	0.0000000	0.0000000	0.0000000	0.0000000	1.9184344e-11	5.0672893e-09	5.9908047e-07	3.7311642e-05	0.0012389912	0.021782260	0.20000072	0.98729869	3.0196028	6.8374858	12.894355	21.476978	32.451644	44.968373	57.231854	66.583348	70.084797	65.640545	53.395279	36.556969	20.263680	8.7350570	2.8490302	0.71297683	0.14653980	0.027067086	0.0048251765	0.00086591394	0.00016005383	3.0699982e-05	6.1244274e-06	1.2466512e-06	0.0000000	0.0000000	0.0000000	0.0000000	0.0000000	0.0000000	0.0000000	0.0000000	0.0000000
10.1150	0.0000000	0.0000000	0.0000000	0.0000000	0.0000000	0.0000000	0.0000000	0.0000000	0.0000000	0.0000000	0.0000000	0.0000000	0.0000000	0.0000000	0.0000000	0.0000000	0.0000000	0.0000000	0.0000000	0.0000000	0.0000000	0.0000000	0.0000000	0.0000000	0.0000000	0.0000000	0.0000000	0.0000000	0.0000000	0.0000000	0.0000000	0.0000000	0.0000000	0.0000000	0.0000000	0.0000000	0.0000000	0.0000000	0.0000000	0.0000000	2.3967998e-12	6.9659276e-10	8.8904356e-08	5.8954641e-06	0.00020687516	0.0038355559	0.037106693	0.19275484	0.61854638	1.4612664	2.8539591	4.8901009	7.5632948	10.695093	13.877074	16.468440	17.685358	16.887068	13.982858	9.7215488	5.6489928	2.6964695	0.97678040	0.26894162	0.056086948	0.010538679	0.0019154168	0.00035095223	6.6222134e-05	1.2946677e-05	2.6259908e-06	5.4186003e-07	0.0000000	0.0000000	0.0000000	0.0000000	0.0000000	0.0000000	0.0000000	0.0000000	0.0000000
