# DO NOT EDIT: written Thu Mar 14 18:48:37 2019 by wrt_emiss_fe17.pro
# faked emissivities [1e-23 ergs cm^3/s] for Fe17 lines from Del Zanna 2011, A&A 536, A59
# emissivities include ion balance, but not abundance, and are spline and ion balance jittered off of emiss_Fe17_00000.txt
# line 6 -- SEED, LOGT
# lines 7+ -- WVL, EMISSIVITY
      715329	4.00	4.05	4.10	4.15	4.20	4.25	4.30	4.35	4.40	4.45	4.50	4.55	4.60	4.65	4.70	4.75	4.80	4.85	4.90	4.95	5.00	5.05	5.10	5.15	5.20	5.25	5.30	5.35	5.40	5.45	5.50	5.55	5.60	5.65	5.70	5.75	5.80	5.85	5.90	5.95	6.00	6.05	6.10	6.15	6.20	6.25	6.30	6.35	6.40	6.45	6.50	6.55	6.60	6.65	6.70	6.75	6.80	6.85	6.90	6.95	7.00	7.05	7.10	7.15	7.20	7.25	7.30	7.35	7.40	7.45	7.50	7.55	7.60	7.65	7.70	7.75	7.80	7.85	7.90	7.95	8.00
15.0130	0.0000000	0.0000000	0.0000000	0.0000000	0.0000000	0.0000000	0.0000000	0.0000000	0.0000000	0.0000000	0.0000000	0.0000000	0.0000000	0.0000000	0.0000000	0.0000000	0.0000000	0.0000000	0.0000000	0.0000000	0.0000000	0.0000000	0.0000000	0.0000000	0.0000000	0.0000000	0.0000000	0.0000000	0.0000000	0.0000000	0.0000000	0.0000000	0.0000000	0.0000000	0.0000000	0.0000000	0.0000000	0.0000000	0.0000000	0.0000000	1.5635784e-08	3.9562881e-06	0.00037847789	0.019660546	0.55710369	8.4156054	65.761515	273.49273	707.12600	1369.7688	2238.7124	3272.3134	4392.0149	5469.6105	6327.8945	6767.4000	6615.3212	5806.1146	4460.8607	2903.8215	1531.7380	629.78078	196.64273	47.263656	9.3601411	1.6714072	0.28901393	0.050468349	0.0090957994	0.0017026461	0.00033162418	6.6600661e-05	0.0000000	0.0000000	0.0000000	0.0000000	0.0000000	0.0000000	0.0000000	0.0000000	0.0000000
17.0510	0.0000000	0.0000000	0.0000000	0.0000000	0.0000000	0.0000000	0.0000000	0.0000000	0.0000000	0.0000000	0.0000000	0.0000000	0.0000000	0.0000000	0.0000000	0.0000000	0.0000000	0.0000000	0.0000000	0.0000000	0.0000000	0.0000000	0.0000000	0.0000000	0.0000000	0.0000000	0.0000000	0.0000000	0.0000000	0.0000000	0.0000000	0.0000000	0.0000000	0.0000000	0.0000000	0.0000000	0.0000000	0.0000000	0.0000000	0.0000000	3.0552885e-08	6.6256447e-06	0.00055164417	0.025480958	0.64685378	8.8081066	62.379966	236.39948	567.06428	1026.5817	1574.3314	2166.5208	2745.1618	3234.5582	3546.7653	3600.4279	3345.2997	2793.8421	2086.3199	1335.5992	697.19382	283.77135	87.305922	20.528749	3.9386811	0.67271805	0.11004475	0.018166858	0.0031161940	0.00055913312	0.00010506183	2.0469767e-05	0.0000000	0.0000000	0.0000000	0.0000000	0.0000000	0.0000000	0.0000000	0.0000000	0.0000000
17.0960	0.0000000	0.0000000	0.0000000	0.0000000	0.0000000	0.0000000	0.0000000	0.0000000	0.0000000	0.0000000	0.0000000	0.0000000	0.0000000	0.0000000	0.0000000	0.0000000	0.0000000	0.0000000	0.0000000	0.0000000	0.0000000	0.0000000	0.0000000	0.0000000	0.0000000	0.0000000	0.0000000	0.0000000	0.0000000	0.0000000	0.0000000	0.0000000	0.0000000	0.0000000	0.0000000	0.0000000	0.0000000	0.0000000	0.0000000	0.0000000	2.9632735e-08	6.4294115e-06	0.00053729964	0.025037935	0.64534314	8.9651212	64.921088	251.43849	607.14327	1099.6693	1680.0851	2293.1839	2870.2437	3328.5023	3580.7402	3556.1898	3224.3791	2621.7950	1863.4255	1120.1750	547.01192	208.26384	60.143039	13.365545	2.4488700	0.40514922	0.065052392	0.010577352	0.0017806097	0.00031238190	5.7200093e-05	1.0827358e-05	0.0000000	0.0000000	0.0000000	0.0000000	0.0000000	0.0000000	0.0000000	0.0000000	0.0000000
16.7760	0.0000000	0.0000000	0.0000000	0.0000000	0.0000000	0.0000000	0.0000000	0.0000000	0.0000000	0.0000000	0.0000000	0.0000000	0.0000000	0.0000000	0.0000000	0.0000000	0.0000000	0.0000000	0.0000000	0.0000000	0.0000000	0.0000000	0.0000000	0.0000000	0.0000000	0.0000000	0.0000000	0.0000000	0.0000000	0.0000000	0.0000000	0.0000000	0.0000000	0.0000000	0.0000000	0.0000000	0.0000000	0.0000000	0.0000000	0.0000000	2.5840880e-08	5.7255781e-06	0.00048557333	0.022816513	0.58976011	8.1896246	59.231661	229.45963	555.89237	1014.0402	1566.9188	2171.2047	2765.2924	3269.0418	3591.8718	3650.5994	3394.3229	2836.4891	2076.9401	1289.5258	652.06599	257.71104	77.417527	17.924481	3.4248756	0.59110656	0.098979296	0.016768380	0.0029370039	0.00053509680	0.00010153373	1.9870690e-05	0.0000000	0.0000000	0.0000000	0.0000000	0.0000000	0.0000000	0.0000000	0.0000000	0.0000000
15.2620	0.0000000	0.0000000	0.0000000	0.0000000	0.0000000	0.0000000	0.0000000	0.0000000	0.0000000	0.0000000	0.0000000	0.0000000	0.0000000	0.0000000	0.0000000	0.0000000	0.0000000	0.0000000	0.0000000	0.0000000	0.0000000	0.0000000	0.0000000	0.0000000	0.0000000	0.0000000	0.0000000	0.0000000	0.0000000	0.0000000	0.0000000	0.0000000	0.0000000	0.0000000	0.0000000	0.0000000	0.0000000	0.0000000	0.0000000	0.0000000	5.1136064e-09	1.2582735e-06	0.00011772021	0.0060630294	0.17059060	2.5595836	19.854972	81.919735	210.03635	403.39647	653.83256	948.37400	1263.9875	1475.2556	1526.4293	1489.6957	1375.4703	1201.6016	919.18626	595.89900	314.47378	129.65313	40.608525	9.7935722	1.9466705	0.34897785	0.060594583	0.010627128	0.0019239009	0.00037193121	7.5219296e-05	1.5640462e-05	0.0000000	0.0000000	0.0000000	0.0000000	0.0000000	0.0000000	0.0000000	0.0000000	0.0000000
12.1240	0.0000000	0.0000000	0.0000000	0.0000000	0.0000000	0.0000000	0.0000000	0.0000000	0.0000000	0.0000000	0.0000000	0.0000000	0.0000000	0.0000000	0.0000000	0.0000000	0.0000000	0.0000000	0.0000000	0.0000000	0.0000000	0.0000000	0.0000000	0.0000000	0.0000000	0.0000000	0.0000000	0.0000000	0.0000000	0.0000000	0.0000000	0.0000000	0.0000000	0.0000000	0.0000000	0.0000000	0.0000000	0.0000000	0.0000000	0.0000000	2.8306369e-10	9.1293192e-08	1.0855015e-05	0.00069130171	0.023477119	0.41639023	3.7506497	17.700767	51.245254	109.82676	196.43568	311.07050	448.03289	593.30564	723.86801	810.49793	824.28216	748.53903	592.15912	395.15516	213.74953	89.985375	28.683903	7.0223161	1.4140364	0.25631823	0.044923267	0.0079398343	0.0014464821	0.00027338340	5.3690872e-05	1.0856018e-05	0.0000000	0.0000000	0.0000000	0.0000000	0.0000000	0.0000000	0.0000000	0.0000000	0.0000000
12.2640	0.0000000	0.0000000	0.0000000	0.0000000	0.0000000	0.0000000	0.0000000	0.0000000	0.0000000	0.0000000	0.0000000	0.0000000	0.0000000	0.0000000	0.0000000	0.0000000	0.0000000	0.0000000	0.0000000	0.0000000	0.0000000	0.0000000	0.0000000	0.0000000	0.0000000	0.0000000	0.0000000	0.0000000	0.0000000	0.0000000	0.0000000	0.0000000	0.0000000	0.0000000	0.0000000	0.0000000	0.0000000	0.0000000	0.0000000	0.0000000	2.8058401e-10	8.8794723e-08	1.0402948e-05	0.00065528156	0.022083485	0.38966274	3.4972117	16.448565	47.424799	101.15455	179.98371	283.50925	406.31590	535.79840	651.23993	726.28321	735.26771	664.15788	522.18287	346.14075	185.97438	77.787792	24.651484	6.0054804	1.2046144	0.21774107	0.038095381	0.0067290194	0.0012267057	0.00023232313	4.5791759e-05	9.3058393e-06	0.0000000	0.0000000	0.0000000	0.0000000	0.0000000	0.0000000	0.0000000	0.0000000	0.0000000
13.8250	0.0000000	0.0000000	0.0000000	0.0000000	0.0000000	0.0000000	0.0000000	0.0000000	0.0000000	0.0000000	0.0000000	0.0000000	0.0000000	0.0000000	0.0000000	0.0000000	0.0000000	0.0000000	0.0000000	0.0000000	0.0000000	0.0000000	0.0000000	0.0000000	0.0000000	0.0000000	0.0000000	0.0000000	0.0000000	0.0000000	0.0000000	0.0000000	0.0000000	0.0000000	0.0000000	0.0000000	0.0000000	0.0000000	0.0000000	0.0000000	4.6293688e-10	1.5077538e-07	1.6685107e-05	0.00092299744	0.027930776	0.45149626	3.7757330	16.762450	46.007969	94.044639	161.38682	246.72297	345.40659	448.03870	485.31035	473.12516	449.79342	408.55464	323.66224	216.34831	117.26365	49.494081	15.831217	3.8931176	0.81065552	0.15932384	0.030305003	0.0058030824	0.0011353077	0.00021735922	4.3259117e-05	8.8629077e-06	0.0000000	0.0000000	0.0000000	0.0000000	0.0000000	0.0000000	0.0000000	0.0000000	0.0000000
15.4530	0.0000000	0.0000000	0.0000000	0.0000000	0.0000000	0.0000000	0.0000000	0.0000000	0.0000000	0.0000000	0.0000000	0.0000000	0.0000000	0.0000000	0.0000000	0.0000000	0.0000000	0.0000000	0.0000000	0.0000000	0.0000000	0.0000000	0.0000000	0.0000000	0.0000000	0.0000000	0.0000000	0.0000000	0.0000000	0.0000000	0.0000000	0.0000000	0.0000000	0.0000000	0.0000000	0.0000000	0.0000000	0.0000000	0.0000000	0.0000000	1.6251288e-09	3.8605471e-07	3.4823540e-05	0.0017266124	0.046700234	0.67273555	5.0042796	19.772534	48.470515	88.850338	137.18437	189.16670	239.22285	280.33444	304.74668	305.38505	278.39257	226.32626	159.62994	94.331269	44.977839	16.728907	4.7465768	1.0427667	0.18998493	0.031425630	0.0050691667	0.00083154972	0.00014174232	2.5254256e-05	4.7076111e-06	9.0888674e-07	0.0000000	0.0000000	0.0000000	0.0000000	0.0000000	0.0000000	0.0000000	0.0000000	0.0000000
11.2500	0.0000000	0.0000000	0.0000000	0.0000000	0.0000000	0.0000000	0.0000000	0.0000000	0.0000000	0.0000000	0.0000000	0.0000000	0.0000000	0.0000000	0.0000000	0.0000000	0.0000000	0.0000000	0.0000000	0.0000000	0.0000000	0.0000000	0.0000000	0.0000000	0.0000000	0.0000000	0.0000000	0.0000000	0.0000000	0.0000000	0.0000000	0.0000000	0.0000000	0.0000000	0.0000000	0.0000000	0.0000000	0.0000000	0.0000000	0.0000000	5.9811900e-11	2.1102752e-08	2.7174613e-06	0.00018579402	0.0067223761	0.12617483	1.1955395	5.9028034	17.796502	39.581394	73.256842	119.73053	177.56536	241.59287	302.09320	345.69007	358.18195	330.23594	264.22024	177.59489	96.335625	40.474125	12.806840	3.0935705	0.61045751	0.10759776	0.018195690	0.0030833912	0.00054074926	0.00010289018	2.0329456e-05	4.1322454e-06	0.0000000	0.0000000	0.0000000	0.0000000	0.0000000	0.0000000	0.0000000	0.0000000	0.0000000
11.1290	0.0000000	0.0000000	0.0000000	0.0000000	0.0000000	0.0000000	0.0000000	0.0000000	0.0000000	0.0000000	0.0000000	0.0000000	0.0000000	0.0000000	0.0000000	0.0000000	0.0000000	0.0000000	0.0000000	0.0000000	0.0000000	0.0000000	0.0000000	0.0000000	0.0000000	0.0000000	0.0000000	0.0000000	0.0000000	0.0000000	0.0000000	0.0000000	0.0000000	0.0000000	0.0000000	0.0000000	0.0000000	0.0000000	0.0000000	0.0000000	3.7881654e-11	1.3365337e-08	1.7208809e-06	0.00011766426	0.0042586927	0.079982207	0.75850199	3.7486291	11.312135	25.181535	46.660482	76.417516	113.72546	155.53549	195.77514	225.76250	235.91848	219.48452	177.25112	120.26341	65.857291	27.957005	8.9567123	2.1979289	0.44272207	0.080159335	0.014016546	0.0024694323	0.00044821010	8.4381988e-05	1.6511547e-05	3.3284930e-06	0.0000000	0.0000000	0.0000000	0.0000000	0.0000000	0.0000000	0.0000000	0.0000000	0.0000000
16.3360	0.0000000	0.0000000	0.0000000	0.0000000	0.0000000	0.0000000	0.0000000	0.0000000	0.0000000	0.0000000	0.0000000	0.0000000	0.0000000	0.0000000	0.0000000	0.0000000	0.0000000	0.0000000	0.0000000	0.0000000	0.0000000	0.0000000	0.0000000	0.0000000	0.0000000	0.0000000	0.0000000	0.0000000	0.0000000	0.0000000	0.0000000	0.0000000	0.0000000	0.0000000	0.0000000	0.0000000	0.0000000	0.0000000	0.0000000	0.0000000	6.1034646e-10	1.3657732e-07	1.1687869e-05	0.00055353661	0.014410125	0.20136127	1.4629515	5.6792146	13.748025	24.980901	38.356464	52.743314	66.674151	78.296804	85.520269	86.452629	79.983069	66.514077	48.457827	29.934508	15.065913	5.9305943	1.7760145	0.41037400	0.078353883	0.013531217	0.0022703770	0.00038601213	6.7960333e-05	1.2464806e-05	2.3843541e-06	4.7068659e-07	0.0000000	0.0000000	0.0000000	0.0000000	0.0000000	0.0000000	0.0000000	0.0000000	0.0000000
13.8900	0.0000000	0.0000000	0.0000000	0.0000000	0.0000000	0.0000000	0.0000000	0.0000000	0.0000000	0.0000000	0.0000000	0.0000000	0.0000000	0.0000000	0.0000000	0.0000000	0.0000000	0.0000000	0.0000000	0.0000000	0.0000000	0.0000000	0.0000000	0.0000000	0.0000000	0.0000000	0.0000000	0.0000000	0.0000000	0.0000000	0.0000000	0.0000000	0.0000000	0.0000000	0.0000000	0.0000000	0.0000000	0.0000000	0.0000000	0.0000000	2.0589575e-10	5.2920958e-08	5.1480659e-06	0.00027528076	0.0080472104	0.12563585	1.0144041	4.3429775	11.464125	22.462397	36.834665	53.671554	71.485418	88.152758	100.95530	106.84608	103.28876	89.525061	67.767599	43.330249	22.488205	9.0984537	2.7929067	0.65999282	0.12863019	0.022638758	0.0038652021	0.00066769712	0.00011926478	2.2162826e-05	4.2899506e-06	8.5656713e-07	0.0000000	0.0000000	0.0000000	0.0000000	0.0000000	0.0000000	0.0000000	0.0000000	0.0000000
16.0040	0.0000000	0.0000000	0.0000000	0.0000000	0.0000000	0.0000000	0.0000000	0.0000000	0.0000000	0.0000000	0.0000000	0.0000000	0.0000000	0.0000000	0.0000000	0.0000000	0.0000000	0.0000000	0.0000000	0.0000000	0.0000000	0.0000000	0.0000000	0.0000000	0.0000000	0.0000000	0.0000000	0.0000000	0.0000000	0.0000000	0.0000000	0.0000000	0.0000000	0.0000000	0.0000000	0.0000000	0.0000000	0.0000000	0.0000000	0.0000000	3.6714239e-10	8.5057580e-08	7.5309402e-06	0.00036819362	0.0098598532	0.14121142	1.0489478	4.1581565	10.276565	19.071814	29.912638	42.007001	54.205251	64.940492	72.344011	74.593868	70.408846	59.754175	44.437438	28.020804	14.388762	5.7728273	1.7589336	0.41263743	0.079787124	0.013912178	0.0023488440	0.00040030912	7.0341392e-05	1.2813040e-05	2.4201700e-06	4.6888715e-07	0.0000000	0.0000000	0.0000000	0.0000000	0.0000000	0.0000000	0.0000000	0.0000000	0.0000000
10.7700	0.0000000	0.0000000	0.0000000	0.0000000	0.0000000	0.0000000	0.0000000	0.0000000	0.0000000	0.0000000	0.0000000	0.0000000	0.0000000	0.0000000	0.0000000	0.0000000	0.0000000	0.0000000	0.0000000	0.0000000	0.0000000	0.0000000	0.0000000	0.0000000	0.0000000	0.0000000	0.0000000	0.0000000	0.0000000	0.0000000	0.0000000	0.0000000	0.0000000	0.0000000	0.0000000	0.0000000	0.0000000	0.0000000	0.0000000	0.0000000	2.2618498e-11	8.3929301e-09	1.1324735e-06	8.0904908e-05	0.0030518146	0.059584883	0.58570357	2.9886443	9.2618771	21.042306	39.565499	65.420358	97.876517	134.15846	162.86368	179.90945	179.75106	159.69907	123.10848	79.765095	42.436022	18.145576	5.8664460	1.4549406	0.29654602	0.054383587	0.0096375420	0.0017210891	0.00031655236	6.0346158e-05	1.1942544e-05	2.4306691e-06	0.0000000	0.0000000	0.0000000	0.0000000	0.0000000	0.0000000	0.0000000	0.0000000	0.0000000
10.6570	0.0000000	0.0000000	0.0000000	0.0000000	0.0000000	0.0000000	0.0000000	0.0000000	0.0000000	0.0000000	0.0000000	0.0000000	0.0000000	0.0000000	0.0000000	0.0000000	0.0000000	0.0000000	0.0000000	0.0000000	0.0000000	0.0000000	0.0000000	0.0000000	0.0000000	0.0000000	0.0000000	0.0000000	0.0000000	0.0000000	0.0000000	0.0000000	0.0000000	0.0000000	0.0000000	0.0000000	0.0000000	0.0000000	0.0000000	0.0000000	1.1516175e-11	4.4409243e-09	6.1057507e-07	4.4154069e-05	0.0016811530	0.033010138	0.32183077	1.6204927	4.9397368	11.022651	20.351690	33.077922	48.752648	66.046747	82.570591	94.915948	99.224426	92.675489	75.407594	51.742226	28.764786	12.436522	4.0677097	1.0207352	0.21043916	0.039017929	0.0069885917	0.0012611001	0.00023430380	4.5097566e-05	8.9988579e-06	1.8361324e-06	0.0000000	0.0000000	0.0000000	0.0000000	0.0000000	0.0000000	0.0000000	0.0000000	0.0000000
12.6800	0.0000000	0.0000000	0.0000000	0.0000000	0.0000000	0.0000000	0.0000000	0.0000000	0.0000000	0.0000000	0.0000000	0.0000000	0.0000000	0.0000000	0.0000000	0.0000000	0.0000000	0.0000000	0.0000000	0.0000000	0.0000000	0.0000000	0.0000000	0.0000000	0.0000000	0.0000000	0.0000000	0.0000000	0.0000000	0.0000000	0.0000000	0.0000000	0.0000000	0.0000000	0.0000000	0.0000000	0.0000000	0.0000000	0.0000000	0.0000000	5.3553504e-11	1.4994646e-08	1.5756028e-06	9.0395737e-05	0.0028177492	0.046575406	0.39423662	1.7455272	4.7136882	9.3777084	15.525934	22.763231	30.490019	37.858530	43.662567	46.530320	45.272802	39.455961	30.001163	19.273378	10.055852	4.0922410	1.2641831	0.30077791	0.059021198	0.010453210	0.0017944140	0.00031607366	6.4297067e-05	1.3558088e-05	2.7198103e-06	5.4269716e-07	0.0000000	0.0000000	0.0000000	0.0000000	0.0000000	0.0000000	0.0000000	0.0000000	0.0000000
11.0230	0.0000000	0.0000000	0.0000000	0.0000000	0.0000000	0.0000000	0.0000000	0.0000000	0.0000000	0.0000000	0.0000000	0.0000000	0.0000000	0.0000000	0.0000000	0.0000000	0.0000000	0.0000000	0.0000000	0.0000000	0.0000000	0.0000000	0.0000000	0.0000000	0.0000000	0.0000000	0.0000000	0.0000000	0.0000000	0.0000000	0.0000000	0.0000000	0.0000000	0.0000000	0.0000000	0.0000000	0.0000000	0.0000000	0.0000000	0.0000000	7.5242308e-12	2.7662725e-09	3.7351255e-07	2.6866617e-05	0.0010212600	0.020017937	0.19673789	1.0010815	3.0929138	7.0210435	13.242955	22.053583	33.329491	46.226414	58.935509	68.749816	72.632681	68.346875	55.907404	38.515414	21.486022	9.3173352	3.0539670	0.76706466	0.15806563	0.029250227	0.0052213998	0.00093789820	0.00017345947	3.3277489e-05	6.6371213e-06	1.3638136e-06	0.0000000	0.0000000	0.0000000	0.0000000	0.0000000	0.0000000	0.0000000	0.0000000	0.0000000
10.1150	0.0000000	0.0000000	0.0000000	0.0000000	0.0000000	0.0000000	0.0000000	0.0000000	0.0000000	0.0000000	0.0000000	0.0000000	0.0000000	0.0000000	0.0000000	0.0000000	0.0000000	0.0000000	0.0000000	0.0000000	0.0000000	0.0000000	0.0000000	0.0000000	0.0000000	0.0000000	0.0000000	0.0000000	0.0000000	0.0000000	0.0000000	0.0000000	0.0000000	0.0000000	0.0000000	0.0000000	0.0000000	0.0000000	0.0000000	0.0000000	1.0031874e-12	4.0926933e-10	6.0148065e-08	4.6432170e-06	0.00018799946	0.0039174642	0.040893207	0.22061943	0.72003732	1.7157428	3.3701003	5.8021854	9.0160222	12.812261	16.713061	19.950870	21.564599	20.738273	17.303252	12.125586	6.8594330	3.0107710	0.99855735	0.25401886	0.053109926	0.0099939305	0.0018175171	0.00033296347	6.2773142e-05	1.2252732e-05	2.4796655e-06	5.1542362e-07	0.0000000	0.0000000	0.0000000	0.0000000	0.0000000	0.0000000	0.0000000	0.0000000	0.0000000
