# DO NOT EDIT: written Thu Mar 14 18:48:37 2019 by wrt_emiss_fe17.pro
# faked emissivities [1e-23 ergs cm^3/s] for Fe17 lines from Del Zanna 2011, A&A 536, A59
# emissivities include ion balance, but not abundance, and are spline and ion balance jittered off of emiss_Fe17_00000.txt
# line 6 -- SEED, LOGT
# lines 7+ -- WVL, EMISSIVITY
      660331	4.00	4.05	4.10	4.15	4.20	4.25	4.30	4.35	4.40	4.45	4.50	4.55	4.60	4.65	4.70	4.75	4.80	4.85	4.90	4.95	5.00	5.05	5.10	5.15	5.20	5.25	5.30	5.35	5.40	5.45	5.50	5.55	5.60	5.65	5.70	5.75	5.80	5.85	5.90	5.95	6.00	6.05	6.10	6.15	6.20	6.25	6.30	6.35	6.40	6.45	6.50	6.55	6.60	6.65	6.70	6.75	6.80	6.85	6.90	6.95	7.00	7.05	7.10	7.15	7.20	7.25	7.30	7.35	7.40	7.45	7.50	7.55	7.60	7.65	7.70	7.75	7.80	7.85	7.90	7.95	8.00
15.0130	0.0000000	0.0000000	0.0000000	0.0000000	0.0000000	0.0000000	0.0000000	0.0000000	0.0000000	0.0000000	0.0000000	0.0000000	0.0000000	0.0000000	0.0000000	0.0000000	0.0000000	0.0000000	0.0000000	0.0000000	0.0000000	0.0000000	0.0000000	0.0000000	0.0000000	0.0000000	0.0000000	0.0000000	0.0000000	0.0000000	0.0000000	0.0000000	0.0000000	0.0000000	0.0000000	0.0000000	0.0000000	0.0000000	0.0000000	0.0000000	0.0000000	1.3137800e-06	0.00016303573	0.010265595	0.33141749	5.4596489	45.288466	198.25517	536.88048	1072.7890	1782.4024	2627.7495	3546.9781	4442.2077	5177.3846	5595.3966	5553.5646	4982.8905	3952.1666	2692.7612	1522.8268	690.08230	243.95155	67.062260	14.822938	2.8182527	0.49771031	0.086577575	0.015354836	0.0028215926	0.00053985684	0.00010750051	1.2372797e-05	0.0000000	0.0000000	0.0000000	0.0000000	0.0000000	0.0000000	0.0000000	0.0000000
17.0510	0.0000000	0.0000000	0.0000000	0.0000000	0.0000000	0.0000000	0.0000000	0.0000000	0.0000000	0.0000000	0.0000000	0.0000000	0.0000000	0.0000000	0.0000000	0.0000000	0.0000000	0.0000000	0.0000000	0.0000000	0.0000000	0.0000000	0.0000000	0.0000000	0.0000000	0.0000000	0.0000000	0.0000000	0.0000000	0.0000000	0.0000000	0.0000000	0.0000000	0.0000000	0.0000000	0.0000000	0.0000000	0.0000000	0.0000000	0.0000000	0.0000000	2.6053150e-06	0.00029429653	0.017038190	0.50910285	7.7963731	60.283305	246.48533	624.53605	1169.3552	1822.2779	2520.3765	3189.9614	3742.7505	4082.9446	4127.0933	3829.6308	3211.8000	2380.8775	1516.3041	802.00949	343.38739	115.88561	30.449778	6.4449732	1.1758577	0.19967646	0.033461132	0.0057263583	0.0010167527	0.00018810573	3.6217074e-05	4.0852119e-06	0.0000000	0.0000000	0.0000000	0.0000000	0.0000000	0.0000000	0.0000000	0.0000000
17.0960	0.0000000	0.0000000	0.0000000	0.0000000	0.0000000	0.0000000	0.0000000	0.0000000	0.0000000	0.0000000	0.0000000	0.0000000	0.0000000	0.0000000	0.0000000	0.0000000	0.0000000	0.0000000	0.0000000	0.0000000	0.0000000	0.0000000	0.0000000	0.0000000	0.0000000	0.0000000	0.0000000	0.0000000	0.0000000	0.0000000	0.0000000	0.0000000	0.0000000	0.0000000	0.0000000	0.0000000	0.0000000	0.0000000	0.0000000	0.0000000	0.0000000	2.6707804e-06	0.00029302864	0.016496038	0.48062285	7.1959252	54.501068	218.47929	542.94089	997.25390	1525.2784	2073.0242	2583.1578	2990.7500	3227.7888	3236.7579	2987.6284	2497.8508	1848.3448	1175.5063	620.46776	262.29766	86.457153	22.161848	4.5706201	0.81163620	0.13402650	0.021822706	0.0036255449	0.00062432806	0.00011189751	2.0845244e-05	2.2412070e-06	0.0000000	0.0000000	0.0000000	0.0000000	0.0000000	0.0000000	0.0000000	0.0000000
16.7760	0.0000000	0.0000000	0.0000000	0.0000000	0.0000000	0.0000000	0.0000000	0.0000000	0.0000000	0.0000000	0.0000000	0.0000000	0.0000000	0.0000000	0.0000000	0.0000000	0.0000000	0.0000000	0.0000000	0.0000000	0.0000000	0.0000000	0.0000000	0.0000000	0.0000000	0.0000000	0.0000000	0.0000000	0.0000000	0.0000000	0.0000000	0.0000000	0.0000000	0.0000000	0.0000000	0.0000000	0.0000000	0.0000000	0.0000000	0.0000000	0.0000000	2.0902192e-06	0.00023658049	0.013708676	0.41060581	6.3198913	49.262887	203.69292	523.45197	996.40724	1581.5965	2231.2079	2881.9057	3451.6771	3845.7004	3972.3607	3768.5972	3233.0275	2452.7614	1599.0783	865.65410	375.66982	127.25621	33.559934	7.1279634	1.3047461	0.22225615	0.037355730	0.0064106236	0.0011411253	0.00021158589	4.0815151e-05	4.4920009e-06	0.0000000	0.0000000	0.0000000	0.0000000	0.0000000	0.0000000	0.0000000	0.0000000
15.2620	0.0000000	0.0000000	0.0000000	0.0000000	0.0000000	0.0000000	0.0000000	0.0000000	0.0000000	0.0000000	0.0000000	0.0000000	0.0000000	0.0000000	0.0000000	0.0000000	0.0000000	0.0000000	0.0000000	0.0000000	0.0000000	0.0000000	0.0000000	0.0000000	0.0000000	0.0000000	0.0000000	0.0000000	0.0000000	0.0000000	0.0000000	0.0000000	0.0000000	0.0000000	0.0000000	0.0000000	0.0000000	0.0000000	0.0000000	0.0000000	0.0000000	3.8197070e-07	4.8078839e-05	0.0030750157	0.10079694	1.6817095	14.066532	61.772901	166.88291	330.84471	543.08947	788.95604	1047.8668	1290.8824	1481.2352	1579.4801	1552.2202	1385.7692	1100.4824	756.36773	435.18691	202.04410	73.321603	20.689591	4.6916671	0.91419496	0.16518545	0.029332341	0.0052249471	0.00095748179	0.00018256112	3.6191224e-05	4.1416318e-06	0.0000000	0.0000000	0.0000000	0.0000000	0.0000000	0.0000000	0.0000000	0.0000000
12.1240	0.0000000	0.0000000	0.0000000	0.0000000	0.0000000	0.0000000	0.0000000	0.0000000	0.0000000	0.0000000	0.0000000	0.0000000	0.0000000	0.0000000	0.0000000	0.0000000	0.0000000	0.0000000	0.0000000	0.0000000	0.0000000	0.0000000	0.0000000	0.0000000	0.0000000	0.0000000	0.0000000	0.0000000	0.0000000	0.0000000	0.0000000	0.0000000	0.0000000	0.0000000	0.0000000	0.0000000	0.0000000	0.0000000	0.0000000	0.0000000	0.0000000	2.8045702e-08	4.4144301e-06	0.00034364567	0.013398692	0.26088995	2.5082744	12.513460	38.068221	84.369497	153.70050	245.88048	356.68038	475.75170	585.78856	664.12438	687.28087	639.57808	532.32524	379.53131	223.60128	105.12600	38.414464	10.883229	2.4730607	0.48221187	0.087105362	0.015454455	0.0027871748	0.00051914920	0.00010031268	2.0087312e-05	2.3147764e-06	0.0000000	0.0000000	0.0000000	0.0000000	0.0000000	0.0000000	0.0000000	0.0000000
12.2640	0.0000000	0.0000000	0.0000000	0.0000000	0.0000000	0.0000000	0.0000000	0.0000000	0.0000000	0.0000000	0.0000000	0.0000000	0.0000000	0.0000000	0.0000000	0.0000000	0.0000000	0.0000000	0.0000000	0.0000000	0.0000000	0.0000000	0.0000000	0.0000000	0.0000000	0.0000000	0.0000000	0.0000000	0.0000000	0.0000000	0.0000000	0.0000000	0.0000000	0.0000000	0.0000000	0.0000000	0.0000000	0.0000000	0.0000000	0.0000000	0.0000000	2.9326277e-08	4.5728176e-06	0.00035402005	0.013773606	0.26831601	2.5850126	12.926768	39.393865	87.407338	159.35963	255.13042	370.54304	495.25331	611.47100	695.34963	721.72521	673.32435	552.33733	387.37677	224.57798	103.95813	37.430173	10.457693	2.3454026	0.45163769	0.080604023	0.014133643	0.0025196144	0.00046401303	8.8695928e-05	1.7587296e-05	2.0097637e-06	0.0000000	0.0000000	0.0000000	0.0000000	0.0000000	0.0000000	0.0000000	0.0000000
13.8250	0.0000000	0.0000000	0.0000000	0.0000000	0.0000000	0.0000000	0.0000000	0.0000000	0.0000000	0.0000000	0.0000000	0.0000000	0.0000000	0.0000000	0.0000000	0.0000000	0.0000000	0.0000000	0.0000000	0.0000000	0.0000000	0.0000000	0.0000000	0.0000000	0.0000000	0.0000000	0.0000000	0.0000000	0.0000000	0.0000000	0.0000000	0.0000000	0.0000000	0.0000000	0.0000000	0.0000000	0.0000000	0.0000000	0.0000000	0.0000000	0.0000000	5.3051123e-08	7.1165341e-06	0.00048523639	0.016999703	0.30421022	2.7379250	12.954110	37.660164	80.224735	141.26512	219.67025	311.64154	409.27386	499.42200	564.00029	583.39785	543.57940	445.73670	312.46816	181.02946	83.737068	30.131080	8.4156110	1.8881459	0.36423220	0.065228977	0.011497325	0.0020637229	0.00038315566	7.3880291e-05	1.4774462e-05	1.7007975e-06	0.0000000	0.0000000	0.0000000	0.0000000	0.0000000	0.0000000	0.0000000	0.0000000
15.4530	0.0000000	0.0000000	0.0000000	0.0000000	0.0000000	0.0000000	0.0000000	0.0000000	0.0000000	0.0000000	0.0000000	0.0000000	0.0000000	0.0000000	0.0000000	0.0000000	0.0000000	0.0000000	0.0000000	0.0000000	0.0000000	0.0000000	0.0000000	0.0000000	0.0000000	0.0000000	0.0000000	0.0000000	0.0000000	0.0000000	0.0000000	0.0000000	0.0000000	0.0000000	0.0000000	0.0000000	0.0000000	0.0000000	0.0000000	0.0000000	0.0000000	1.3514184e-07	1.6217075e-05	0.00098776491	0.030823842	0.48980237	3.9066546	16.385517	42.358480	80.506571	126.78552	176.59582	224.49987	263.92311	287.77473	290.03655	267.68624	222.77162	163.51078	102.89464	53.670732	22.416871	7.3042662	1.8529143	0.37878063	0.066803177	0.010980327	0.0017841633	0.00029667559	5.1302140e-05	9.2664892e-06	1.7463812e-06	1.9061240e-07	0.0000000	0.0000000	0.0000000	0.0000000	0.0000000	0.0000000	0.0000000	0.0000000
11.2500	0.0000000	0.0000000	0.0000000	0.0000000	0.0000000	0.0000000	0.0000000	0.0000000	0.0000000	0.0000000	0.0000000	0.0000000	0.0000000	0.0000000	0.0000000	0.0000000	0.0000000	0.0000000	0.0000000	0.0000000	0.0000000	0.0000000	0.0000000	0.0000000	0.0000000	0.0000000	0.0000000	0.0000000	0.0000000	0.0000000	0.0000000	0.0000000	0.0000000	0.0000000	0.0000000	0.0000000	0.0000000	0.0000000	0.0000000	0.0000000	0.0000000	7.1638833e-09	1.2308342e-06	0.00010345514	0.0043132776	0.089028145	0.90019324	4.6887881	14.798449	33.851437	63.381575	103.85737	153.92271	209.37107	262.51922	302.78157	318.60845	301.39876	250.78814	178.45553	104.97217	49.295994	18.000840	5.0985964	1.1589467	0.22618868	0.040915190	0.0072717891	0.0013139790	0.00024524131	4.7482541e-05	9.5264105e-06	1.0994645e-06	0.0000000	0.0000000	0.0000000	0.0000000	0.0000000	0.0000000	0.0000000	0.0000000
11.1290	0.0000000	0.0000000	0.0000000	0.0000000	0.0000000	0.0000000	0.0000000	0.0000000	0.0000000	0.0000000	0.0000000	0.0000000	0.0000000	0.0000000	0.0000000	0.0000000	0.0000000	0.0000000	0.0000000	0.0000000	0.0000000	0.0000000	0.0000000	0.0000000	0.0000000	0.0000000	0.0000000	0.0000000	0.0000000	0.0000000	0.0000000	0.0000000	0.0000000	0.0000000	0.0000000	0.0000000	0.0000000	0.0000000	0.0000000	0.0000000	0.0000000	5.4454706e-09	9.4654873e-07	8.0540329e-05	0.0034009241	0.071117163	0.72855009	3.8435845	12.278837	28.406326	53.738288	88.874802	132.78539	181.84226	229.19332	265.23737	279.44717	264.09684	219.10623	155.19242	67.071219	31.276829	11.332699	3.1836567	0.71762177	0.13889427	0.024921404	0.0049349755	0.00085350895	0.00014619938	2.8146874e-05	5.6211908e-06	6.4657517e-07	0.0000000	0.0000000	0.0000000	0.0000000	0.0000000	0.0000000	0.0000000	0.0000000
16.3360	0.0000000	0.0000000	0.0000000	0.0000000	0.0000000	0.0000000	0.0000000	0.0000000	0.0000000	0.0000000	0.0000000	0.0000000	0.0000000	0.0000000	0.0000000	0.0000000	0.0000000	0.0000000	0.0000000	0.0000000	0.0000000	0.0000000	0.0000000	0.0000000	0.0000000	0.0000000	0.0000000	0.0000000	0.0000000	0.0000000	0.0000000	0.0000000	0.0000000	0.0000000	0.0000000	0.0000000	0.0000000	0.0000000	0.0000000	0.0000000	0.0000000	5.6489351e-08	6.4061754e-06	0.00037103164	0.011088679	0.17002169	1.3173141	5.3996962	13.717781	25.742241	40.208381	55.783803	70.915229	83.709719	92.029935	93.890911	88.040162	74.676591	56.007487	36.092952	19.315258	8.2887690	2.7777047	0.72518954	0.15261280	0.027703337	0.0046846336	0.00078247357	0.00013359200	2.3682249e-05	4.3768082e-06	8.4208211e-07	9.3589427e-08	0.0000000	0.0000000	0.0000000	0.0000000	0.0000000	0.0000000	0.0000000	0.0000000
13.8900	0.0000000	0.0000000	0.0000000	0.0000000	0.0000000	0.0000000	0.0000000	0.0000000	0.0000000	0.0000000	0.0000000	0.0000000	0.0000000	0.0000000	0.0000000	0.0000000	0.0000000	0.0000000	0.0000000	0.0000000	0.0000000	0.0000000	0.0000000	0.0000000	0.0000000	0.0000000	0.0000000	0.0000000	0.0000000	0.0000000	0.0000000	0.0000000	0.0000000	0.0000000	0.0000000	0.0000000	0.0000000	0.0000000	0.0000000	0.0000000	0.0000000	1.8817448e-08	2.4366890e-06	0.00015998740	0.0053869157	0.092499280	0.79733419	3.6028496	9.9578704	20.059887	33.228842	48.376589	64.070797	78.835019	91.139574	99.257617	100.86453	93.036059	75.269468	51.671797	29.136814	13.054762	4.5334783	1.2188101	0.26276867	0.048663529	0.0083660684	0.0014166762	0.00024469334	4.3823545e-05	8.1778530e-06	1.5891669e-06	1.7860384e-07	0.0000000	0.0000000	0.0000000	0.0000000	0.0000000	0.0000000	0.0000000	0.0000000
16.0040	0.0000000	0.0000000	0.0000000	0.0000000	0.0000000	0.0000000	0.0000000	0.0000000	0.0000000	0.0000000	0.0000000	0.0000000	0.0000000	0.0000000	0.0000000	0.0000000	0.0000000	0.0000000	0.0000000	0.0000000	0.0000000	0.0000000	0.0000000	0.0000000	0.0000000	0.0000000	0.0000000	0.0000000	0.0000000	0.0000000	0.0000000	0.0000000	0.0000000	0.0000000	0.0000000	0.0000000	0.0000000	0.0000000	0.0000000	0.0000000	0.0000000	2.8906123e-08	3.4305226e-06	0.00020733963	0.0064385631	0.10211107	0.81542937	3.4364150	8.9605384	17.237330	27.552513	39.036948	50.568471	60.696902	67.736848	70.063932	66.548573	57.135657	43.346215	28.233857	15.254947	6.6009183	2.2277076	0.58512227	0.12378605	0.022575072	0.0038334460	0.00064282626	0.00011017165	1.9604992e-05	3.6369659e-06	7.0233249e-07	7.8339586e-08	0.0000000	0.0000000	0.0000000	0.0000000	0.0000000	0.0000000	0.0000000	0.0000000
10.7700	0.0000000	0.0000000	0.0000000	0.0000000	0.0000000	0.0000000	0.0000000	0.0000000	0.0000000	0.0000000	0.0000000	0.0000000	0.0000000	0.0000000	0.0000000	0.0000000	0.0000000	0.0000000	0.0000000	0.0000000	0.0000000	0.0000000	0.0000000	0.0000000	0.0000000	0.0000000	0.0000000	0.0000000	0.0000000	0.0000000	0.0000000	0.0000000	0.0000000	0.0000000	0.0000000	0.0000000	0.0000000	0.0000000	0.0000000	0.0000000	0.0000000	2.6883247e-09	4.8544559e-07	4.2744324e-05	0.0018619713	0.040055703	0.42093485	2.2700196	7.3784279	17.277338	32.936271	54.702684	81.888953	112.24336	141.61664	164.16251	173.40201	164.48521	137.16261	97.814504	57.707467	27.225054	10.011802	2.8649102	0.66042930	0.13130311	0.024311957	0.0044451823	0.00082970290	0.00015970809	3.0797807e-05	6.1593078e-06	7.0929649e-07	0.0000000	0.0000000	0.0000000	0.0000000	0.0000000	0.0000000	0.0000000	0.0000000
10.6570	0.0000000	0.0000000	0.0000000	0.0000000	0.0000000	0.0000000	0.0000000	0.0000000	0.0000000	0.0000000	0.0000000	0.0000000	0.0000000	0.0000000	0.0000000	0.0000000	0.0000000	0.0000000	0.0000000	0.0000000	0.0000000	0.0000000	0.0000000	0.0000000	0.0000000	0.0000000	0.0000000	0.0000000	0.0000000	0.0000000	0.0000000	0.0000000	0.0000000	0.0000000	0.0000000	0.0000000	0.0000000	0.0000000	0.0000000	0.0000000	0.0000000	1.5785199e-09	2.8880599e-07	2.5751003e-05	0.0011353616	0.024707774	0.26249396	1.4305906	4.7007548	11.136047	21.491981	36.155898	54.829968	76.099279	97.113492	113.68663	121.02000	115.40021	96.462452	68.740660	40.382765	18.895277	6.8614273	1.9296941	0.43504225	0.084171135	0.015097928	0.0026630790	0.00047819388	8.8836347e-05	1.7152658e-05	3.4389918e-06	3.9748071e-07	0.0000000	0.0000000	0.0000000	0.0000000	0.0000000	0.0000000	0.0000000	0.0000000
12.6800	0.0000000	0.0000000	0.0000000	0.0000000	0.0000000	0.0000000	0.0000000	0.0000000	0.0000000	0.0000000	0.0000000	0.0000000	0.0000000	0.0000000	0.0000000	0.0000000	0.0000000	0.0000000	0.0000000	0.0000000	0.0000000	0.0000000	0.0000000	0.0000000	0.0000000	0.0000000	0.0000000	0.0000000	0.0000000	0.0000000	0.0000000	0.0000000	0.0000000	0.0000000	0.0000000	0.0000000	0.0000000	0.0000000	0.0000000	0.0000000	0.0000000	6.0217024e-09	8.5113407e-07	6.0680424e-05	0.0022083774	0.040762244	0.37463512	1.7837509	5.1485762	10.771621	18.462475	27.771850	38.010069	48.164271	56.715617	61.822392	61.735807	55.522516	43.932303	29.733842	16.643148	7.4420856	2.5900132	0.69994363	0.15193337	0.028332818	0.0048990088	0.00083236632	0.00014374050	2.5617682e-05	4.7293650e-06	9.0342027e-07	9.9353711e-08	0.0000000	0.0000000	0.0000000	0.0000000	0.0000000	0.0000000	0.0000000	0.0000000
11.0230	0.0000000	0.0000000	0.0000000	0.0000000	0.0000000	0.0000000	0.0000000	0.0000000	0.0000000	0.0000000	0.0000000	0.0000000	0.0000000	0.0000000	0.0000000	0.0000000	0.0000000	0.0000000	0.0000000	0.0000000	0.0000000	0.0000000	0.0000000	0.0000000	0.0000000	0.0000000	0.0000000	0.0000000	0.0000000	0.0000000	0.0000000	0.0000000	0.0000000	0.0000000	0.0000000	0.0000000	0.0000000	0.0000000	0.0000000	0.0000000	0.0000000	1.0575197e-09	1.8868704e-07	1.6550346e-05	0.00072044371	0.015468667	0.16201265	0.87057469	2.8244710	6.6268884	12.723778	21.387367	32.512879	45.333843	58.179454	68.499466	73.359961	70.432871	59.344179	42.685787	25.351040	12.005307	4.4136880	1.2562846	0.28638235	0.055954697	0.010120125	0.0017970922	0.00032467837	6.0717173e-05	1.1814789e-05	2.3907827e-06	2.7932883e-07	0.0000000	0.0000000	0.0000000	0.0000000	0.0000000	0.0000000	0.0000000	0.0000000
10.1150	0.0000000	0.0000000	0.0000000	0.0000000	0.0000000	0.0000000	0.0000000	0.0000000	0.0000000	0.0000000	0.0000000	0.0000000	0.0000000	0.0000000	0.0000000	0.0000000	0.0000000	0.0000000	0.0000000	0.0000000	0.0000000	0.0000000	0.0000000	0.0000000	0.0000000	0.0000000	0.0000000	0.0000000	0.0000000	0.0000000	0.0000000	0.0000000	0.0000000	0.0000000	0.0000000	0.0000000	0.0000000	0.0000000	0.0000000	0.0000000	0.0000000	1.5956352e-10	3.1014660e-08	2.9219228e-06	0.00013548674	0.0030888962	0.034269786	0.19446164	0.66310003	1.6236353	3.2260628	5.5700630	8.6510535	12.285496	16.046735	19.250497	21.028571	20.602803	17.713177	12.993005	7.8640202	3.7982567	1.4277509	0.41702243	0.097866145	0.019722997	0.0036792840	0.00067286052	0.00012483142	2.3872474e-05	4.7273721e-06	9.6856411e-07	1.1400258e-07	0.0000000	0.0000000	0.0000000	0.0000000	0.0000000	0.0000000	0.0000000	0.0000000
