# DO NOT EDIT: written Thu Mar 14 18:48:37 2019 by wrt_emiss_fe17.pro
# faked emissivities [1e-23 ergs cm^3/s] for Fe17 lines from Del Zanna 2011, A&A 536, A59
# emissivities include ion balance, but not abundance, and are spline and ion balance jittered off of emiss_Fe17_00000.txt
# line 6 -- SEED, LOGT
# lines 7+ -- WVL, EMISSIVITY
      905402	4.00	4.05	4.10	4.15	4.20	4.25	4.30	4.35	4.40	4.45	4.50	4.55	4.60	4.65	4.70	4.75	4.80	4.85	4.90	4.95	5.00	5.05	5.10	5.15	5.20	5.25	5.30	5.35	5.40	5.45	5.50	5.55	5.60	5.65	5.70	5.75	5.80	5.85	5.90	5.95	6.00	6.05	6.10	6.15	6.20	6.25	6.30	6.35	6.40	6.45	6.50	6.55	6.60	6.65	6.70	6.75	6.80	6.85	6.90	6.95	7.00	7.05	7.10	7.15	7.20	7.25	7.30	7.35	7.40	7.45	7.50	7.55	7.60	7.65	7.70	7.75	7.80	7.85	7.90	7.95	8.00
15.0130	0.0000000	0.0000000	0.0000000	0.0000000	0.0000000	0.0000000	0.0000000	0.0000000	0.0000000	0.0000000	0.0000000	0.0000000	0.0000000	0.0000000	0.0000000	0.0000000	0.0000000	0.0000000	0.0000000	0.0000000	0.0000000	0.0000000	0.0000000	0.0000000	0.0000000	0.0000000	0.0000000	0.0000000	0.0000000	0.0000000	0.0000000	0.0000000	0.0000000	0.0000000	0.0000000	0.0000000	0.0000000	0.0000000	0.0000000	0.0000000	2.8806690e-07	4.1558139e-05	0.0029882774	0.11004344	2.0849487	20.371455	108.12656	351.31069	803.26762	1466.4964	2320.4179	3318.6299	4372.8367	5344.1445	6051.7739	6306.3617	5969.7852	5036.3176	3691.2150	2277.2274	1134.5672	437.30073	129.17916	29.746833	5.6988181	0.98845802	0.16634967	0.029079201	0.0056204891	0.0011795028	0.00023750125	4.1798202e-05	0.0000000	0.0000000	0.0000000	0.0000000	0.0000000	0.0000000	0.0000000	0.0000000	0.0000000
17.0510	0.0000000	0.0000000	0.0000000	0.0000000	0.0000000	0.0000000	0.0000000	0.0000000	0.0000000	0.0000000	0.0000000	0.0000000	0.0000000	0.0000000	0.0000000	0.0000000	0.0000000	0.0000000	0.0000000	0.0000000	0.0000000	0.0000000	0.0000000	0.0000000	0.0000000	0.0000000	0.0000000	0.0000000	0.0000000	0.0000000	0.0000000	0.0000000	0.0000000	0.0000000	0.0000000	0.0000000	0.0000000	0.0000000	0.0000000	0.0000000	5.4536829e-07	6.9514900e-05	0.0044809994	0.14962679	2.5921379	23.312082	114.51164	346.04205	739.41413	1267.3056	1890.3676	2557.6748	3197.5188	3716.4089	4010.1524	3988.5343	3608.3398	2910.2721	2037.7410	1198.9617	571.24370	212.76124	60.679236	13.495259	2.5090024	0.42650105	0.071233182	0.012216284	0.0022034453	0.00042102875	8.4754614e-05	1.5128832e-05	0.0000000	0.0000000	0.0000000	0.0000000	0.0000000	0.0000000	0.0000000	0.0000000	0.0000000
17.0960	0.0000000	0.0000000	0.0000000	0.0000000	0.0000000	0.0000000	0.0000000	0.0000000	0.0000000	0.0000000	0.0000000	0.0000000	0.0000000	0.0000000	0.0000000	0.0000000	0.0000000	0.0000000	0.0000000	0.0000000	0.0000000	0.0000000	0.0000000	0.0000000	0.0000000	0.0000000	0.0000000	0.0000000	0.0000000	0.0000000	0.0000000	0.0000000	0.0000000	0.0000000	0.0000000	0.0000000	0.0000000	0.0000000	0.0000000	0.0000000	5.3496077e-07	6.6972866e-05	0.0042430197	0.13960826	2.3931375	21.375248	104.51966	314.60811	669.19643	1140.0136	1686.8243	2259.2975	2789.9814	3195.7931	3390.7581	3308.3330	2929.4334	2308.9876	1578.6579	906.78150	421.91768	153.61526	42.908741	9.3644122	1.7063992	0.28291358	0.045686738	0.0074809164	0.0012676185	0.00022358567	4.1081955e-05	6.7486152e-06	0.0000000	0.0000000	0.0000000	0.0000000	0.0000000	0.0000000	0.0000000	0.0000000	0.0000000
16.7760	0.0000000	0.0000000	0.0000000	0.0000000	0.0000000	0.0000000	0.0000000	0.0000000	0.0000000	0.0000000	0.0000000	0.0000000	0.0000000	0.0000000	0.0000000	0.0000000	0.0000000	0.0000000	0.0000000	0.0000000	0.0000000	0.0000000	0.0000000	0.0000000	0.0000000	0.0000000	0.0000000	0.0000000	0.0000000	0.0000000	0.0000000	0.0000000	0.0000000	0.0000000	0.0000000	0.0000000	0.0000000	0.0000000	0.0000000	0.0000000	4.0641760e-07	5.1845634e-05	0.0033315016	0.11068301	1.9090496	17.121373	84.027327	254.16557	544.43668	936.18134	1401.1784	1901.0912	2379.3084	2763.3703	2975.6664	2950.8206	2660.6340	2140.2077	1497.2225	882.48393	422.63389	158.87670	45.955013	10.412245	1.9740843	0.34114251	0.057497375	0.0098358916	0.0017424775	0.00032149344	6.1806924e-05	1.0621507e-05	0.0000000	0.0000000	0.0000000	0.0000000	0.0000000	0.0000000	0.0000000	0.0000000	0.0000000
15.2620	0.0000000	0.0000000	0.0000000	0.0000000	0.0000000	0.0000000	0.0000000	0.0000000	0.0000000	0.0000000	0.0000000	0.0000000	0.0000000	0.0000000	0.0000000	0.0000000	0.0000000	0.0000000	0.0000000	0.0000000	0.0000000	0.0000000	0.0000000	0.0000000	0.0000000	0.0000000	0.0000000	0.0000000	0.0000000	0.0000000	0.0000000	0.0000000	0.0000000	0.0000000	0.0000000	0.0000000	0.0000000	0.0000000	0.0000000	0.0000000	7.8709972e-08	1.1234869e-05	0.00080259410	0.029464459	0.55796683	5.4571324	29.013261	94.489882	216.77148	397.59708	633.16326	913.16477	1212.7157	1487.3814	1677.0034	1719.6211	1576.1034	1266.2828	886.05211	537.33496	279.69632	119.92450	37.127048	8.7364792	1.7171567	0.30698056	0.053399731	0.0094053521	0.0017114169	0.00032357750	6.3632689e-05	1.1174199e-05	0.0000000	0.0000000	0.0000000	0.0000000	0.0000000	0.0000000	0.0000000	0.0000000	0.0000000
12.1240	0.0000000	0.0000000	0.0000000	0.0000000	0.0000000	0.0000000	0.0000000	0.0000000	0.0000000	0.0000000	0.0000000	0.0000000	0.0000000	0.0000000	0.0000000	0.0000000	0.0000000	0.0000000	0.0000000	0.0000000	0.0000000	0.0000000	0.0000000	0.0000000	0.0000000	0.0000000	0.0000000	0.0000000	0.0000000	0.0000000	0.0000000	0.0000000	0.0000000	0.0000000	0.0000000	0.0000000	0.0000000	0.0000000	0.0000000	0.0000000	5.3478296e-09	9.9787727e-07	9.0313315e-05	0.0040767328	0.092263617	1.0513193	6.3738851	23.255801	58.901464	117.77924	202.21222	311.19053	437.80269	567.07889	676.11558	737.52623	727.17154	636.14597	481.58013	305.75972	157.05564	63.065030	19.409411	4.6615451	0.93322662	0.16958730	0.029925459	0.0053358471	0.00098089961	0.00018698549	3.6988955e-05	6.5170526e-06	0.0000000	0.0000000	0.0000000	0.0000000	0.0000000	0.0000000	0.0000000	0.0000000	0.0000000
12.2640	0.0000000	0.0000000	0.0000000	0.0000000	0.0000000	0.0000000	0.0000000	0.0000000	0.0000000	0.0000000	0.0000000	0.0000000	0.0000000	0.0000000	0.0000000	0.0000000	0.0000000	0.0000000	0.0000000	0.0000000	0.0000000	0.0000000	0.0000000	0.0000000	0.0000000	0.0000000	0.0000000	0.0000000	0.0000000	0.0000000	0.0000000	0.0000000	0.0000000	0.0000000	0.0000000	0.0000000	0.0000000	0.0000000	0.0000000	0.0000000	5.5227781e-09	9.9082746e-07	8.6501933e-05	0.0037861413	0.083642254	0.93623506	5.6006391	20.208369	50.641572	100.15832	169.94943	258.36611	359.12471	459.91280	542.53266	585.81412	571.87595	495.35975	371.27659	233.42986	118.80361	47.311389	14.458271	3.4529338	0.68843549	0.12477280	0.021990521	0.0039218069	0.00072215984	0.00013810475	2.7451786e-05	4.8687077e-06	0.0000000	0.0000000	0.0000000	0.0000000	0.0000000	0.0000000	0.0000000	0.0000000	0.0000000
13.8250	0.0000000	0.0000000	0.0000000	0.0000000	0.0000000	0.0000000	0.0000000	0.0000000	0.0000000	0.0000000	0.0000000	0.0000000	0.0000000	0.0000000	0.0000000	0.0000000	0.0000000	0.0000000	0.0000000	0.0000000	0.0000000	0.0000000	0.0000000	0.0000000	0.0000000	0.0000000	0.0000000	0.0000000	0.0000000	0.0000000	0.0000000	0.0000000	0.0000000	0.0000000	0.0000000	0.0000000	0.0000000	0.0000000	0.0000000	0.0000000	1.1253432e-08	1.7242464e-06	0.00013173749	0.0051661748	0.088769775	0.80781501	4.5886288	15.914909	38.629368	74.419860	123.63945	184.94159	254.18572	323.56266	381.36937	413.17687	405.90169	354.38690	267.81981	169.66411	90.987488	38.114065	12.081537	2.9580520	0.59927373	0.10967022	0.019432669	0.0034749714	0.00064079699	0.00012272428	2.4458526e-05	4.3538633e-06	0.0000000	0.0000000	0.0000000	0.0000000	0.0000000	0.0000000	0.0000000	0.0000000	0.0000000
15.4530	0.0000000	0.0000000	0.0000000	0.0000000	0.0000000	0.0000000	0.0000000	0.0000000	0.0000000	0.0000000	0.0000000	0.0000000	0.0000000	0.0000000	0.0000000	0.0000000	0.0000000	0.0000000	0.0000000	0.0000000	0.0000000	0.0000000	0.0000000	0.0000000	0.0000000	0.0000000	0.0000000	0.0000000	0.0000000	0.0000000	0.0000000	0.0000000	0.0000000	0.0000000	0.0000000	0.0000000	0.0000000	0.0000000	0.0000000	0.0000000	3.1231756e-08	4.2936881e-06	0.00029484139	0.010380835	0.18811016	1.7567973	8.9002446	27.554505	59.917558	103.82219	155.60431	210.39065	261.57339	300.95006	320.06079	312.48170	276.52934	217.64777	148.54191	85.188265	39.608271	14.430268	3.8948984	0.82168392	0.14569515	0.023693842	0.0037882974	0.00062079031	0.00010654796	1.9253869e-05	3.6490567e-06	6.1939187e-07	0.0000000	0.0000000	0.0000000	0.0000000	0.0000000	0.0000000	0.0000000	0.0000000	0.0000000
11.2500	0.0000000	0.0000000	0.0000000	0.0000000	0.0000000	0.0000000	0.0000000	0.0000000	0.0000000	0.0000000	0.0000000	0.0000000	0.0000000	0.0000000	0.0000000	0.0000000	0.0000000	0.0000000	0.0000000	0.0000000	0.0000000	0.0000000	0.0000000	0.0000000	0.0000000	0.0000000	0.0000000	0.0000000	0.0000000	0.0000000	0.0000000	0.0000000	0.0000000	0.0000000	0.0000000	0.0000000	0.0000000	0.0000000	0.0000000	0.0000000	8.5589427e-10	1.7468024e-07	1.7103321e-05	0.00082869744	0.020029977	0.24278856	1.5679788	6.3858004	18.082694	39.990157	74.324440	121.60765	179.22688	240.24049	293.34731	324.86442	322.85059	283.05756	213.84173	135.13439	69.022610	27.581508	8.4690872	2.0380645	0.41133655	0.075946917	0.013732527	0.0025251332	0.00048047848	9.2023551e-05	1.8273456e-05	3.2329969e-06	0.0000000	0.0000000	0.0000000	0.0000000	0.0000000	0.0000000	0.0000000	0.0000000	0.0000000
11.1290	0.0000000	0.0000000	0.0000000	0.0000000	0.0000000	0.0000000	0.0000000	0.0000000	0.0000000	0.0000000	0.0000000	0.0000000	0.0000000	0.0000000	0.0000000	0.0000000	0.0000000	0.0000000	0.0000000	0.0000000	0.0000000	0.0000000	0.0000000	0.0000000	0.0000000	0.0000000	0.0000000	0.0000000	0.0000000	0.0000000	0.0000000	0.0000000	0.0000000	0.0000000	0.0000000	0.0000000	0.0000000	0.0000000	0.0000000	0.0000000	7.7300396e-10	1.5965290e-07	1.5799969e-05	0.00077296279	0.018846439	0.23024675	1.4888999	5.7604867	15.375998	32.206200	57.572622	91.759509	133.08901	177.03793	215.99257	240.29199	240.88375	213.65138	163.55681	104.77590	51.346275	19.010876	5.3655773	1.2061755	0.24232439	0.044188745	0.0078244766	0.0013999501	0.00025825470	4.9407549e-05	9.8107491e-06	1.7355672e-06	0.0000000	0.0000000	0.0000000	0.0000000	0.0000000	0.0000000	0.0000000	0.0000000	0.0000000
16.3360	0.0000000	0.0000000	0.0000000	0.0000000	0.0000000	0.0000000	0.0000000	0.0000000	0.0000000	0.0000000	0.0000000	0.0000000	0.0000000	0.0000000	0.0000000	0.0000000	0.0000000	0.0000000	0.0000000	0.0000000	0.0000000	0.0000000	0.0000000	0.0000000	0.0000000	0.0000000	0.0000000	0.0000000	0.0000000	0.0000000	0.0000000	0.0000000	0.0000000	0.0000000	0.0000000	0.0000000	0.0000000	0.0000000	0.0000000	0.0000000	1.1844342e-08	1.5492497e-06	0.00010177416	0.0034451164	0.060368981	0.54848471	2.7171005	8.2610615	17.706657	30.322553	45.018823	60.423255	74.718197	85.702077	91.101403	89.136542	79.254586	62.819744	43.258662	25.076441	11.805607	4.3620703	1.2403867	0.27643883	0.051589968	0.0087822153	0.0014593295	0.00024635348	4.3107290e-05	7.8623455e-06	1.4953486e-06	2.5443532e-07	0.0000000	0.0000000	0.0000000	0.0000000	0.0000000	0.0000000	0.0000000	0.0000000	0.0000000
13.8900	0.0000000	0.0000000	0.0000000	0.0000000	0.0000000	0.0000000	0.0000000	0.0000000	0.0000000	0.0000000	0.0000000	0.0000000	0.0000000	0.0000000	0.0000000	0.0000000	0.0000000	0.0000000	0.0000000	0.0000000	0.0000000	0.0000000	0.0000000	0.0000000	0.0000000	0.0000000	0.0000000	0.0000000	0.0000000	0.0000000	0.0000000	0.0000000	0.0000000	0.0000000	0.0000000	0.0000000	0.0000000	0.0000000	0.0000000	0.0000000	4.2834894e-09	6.3671826e-07	4.7094407e-05	0.0017850016	0.034546916	0.34051751	1.8021986	5.7491838	12.699594	22.126719	33.132657	46.142983	60.216914	72.722842	81.349510	83.713333	78.201257	65.013828	46.849337	28.332268	13.873282	5.3175019	1.5650406	0.36029217	0.069339524	0.012155504	0.0020771596	0.00036010250	6.4623512e-05	1.2072833e-05	2.3491472e-06	4.0851980e-07	0.0000000	0.0000000	0.0000000	0.0000000	0.0000000	0.0000000	0.0000000	0.0000000	0.0000000
16.0040	0.0000000	0.0000000	0.0000000	0.0000000	0.0000000	0.0000000	0.0000000	0.0000000	0.0000000	0.0000000	0.0000000	0.0000000	0.0000000	0.0000000	0.0000000	0.0000000	0.0000000	0.0000000	0.0000000	0.0000000	0.0000000	0.0000000	0.0000000	0.0000000	0.0000000	0.0000000	0.0000000	0.0000000	0.0000000	0.0000000	0.0000000	0.0000000	0.0000000	0.0000000	0.0000000	0.0000000	0.0000000	0.0000000	0.0000000	0.0000000	7.8924447e-09	1.0543605e-06	7.0672633e-05	0.0024355620	0.043300665	0.39774843	1.9876022	6.0897518	13.154595	22.721113	34.043962	46.130076	57.599771	66.722591	71.664855	70.913697	63.840619	51.296706	35.845472	21.098805	10.085713	3.7820663	1.0906619	0.24632629	0.046555929	0.0080213577	0.0013482998	0.00023013357	4.0697857e-05	7.4984012e-06	1.4397824e-06	2.4714250e-07	0.0000000	0.0000000	0.0000000	0.0000000	0.0000000	0.0000000	0.0000000	0.0000000	0.0000000
10.7700	0.0000000	0.0000000	0.0000000	0.0000000	0.0000000	0.0000000	0.0000000	0.0000000	0.0000000	0.0000000	0.0000000	0.0000000	0.0000000	0.0000000	0.0000000	0.0000000	0.0000000	0.0000000	0.0000000	0.0000000	0.0000000	0.0000000	0.0000000	0.0000000	0.0000000	0.0000000	0.0000000	0.0000000	0.0000000	0.0000000	0.0000000	0.0000000	0.0000000	0.0000000	0.0000000	0.0000000	0.0000000	0.0000000	0.0000000	0.0000000	3.4654224e-10	7.4535856e-08	7.6655978e-06	0.00038918395	0.0098379004	0.12448028	0.83242983	3.3221348	9.1101995	19.509704	35.504352	57.401927	84.229088	113.15727	139.30995	156.28852	157.87707	140.98562	108.56448	69.886417	36.297736	14.706325	4.5595924	1.1019338	0.22184957	0.040538251	0.0071927776	0.0012895539	0.00023837699	4.5699567e-05	9.0939153e-06	1.6123651e-06	0.0000000	0.0000000	0.0000000	0.0000000	0.0000000	0.0000000	0.0000000	0.0000000	0.0000000
10.6570	0.0000000	0.0000000	0.0000000	0.0000000	0.0000000	0.0000000	0.0000000	0.0000000	0.0000000	0.0000000	0.0000000	0.0000000	0.0000000	0.0000000	0.0000000	0.0000000	0.0000000	0.0000000	0.0000000	0.0000000	0.0000000	0.0000000	0.0000000	0.0000000	0.0000000	0.0000000	0.0000000	0.0000000	0.0000000	0.0000000	0.0000000	0.0000000	0.0000000	0.0000000	0.0000000	0.0000000	0.0000000	0.0000000	0.0000000	0.0000000	1.5648352e-10	3.4206807e-08	3.5632028e-06	0.00018266713	0.0046699222	0.060213804	0.40996074	1.6643895	4.6415790	10.107448	18.695750	30.698194	45.686366	62.121687	77.200086	87.239698	88.628435	79.482273	61.385023	39.588381	20.577669	8.3348174	2.5806878	0.62222684	0.12486796	0.022730398	0.0040180144	0.00071808516	0.00013244314	2.5363972e-05	5.0485877e-06	8.9660621e-07	0.0000000	0.0000000	0.0000000	0.0000000	0.0000000	0.0000000	0.0000000	0.0000000	0.0000000
12.6800	0.0000000	0.0000000	0.0000000	0.0000000	0.0000000	0.0000000	0.0000000	0.0000000	0.0000000	0.0000000	0.0000000	0.0000000	0.0000000	0.0000000	0.0000000	0.0000000	0.0000000	0.0000000	0.0000000	0.0000000	0.0000000	0.0000000	0.0000000	0.0000000	0.0000000	0.0000000	0.0000000	0.0000000	0.0000000	0.0000000	0.0000000	0.0000000	0.0000000	0.0000000	0.0000000	0.0000000	0.0000000	0.0000000	0.0000000	0.0000000	1.0424279e-09	1.6964926e-07	1.3608239e-05	0.00055515490	0.011594530	0.12411128	0.71392476	2.4692791	5.8936582	11.040927	17.677396	25.328073	33.265806	40.491064	45.671678	47.403255	44.665720	37.439056	27.186458	16.578265	8.1928995	3.1718637	0.94362198	0.21970727	0.042768434	0.0075795761	0.0013081825	0.00022877159	4.1353188e-05	7.7694620e-06	1.5179829e-06	2.6467765e-07	0.0000000	0.0000000	0.0000000	0.0000000	0.0000000	0.0000000	0.0000000	0.0000000	0.0000000
11.0230	0.0000000	0.0000000	0.0000000	0.0000000	0.0000000	0.0000000	0.0000000	0.0000000	0.0000000	0.0000000	0.0000000	0.0000000	0.0000000	0.0000000	0.0000000	0.0000000	0.0000000	0.0000000	0.0000000	0.0000000	0.0000000	0.0000000	0.0000000	0.0000000	0.0000000	0.0000000	0.0000000	0.0000000	0.0000000	0.0000000	0.0000000	0.0000000	0.0000000	0.0000000	0.0000000	0.0000000	0.0000000	0.0000000	0.0000000	0.0000000	1.1525567e-10	2.4270060e-08	2.4658114e-06	0.00012437456	0.0031268376	0.039234218	0.25947918	1.0229944	2.7746957	5.8983888	10.710831	17.368336	25.663580	34.809992	43.317771	49.127303	50.176950	45.332544	35.351077	23.077196	12.173434	5.0140820	1.5803690	0.38793876	0.079212674	0.014654611	0.0026284845	0.00047577275	8.8781116e-05	1.7198371e-05	3.4637917e-06	6.2276883e-07	0.0000000	0.0000000	0.0000000	0.0000000	0.0000000	0.0000000	0.0000000	0.0000000	0.0000000
10.1150	0.0000000	0.0000000	0.0000000	0.0000000	0.0000000	0.0000000	0.0000000	0.0000000	0.0000000	0.0000000	0.0000000	0.0000000	0.0000000	0.0000000	0.0000000	0.0000000	0.0000000	0.0000000	0.0000000	0.0000000	0.0000000	0.0000000	0.0000000	0.0000000	0.0000000	0.0000000	0.0000000	0.0000000	0.0000000	0.0000000	0.0000000	0.0000000	0.0000000	0.0000000	0.0000000	0.0000000	0.0000000	0.0000000	0.0000000	0.0000000	1.5100963e-11	3.5739298e-09	4.0188614e-07	2.2726096e-05	0.00063695707	0.0089043875	0.065519007	0.28554421	0.84573764	1.9272825	3.6634962	6.0506566	8.8449482	11.868409	14.938783	17.409592	18.378571	17.120940	13.710938	9.1494876	4.9106221	2.0512626	0.65473338	0.16275602	0.033689018	0.0063284411	0.0011541527	0.00021256420	4.0327579e-05	7.9256228e-06	1.6146430e-06	2.9265880e-07	0.0000000	0.0000000	0.0000000	0.0000000	0.0000000	0.0000000	0.0000000	0.0000000	0.0000000
