# DO NOT EDIT: written Thu Mar 14 18:48:37 2019 by wrt_emiss_fe17.pro
# faked emissivities [1e-23 ergs cm^3/s] for Fe17 lines from Del Zanna 2011, A&A 536, A59
# emissivities include ion balance, but not abundance, and are spline and ion balance jittered off of emiss_Fe17_00000.txt
# line 6 -- SEED, LOGT
# lines 7+ -- WVL, EMISSIVITY
      935539	4.00	4.05	4.10	4.15	4.20	4.25	4.30	4.35	4.40	4.45	4.50	4.55	4.60	4.65	4.70	4.75	4.80	4.85	4.90	4.95	5.00	5.05	5.10	5.15	5.20	5.25	5.30	5.35	5.40	5.45	5.50	5.55	5.60	5.65	5.70	5.75	5.80	5.85	5.90	5.95	6.00	6.05	6.10	6.15	6.20	6.25	6.30	6.35	6.40	6.45	6.50	6.55	6.60	6.65	6.70	6.75	6.80	6.85	6.90	6.95	7.00	7.05	7.10	7.15	7.20	7.25	7.30	7.35	7.40	7.45	7.50	7.55	7.60	7.65	7.70	7.75	7.80	7.85	7.90	7.95	8.00
15.0130	0.0000000	0.0000000	0.0000000	0.0000000	0.0000000	0.0000000	0.0000000	0.0000000	0.0000000	0.0000000	0.0000000	0.0000000	0.0000000	0.0000000	0.0000000	0.0000000	0.0000000	0.0000000	0.0000000	0.0000000	0.0000000	0.0000000	0.0000000	0.0000000	0.0000000	0.0000000	0.0000000	0.0000000	0.0000000	0.0000000	0.0000000	0.0000000	0.0000000	0.0000000	0.0000000	0.0000000	0.0000000	0.0000000	0.0000000	0.0000000	1.5970371e-07	2.2861249e-05	0.0016241420	0.059778268	1.1522719	11.991229	69.055631	239.70896	569.06518	1059.1275	1694.1391	2441.0230	3237.0147	3982.1941	4543.8581	4779.4515	4577.9895	3919.9008	2925.6556	1843.8506	945.02100	379.49150	116.60854	27.839839	5.5186127	0.99109895	0.17280863	0.030469519	0.0055471028	0.0010489646	0.00020631111	3.8710977e-05	0.0000000	0.0000000	0.0000000	0.0000000	0.0000000	0.0000000	0.0000000	0.0000000	0.0000000
17.0510	0.0000000	0.0000000	0.0000000	0.0000000	0.0000000	0.0000000	0.0000000	0.0000000	0.0000000	0.0000000	0.0000000	0.0000000	0.0000000	0.0000000	0.0000000	0.0000000	0.0000000	0.0000000	0.0000000	0.0000000	0.0000000	0.0000000	0.0000000	0.0000000	0.0000000	0.0000000	0.0000000	0.0000000	0.0000000	0.0000000	0.0000000	0.0000000	0.0000000	0.0000000	0.0000000	0.0000000	0.0000000	0.0000000	0.0000000	0.0000000	4.1538335e-07	5.3990480e-05	0.0035289145	0.12066279	2.1743123	20.800650	110.25537	353.33526	776.27145	1339.8226	1991.4806	2671.1977	3302.7430	3793.9944	4048.4457	3989.0134	3586.6289	2889.5397	2034.2687	1212.7128	589.86915	225.68520	66.351861	15.220055	2.9102275	0.50595680	0.085663634	0.014703084	0.0026105669	0.00048204916	9.2604275e-05	1.6957359e-05	0.0000000	0.0000000	0.0000000	0.0000000	0.0000000	0.0000000	0.0000000	0.0000000	0.0000000
17.0960	0.0000000	0.0000000	0.0000000	0.0000000	0.0000000	0.0000000	0.0000000	0.0000000	0.0000000	0.0000000	0.0000000	0.0000000	0.0000000	0.0000000	0.0000000	0.0000000	0.0000000	0.0000000	0.0000000	0.0000000	0.0000000	0.0000000	0.0000000	0.0000000	0.0000000	0.0000000	0.0000000	0.0000000	0.0000000	0.0000000	0.0000000	0.0000000	0.0000000	0.0000000	0.0000000	0.0000000	0.0000000	0.0000000	0.0000000	0.0000000	4.3587809e-07	5.5010697e-05	0.0034864778	0.11567129	2.0272672	18.905166	97.855886	306.74011	660.51356	1119.8133	1637.8193	2165.2573	2642.6337	3000.4190	3168.2799	3092.3125	2755.8999	2201.3292	1535.9504	905.78246	434.21986	162.84741	46.629484	10.350166	1.9029444	0.31615627	0.050850703	0.0082508622	0.0013807366	0.00024001931	4.3436376e-05	7.5117340e-06	0.0000000	0.0000000	0.0000000	0.0000000	0.0000000	0.0000000	0.0000000	0.0000000	0.0000000
16.7760	0.0000000	0.0000000	0.0000000	0.0000000	0.0000000	0.0000000	0.0000000	0.0000000	0.0000000	0.0000000	0.0000000	0.0000000	0.0000000	0.0000000	0.0000000	0.0000000	0.0000000	0.0000000	0.0000000	0.0000000	0.0000000	0.0000000	0.0000000	0.0000000	0.0000000	0.0000000	0.0000000	0.0000000	0.0000000	0.0000000	0.0000000	0.0000000	0.0000000	0.0000000	0.0000000	0.0000000	0.0000000	0.0000000	0.0000000	0.0000000	2.8927355e-07	3.8063879e-05	0.0025083976	0.086308404	1.5661876	15.116029	81.012568	263.10504	587.06304	1030.8204	1560.0174	2130.1566	2677.1869	3119.9676	3371.6385	3358.8416	3048.0580	2474.0747	1751.7173	1048.0769	510.37993	194.91416	57.024826	12.985703	2.4608097	0.42355094	0.070964584	0.012055206	0.0021198784	0.00038812431	7.4047169e-05	1.3493773e-05	0.0000000	0.0000000	0.0000000	0.0000000	0.0000000	0.0000000	0.0000000	0.0000000	0.0000000
15.2620	0.0000000	0.0000000	0.0000000	0.0000000	0.0000000	0.0000000	0.0000000	0.0000000	0.0000000	0.0000000	0.0000000	0.0000000	0.0000000	0.0000000	0.0000000	0.0000000	0.0000000	0.0000000	0.0000000	0.0000000	0.0000000	0.0000000	0.0000000	0.0000000	0.0000000	0.0000000	0.0000000	0.0000000	0.0000000	0.0000000	0.0000000	0.0000000	0.0000000	0.0000000	0.0000000	0.0000000	0.0000000	0.0000000	0.0000000	0.0000000	5.2026334e-08	7.5668507e-06	0.00054760840	0.020566820	0.40480115	4.2095646	24.151987	83.481251	197.25185	365.29483	581.40982	833.83086	1100.8767	1348.4472	1531.8142	1603.6425	1528.1450	1301.1826	965.37305	604.58912	307.83112	122.77420	37.461405	8.8802343	1.7478496	0.31172563	0.053990567	0.0094599070	0.0017122947	0.00032213428	6.3079853e-05	1.1793564e-05	0.0000000	0.0000000	0.0000000	0.0000000	0.0000000	0.0000000	0.0000000	0.0000000	0.0000000
12.1240	0.0000000	0.0000000	0.0000000	0.0000000	0.0000000	0.0000000	0.0000000	0.0000000	0.0000000	0.0000000	0.0000000	0.0000000	0.0000000	0.0000000	0.0000000	0.0000000	0.0000000	0.0000000	0.0000000	0.0000000	0.0000000	0.0000000	0.0000000	0.0000000	0.0000000	0.0000000	0.0000000	0.0000000	0.0000000	0.0000000	0.0000000	0.0000000	0.0000000	0.0000000	0.0000000	0.0000000	0.0000000	0.0000000	0.0000000	0.0000000	3.2629434e-09	6.0366696e-07	5.3781340e-05	0.0024154506	0.055423571	0.67266217	4.4292148	17.312986	45.690857	93.466515	162.65568	252.63205	358.03992	466.95499	560.78801	616.92463	614.66297	544.84999	419.21412	271.32160	142.30130	58.286114	18.215431	4.4132749	0.88624978	0.16098081	0.028345600	0.0050398854	0.00092400626	0.00017574758	3.4718766e-05	6.5324558e-06	0.0000000	0.0000000	0.0000000	0.0000000	0.0000000	0.0000000	0.0000000	0.0000000	0.0000000
12.2640	0.0000000	0.0000000	0.0000000	0.0000000	0.0000000	0.0000000	0.0000000	0.0000000	0.0000000	0.0000000	0.0000000	0.0000000	0.0000000	0.0000000	0.0000000	0.0000000	0.0000000	0.0000000	0.0000000	0.0000000	0.0000000	0.0000000	0.0000000	0.0000000	0.0000000	0.0000000	0.0000000	0.0000000	0.0000000	0.0000000	0.0000000	0.0000000	0.0000000	0.0000000	0.0000000	0.0000000	0.0000000	0.0000000	0.0000000	0.0000000	3.3425795e-09	6.2226561e-07	5.6112325e-05	0.0025643650	0.060148499	0.73193619	4.8357311	18.969815	50.202611	102.89067	179.26003	278.59422	395.01266	515.55320	619.74788	682.39426	680.24936	602.91635	463.45015	299.47300	156.76224	64.079554	19.987666	4.8345569	0.96943854	0.17584231	0.030915125	0.0054870881	0.0010039062	0.00019047311	3.7518032e-05	7.0352830e-06	0.0000000	0.0000000	0.0000000	0.0000000	0.0000000	0.0000000	0.0000000	0.0000000	0.0000000
13.8250	0.0000000	0.0000000	0.0000000	0.0000000	0.0000000	0.0000000	0.0000000	0.0000000	0.0000000	0.0000000	0.0000000	0.0000000	0.0000000	0.0000000	0.0000000	0.0000000	0.0000000	0.0000000	0.0000000	0.0000000	0.0000000	0.0000000	0.0000000	0.0000000	0.0000000	0.0000000	0.0000000	0.0000000	0.0000000	0.0000000	0.0000000	0.0000000	0.0000000	0.0000000	0.0000000	0.0000000	0.0000000	0.0000000	0.0000000	0.0000000	7.2955035e-09	1.1245012e-06	8.5374127e-05	0.0033499643	0.068961645	0.75295241	4.5494375	16.567785	41.130641	79.753328	132.52289	197.97429	271.95244	346.64631	410.16029	447.48085	444.29868	393.67325	303.21140	196.53582	103.27829	42.411761	13.300066	3.2366042	0.65365684	0.11961473	0.021257707	0.0038216865	0.00070958482	0.00013685617	2.7439830e-05	5.2428668e-06	0.0000000	0.0000000	0.0000000	0.0000000	0.0000000	0.0000000	0.0000000	0.0000000	0.0000000
15.4530	0.0000000	0.0000000	0.0000000	0.0000000	0.0000000	0.0000000	0.0000000	0.0000000	0.0000000	0.0000000	0.0000000	0.0000000	0.0000000	0.0000000	0.0000000	0.0000000	0.0000000	0.0000000	0.0000000	0.0000000	0.0000000	0.0000000	0.0000000	0.0000000	0.0000000	0.0000000	0.0000000	0.0000000	0.0000000	0.0000000	0.0000000	0.0000000	0.0000000	0.0000000	0.0000000	0.0000000	0.0000000	0.0000000	0.0000000	0.0000000	2.0999121e-08	2.9474402e-06	0.00017925353	0.0054863558	0.10368885	1.1175206	7.6903760	25.436914	57.429466	95.399998	120.27463	154.75314	193.63104	224.25322	240.31149	236.82294	212.05929	169.40109	117.73426	68.976173	32.819730	12.224738	3.4830615	0.77150733	0.14307547	0.025263755	0.0042906511	0.00073140559	0.00012804250	2.3193187e-05	4.3561037e-06	7.7844440e-07	0.0000000	0.0000000	0.0000000	0.0000000	0.0000000	0.0000000	0.0000000	0.0000000	0.0000000
11.2500	0.0000000	0.0000000	0.0000000	0.0000000	0.0000000	0.0000000	0.0000000	0.0000000	0.0000000	0.0000000	0.0000000	0.0000000	0.0000000	0.0000000	0.0000000	0.0000000	0.0000000	0.0000000	0.0000000	0.0000000	0.0000000	0.0000000	0.0000000	0.0000000	0.0000000	0.0000000	0.0000000	0.0000000	0.0000000	0.0000000	0.0000000	0.0000000	0.0000000	0.0000000	0.0000000	0.0000000	0.0000000	0.0000000	0.0000000	0.0000000	7.1584761e-10	1.4911405e-07	1.4816758e-05	0.00073595733	0.018534296	0.23960023	1.6666101	6.8335300	18.797698	39.862014	71.566802	114.20104	165.69951	220.58147	269.62911	301.12808	303.87469	272.24594	211.32070	137.77191	72.701032	29.932079	9.3955696	2.2850965	0.46048865	0.083928131	0.014826393	0.0026444048	0.00048627374	9.2754802e-05	1.8373856e-05	3.4661438e-06	0.0000000	0.0000000	0.0000000	0.0000000	0.0000000	0.0000000	0.0000000	0.0000000	0.0000000
11.1290	0.0000000	0.0000000	0.0000000	0.0000000	0.0000000	0.0000000	0.0000000	0.0000000	0.0000000	0.0000000	0.0000000	0.0000000	0.0000000	0.0000000	0.0000000	0.0000000	0.0000000	0.0000000	0.0000000	0.0000000	0.0000000	0.0000000	0.0000000	0.0000000	0.0000000	0.0000000	0.0000000	0.0000000	0.0000000	0.0000000	0.0000000	0.0000000	0.0000000	0.0000000	0.0000000	0.0000000	0.0000000	0.0000000	0.0000000	0.0000000	5.1974034e-10	1.0959514e-07	1.1012527e-05	0.00055269963	0.013710245	0.17390728	1.1877405	4.7868148	12.961041	27.108825	48.124295	76.121848	109.74912	145.51232	177.53440	198.27588	200.40842	180.07942	140.33871	91.930685	48.771567	20.198577	6.3806608	1.5623367	0.31706609	0.058208887	0.010358210	0.0018607577	0.00034453643	6.6145857e-05	1.3180780e-05	2.4996013e-06	0.0000000	0.0000000	0.0000000	0.0000000	0.0000000	0.0000000	0.0000000	0.0000000	0.0000000
16.3360	0.0000000	0.0000000	0.0000000	0.0000000	0.0000000	0.0000000	0.0000000	0.0000000	0.0000000	0.0000000	0.0000000	0.0000000	0.0000000	0.0000000	0.0000000	0.0000000	0.0000000	0.0000000	0.0000000	0.0000000	0.0000000	0.0000000	0.0000000	0.0000000	0.0000000	0.0000000	0.0000000	0.0000000	0.0000000	0.0000000	0.0000000	0.0000000	0.0000000	0.0000000	0.0000000	0.0000000	0.0000000	0.0000000	0.0000000	0.0000000	8.6138627e-09	1.1372629e-06	7.5127306e-05	0.0025890687	0.047052511	0.45475446	2.4383362	7.9104796	17.597288	30.728100	46.144564	62.435555	77.732756	89.738934	96.023249	94.620133	84.798198	67.845821	47.254056	27.765445	13.262368	4.9636258	1.4222503	0.31711284	0.058845210	0.0099229446	0.0016304524	0.00027202588	4.7068335e-05	8.4981976e-06	1.6027652e-06	2.8950833e-07	0.0000000	0.0000000	0.0000000	0.0000000	0.0000000	0.0000000	0.0000000	0.0000000	0.0000000
13.8900	0.0000000	0.0000000	0.0000000	0.0000000	0.0000000	0.0000000	0.0000000	0.0000000	0.0000000	0.0000000	0.0000000	0.0000000	0.0000000	0.0000000	0.0000000	0.0000000	0.0000000	0.0000000	0.0000000	0.0000000	0.0000000	0.0000000	0.0000000	0.0000000	0.0000000	0.0000000	0.0000000	0.0000000	0.0000000	0.0000000	0.0000000	0.0000000	0.0000000	0.0000000	0.0000000	0.0000000	0.0000000	0.0000000	0.0000000	0.0000000	2.4428397e-09	3.7077218e-07	2.7839552e-05	0.0010819248	0.022025860	0.23702591	1.4064380	5.0079749	12.085422	22.639251	36.153828	51.705961	67.842731	82.571410	93.442727	97.787907	93.495064	80.039564	59.664154	37.427162	19.004972	7.5230590	2.2695029	0.53059757	0.10287012	0.018064376	0.0030809447	0.00053183340	9.4904423e-05	1.7615031e-05	3.4045318e-06	6.2827517e-07	0.0000000	0.0000000	0.0000000	0.0000000	0.0000000	0.0000000	0.0000000	0.0000000	0.0000000
16.0040	0.0000000	0.0000000	0.0000000	0.0000000	0.0000000	0.0000000	0.0000000	0.0000000	0.0000000	0.0000000	0.0000000	0.0000000	0.0000000	0.0000000	0.0000000	0.0000000	0.0000000	0.0000000	0.0000000	0.0000000	0.0000000	0.0000000	0.0000000	0.0000000	0.0000000	0.0000000	0.0000000	0.0000000	0.0000000	0.0000000	0.0000000	0.0000000	0.0000000	0.0000000	0.0000000	0.0000000	0.0000000	0.0000000	0.0000000	0.0000000	5.2404584e-09	7.2273035e-07	4.9756254e-05	0.0017800043	0.033404257	0.33166902	1.8202275	6.0305958	13.686844	24.380812	37.344195	51.524798	65.396745	76.960038	83.982843	84.489675	77.427035	63.439929	45.297807	27.297403	13.367865	5.1250438	1.5026047	0.34240424	0.064853502	0.011145973	0.0018634193	0.00031574409	5.5368406e-05	1.0106624e-05	1.9214972e-06	3.4870350e-07	0.0000000	0.0000000	0.0000000	0.0000000	0.0000000	0.0000000	0.0000000	0.0000000	0.0000000
10.7700	0.0000000	0.0000000	0.0000000	0.0000000	0.0000000	0.0000000	0.0000000	0.0000000	0.0000000	0.0000000	0.0000000	0.0000000	0.0000000	0.0000000	0.0000000	0.0000000	0.0000000	0.0000000	0.0000000	0.0000000	0.0000000	0.0000000	0.0000000	0.0000000	0.0000000	0.0000000	0.0000000	0.0000000	0.0000000	0.0000000	0.0000000	0.0000000	0.0000000	0.0000000	0.0000000	0.0000000	0.0000000	0.0000000	0.0000000	0.0000000	2.4178294e-10	5.2796651e-08	5.4808525e-06	0.00028371696	0.0074321675	0.099763745	0.71905775	3.0459281	8.6177730	18.700448	34.204435	55.406490	81.394043	109.53070	135.24902	152.50635	155.27853	140.25030	109.64539	71.920040	38.148769	15.778994	4.9745313	1.2151352	0.24600699	0.045068509	0.0080064178	0.0014365342	0.00026580309	5.1024536e-05	1.0173072e-05	1.9316659e-06	0.0000000	0.0000000	0.0000000	0.0000000	0.0000000	0.0000000	0.0000000	0.0000000	0.0000000
10.6570	0.0000000	0.0000000	0.0000000	0.0000000	0.0000000	0.0000000	0.0000000	0.0000000	0.0000000	0.0000000	0.0000000	0.0000000	0.0000000	0.0000000	0.0000000	0.0000000	0.0000000	0.0000000	0.0000000	0.0000000	0.0000000	0.0000000	0.0000000	0.0000000	0.0000000	0.0000000	0.0000000	0.0000000	0.0000000	0.0000000	0.0000000	0.0000000	0.0000000	0.0000000	0.0000000	0.0000000	0.0000000	0.0000000	0.0000000	0.0000000	1.4234828e-10	3.1769177e-08	3.3600845e-06	0.00017671358	0.0046920789	0.063704963	0.44851813	1.8315288	4.9325620	10.176228	17.816131	27.825414	40.680971	55.207273	68.716097	78.057237	79.998350	72.662623	57.072391	37.577158	19.987568	8.2805826	2.6114338	0.63723361	0.12868924	0.023504591	0.0042479859	0.00077525760	0.00014586850	2.8461923e-05	5.7640569e-06	1.1106517e-06	0.0000000	0.0000000	0.0000000	0.0000000	0.0000000	0.0000000	0.0000000	0.0000000	0.0000000
12.6800	0.0000000	0.0000000	0.0000000	0.0000000	0.0000000	0.0000000	0.0000000	0.0000000	0.0000000	0.0000000	0.0000000	0.0000000	0.0000000	0.0000000	0.0000000	0.0000000	0.0000000	0.0000000	0.0000000	0.0000000	0.0000000	0.0000000	0.0000000	0.0000000	0.0000000	0.0000000	0.0000000	0.0000000	0.0000000	0.0000000	0.0000000	0.0000000	0.0000000	0.0000000	0.0000000	0.0000000	0.0000000	0.0000000	0.0000000	0.0000000	7.3015566e-10	1.2145744e-07	9.9307665e-06	0.00041810746	0.0091749585	0.10573957	0.66548932	2.4788725	6.1863143	11.880789	19.309097	27.949970	37.001287	45.354596	51.515237	53.884901	51.248556	43.459671	32.018160	19.866891	10.007016	3.9447454	1.1894099	0.27880007	0.054315449	0.0095971567	0.0016479987	0.00028641679	5.1433794e-05	9.5986649e-06	1.8631512e-06	3.4486008e-07	0.0000000	0.0000000	0.0000000	0.0000000	0.0000000	0.0000000	0.0000000	0.0000000	0.0000000
11.0230	0.0000000	0.0000000	0.0000000	0.0000000	0.0000000	0.0000000	0.0000000	0.0000000	0.0000000	0.0000000	0.0000000	0.0000000	0.0000000	0.0000000	0.0000000	0.0000000	0.0000000	0.0000000	0.0000000	0.0000000	0.0000000	0.0000000	0.0000000	0.0000000	0.0000000	0.0000000	0.0000000	0.0000000	0.0000000	0.0000000	0.0000000	0.0000000	0.0000000	0.0000000	0.0000000	0.0000000	0.0000000	0.0000000	0.0000000	0.0000000	8.7928167e-11	1.9016518e-08	1.9734768e-06	0.00010272148	0.0027087844	0.036491635	0.26315520	1.1133613	3.1472945	6.8413974	12.586255	20.586223	30.614734	41.750006	52.212741	59.519652	61.150657	55.662526	43.827309	28.953066	15.473378	6.4485283	2.0469904	0.50283335	0.10220264	0.018767416	0.0033385087	0.00059965075	0.00011122088	2.1463385e-05	4.3179466e-06	8.3052257e-07	0.0000000	0.0000000	0.0000000	0.0000000	0.0000000	0.0000000	0.0000000	0.0000000	0.0000000
10.1150	0.0000000	0.0000000	0.0000000	0.0000000	0.0000000	0.0000000	0.0000000	0.0000000	0.0000000	0.0000000	0.0000000	0.0000000	0.0000000	0.0000000	0.0000000	0.0000000	0.0000000	0.0000000	0.0000000	0.0000000	0.0000000	0.0000000	0.0000000	0.0000000	0.0000000	0.0000000	0.0000000	0.0000000	0.0000000	0.0000000	0.0000000	0.0000000	0.0000000	0.0000000	0.0000000	0.0000000	0.0000000	0.0000000	0.0000000	0.0000000	1.3736885e-11	3.2703886e-09	3.6559885e-07	2.0211677e-05	0.00056157135	0.0079501722	0.060156138	0.26653401	0.78651279	1.7753917	3.3702227	5.6566366	8.6013122	11.975282	15.300868	17.863115	18.834804	17.611443	14.241356	9.6490092	5.2779948	2.2487672	0.72985108	0.18348117	0.038221702	0.0072041900	0.0013164349	0.00024278384	4.6124678e-05	9.0786728e-06	1.8529838e-06	3.5955313e-07	0.0000000	0.0000000	0.0000000	0.0000000	0.0000000	0.0000000	0.0000000	0.0000000	0.0000000
