# DO NOT EDIT: written Thu Mar 14 18:48:37 2019 by wrt_emiss_fe17.pro
# faked emissivities [1e-23 ergs cm^3/s] for Fe17 lines from Del Zanna 2011, A&A 536, A59
# emissivities include ion balance, but not abundance, and are spline and ion balance jittered off of emiss_Fe17_00000.txt
# line 6 -- SEED, LOGT
# lines 7+ -- WVL, EMISSIVITY
      264549	4.00	4.05	4.10	4.15	4.20	4.25	4.30	4.35	4.40	4.45	4.50	4.55	4.60	4.65	4.70	4.75	4.80	4.85	4.90	4.95	5.00	5.05	5.10	5.15	5.20	5.25	5.30	5.35	5.40	5.45	5.50	5.55	5.60	5.65	5.70	5.75	5.80	5.85	5.90	5.95	6.00	6.05	6.10	6.15	6.20	6.25	6.30	6.35	6.40	6.45	6.50	6.55	6.60	6.65	6.70	6.75	6.80	6.85	6.90	6.95	7.00	7.05	7.10	7.15	7.20	7.25	7.30	7.35	7.40	7.45	7.50	7.55	7.60	7.65	7.70	7.75	7.80	7.85	7.90	7.95	8.00
15.0130	0.0000000	0.0000000	0.0000000	0.0000000	0.0000000	0.0000000	0.0000000	0.0000000	0.0000000	0.0000000	0.0000000	0.0000000	0.0000000	0.0000000	0.0000000	0.0000000	0.0000000	0.0000000	0.0000000	0.0000000	0.0000000	0.0000000	0.0000000	0.0000000	0.0000000	0.0000000	0.0000000	0.0000000	0.0000000	0.0000000	0.0000000	0.0000000	0.0000000	0.0000000	0.0000000	0.0000000	0.0000000	0.0000000	0.0000000	0.0000000	3.0587577e-08	5.7828010e-06	0.00049080739	0.022754300	0.58133565	8.0919420	60.023803	243.15991	620.56419	1192.1675	1934.9472	2809.3956	3745.4318	4633.2422	5325.5711	5660.9408	5503.9213	4808.8655	3681.0551	2389.2862	1263.3543	522.39687	164.31013	39.844147	7.9705784	1.4387556	0.25158584	0.044431553	0.0080974614	0.0015321808	0.00030147863	6.0709042e-05	0.0000000	0.0000000	0.0000000	0.0000000	0.0000000	0.0000000	0.0000000	0.0000000	0.0000000
17.0510	0.0000000	0.0000000	0.0000000	0.0000000	0.0000000	0.0000000	0.0000000	0.0000000	0.0000000	0.0000000	0.0000000	0.0000000	0.0000000	0.0000000	0.0000000	0.0000000	0.0000000	0.0000000	0.0000000	0.0000000	0.0000000	0.0000000	0.0000000	0.0000000	0.0000000	0.0000000	0.0000000	0.0000000	0.0000000	0.0000000	0.0000000	0.0000000	0.0000000	0.0000000	0.0000000	0.0000000	0.0000000	0.0000000	0.0000000	0.0000000	6.7099744e-08	1.1071415e-05	0.00083298609	0.034669142	0.80294809	10.215235	69.754278	261.93132	623.74430	1124.9916	1723.6290	2373.1276	3011.0976	3555.1160	3908.1549	3978.8401	3708.7167	3107.9941	2282.2738	1421.1320	720.94671	286.09594	86.412968	20.149594	3.8837182	0.67709237	0.11462584	0.019639146	0.0034783351	0.00064049981	0.00012272700	2.4062060e-05	0.0000000	0.0000000	0.0000000	0.0000000	0.0000000	0.0000000	0.0000000	0.0000000	0.0000000
17.0960	0.0000000	0.0000000	0.0000000	0.0000000	0.0000000	0.0000000	0.0000000	0.0000000	0.0000000	0.0000000	0.0000000	0.0000000	0.0000000	0.0000000	0.0000000	0.0000000	0.0000000	0.0000000	0.0000000	0.0000000	0.0000000	0.0000000	0.0000000	0.0000000	0.0000000	0.0000000	0.0000000	0.0000000	0.0000000	0.0000000	0.0000000	0.0000000	0.0000000	0.0000000	0.0000000	0.0000000	0.0000000	0.0000000	0.0000000	0.0000000	7.8546148e-08	1.2837832e-05	0.00095479999	0.039271661	0.89989699	11.336148	76.628543	284.41175	667.83026	1184.2114	1778.3145	2393.0693	2960.0284	3398.7288	3626.0852	3576.4615	3224.2197	2609.1064	1846.9835	1106.6601	539.09646	204.96175	59.178837	13.164448	2.4164658	0.40068723	0.064483268	0.010506290	0.0017713832	0.00031102446	5.6954250e-05	1.0701573e-05	0.0000000	0.0000000	0.0000000	0.0000000	0.0000000	0.0000000	0.0000000	0.0000000	0.0000000
16.7760	0.0000000	0.0000000	0.0000000	0.0000000	0.0000000	0.0000000	0.0000000	0.0000000	0.0000000	0.0000000	0.0000000	0.0000000	0.0000000	0.0000000	0.0000000	0.0000000	0.0000000	0.0000000	0.0000000	0.0000000	0.0000000	0.0000000	0.0000000	0.0000000	0.0000000	0.0000000	0.0000000	0.0000000	0.0000000	0.0000000	0.0000000	0.0000000	0.0000000	0.0000000	0.0000000	0.0000000	0.0000000	0.0000000	0.0000000	0.0000000	4.6042105e-08	7.4321591e-06	0.00055702789	0.023243483	0.53995849	6.8998927	47.399752	179.33372	430.76303	783.96492	1211.5583	1685.1525	2191.8236	2650.4978	2981.9873	3104.6351	2956.8133	2529.7003	1895.0662	1202.7868	621.27124	250.66896	76.844501	18.148294	3.5344073	0.62102357	0.10438497	0.017727402	0.0031132104	0.00056882717	0.00010826708	2.1116474e-05	0.0000000	0.0000000	0.0000000	0.0000000	0.0000000	0.0000000	0.0000000	0.0000000	0.0000000
15.2620	0.0000000	0.0000000	0.0000000	0.0000000	0.0000000	0.0000000	0.0000000	0.0000000	0.0000000	0.0000000	0.0000000	0.0000000	0.0000000	0.0000000	0.0000000	0.0000000	0.0000000	0.0000000	0.0000000	0.0000000	0.0000000	0.0000000	0.0000000	0.0000000	0.0000000	0.0000000	0.0000000	0.0000000	0.0000000	0.0000000	0.0000000	0.0000000	0.0000000	0.0000000	0.0000000	0.0000000	0.0000000	0.0000000	0.0000000	0.0000000	9.8719386e-09	1.8247553e-06	0.00015220551	0.0069663600	0.17634615	2.4382418	17.995027	72.653002	185.09919	355.53544	577.83672	841.41109	1126.3678	1400.0989	1617.4983	1727.7355	1686.8528	1478.4963	1134.1379	736.94125	389.69988	161.00257	50.549858	12.225618	2.4373574	0.43817679	0.076264699	0.013399231	0.0024282218	0.00045668897	8.9284959e-05	1.7857042e-05	0.0000000	0.0000000	0.0000000	0.0000000	0.0000000	0.0000000	0.0000000	0.0000000	0.0000000
12.1240	0.0000000	0.0000000	0.0000000	0.0000000	0.0000000	0.0000000	0.0000000	0.0000000	0.0000000	0.0000000	0.0000000	0.0000000	0.0000000	0.0000000	0.0000000	0.0000000	0.0000000	0.0000000	0.0000000	0.0000000	0.0000000	0.0000000	0.0000000	0.0000000	0.0000000	0.0000000	0.0000000	0.0000000	0.0000000	0.0000000	0.0000000	0.0000000	0.0000000	0.0000000	0.0000000	0.0000000	0.0000000	0.0000000	0.0000000	0.0000000	7.5253112e-10	1.8099441e-07	1.9025255e-05	0.0010665333	0.032251916	0.52137226	4.4176275	20.166070	57.293820	120.54751	212.20851	331.17000	470.46960	614.97688	741.10076	819.99395	824.37052	740.22151	579.17037	382.40253	204.79607	85.444604	27.029489	6.5767729	1.3179574	0.23801169	0.041597194	0.0073373673	0.0013351180	0.00025223331	4.9556513e-05	9.9650462e-06	0.0000000	0.0000000	0.0000000	0.0000000	0.0000000	0.0000000	0.0000000	0.0000000	0.0000000
12.2640	0.0000000	0.0000000	0.0000000	0.0000000	0.0000000	0.0000000	0.0000000	0.0000000	0.0000000	0.0000000	0.0000000	0.0000000	0.0000000	0.0000000	0.0000000	0.0000000	0.0000000	0.0000000	0.0000000	0.0000000	0.0000000	0.0000000	0.0000000	0.0000000	0.0000000	0.0000000	0.0000000	0.0000000	0.0000000	0.0000000	0.0000000	0.0000000	0.0000000	0.0000000	0.0000000	0.0000000	0.0000000	0.0000000	0.0000000	0.0000000	7.3268229e-10	1.7325804e-07	1.7972586e-05	0.00099770304	0.029965701	0.48223286	4.0730624	18.536035	52.505889	110.75519	195.48173	305.99301	436.39259	573.36993	695.27880	774.63915	784.42057	709.40683	558.84627	371.40259	200.19954	84.079650	26.779279	6.5619770	1.3244557	0.24086787	0.042374841	0.0075191493	0.0013752014	0.00026086741	5.1400452e-05	1.0351739e-05	0.0000000	0.0000000	0.0000000	0.0000000	0.0000000	0.0000000	0.0000000	0.0000000	0.0000000
13.8250	0.0000000	0.0000000	0.0000000	0.0000000	0.0000000	0.0000000	0.0000000	0.0000000	0.0000000	0.0000000	0.0000000	0.0000000	0.0000000	0.0000000	0.0000000	0.0000000	0.0000000	0.0000000	0.0000000	0.0000000	0.0000000	0.0000000	0.0000000	0.0000000	0.0000000	0.0000000	0.0000000	0.0000000	0.0000000	0.0000000	0.0000000	0.0000000	0.0000000	0.0000000	0.0000000	0.0000000	0.0000000	0.0000000	0.0000000	0.0000000	1.0487759e-09	2.1240165e-07	1.9415443e-05	0.00097664383	0.027295464	0.41835968	3.4261096	15.296085	42.737348	89.090118	155.39418	239.97525	336.57841	432.91393	510.45235	547.20199	524.87529	439.98745	319.55831	212.91743	115.03448	48.415951	15.453982	3.7956545	0.76832064	0.14029992	0.024819415	0.0044351895	0.00081801852	0.00015665509	3.1185484e-05	6.3478176e-06	0.0000000	0.0000000	0.0000000	0.0000000	0.0000000	0.0000000	0.0000000	0.0000000	0.0000000
15.4530	0.0000000	0.0000000	0.0000000	0.0000000	0.0000000	0.0000000	0.0000000	0.0000000	0.0000000	0.0000000	0.0000000	0.0000000	0.0000000	0.0000000	0.0000000	0.0000000	0.0000000	0.0000000	0.0000000	0.0000000	0.0000000	0.0000000	0.0000000	0.0000000	0.0000000	0.0000000	0.0000000	0.0000000	0.0000000	0.0000000	0.0000000	0.0000000	0.0000000	0.0000000	0.0000000	0.0000000	0.0000000	0.0000000	0.0000000	0.0000000	3.4628807e-09	6.2194008e-07	5.0263973e-05	0.0022218905	0.054150970	0.71881060	5.0802619	19.590604	47.535251	86.691883	133.34481	183.13970	230.47385	268.42256	289.60337	288.02541	261.15194	212.09870	150.48110	90.307067	44.069578	16.799792	4.8699934	1.0893555	0.20139461	0.033684536	0.0054750533	0.00090200368	0.00015394123	2.7386154e-05	5.0849141e-06	9.6929601e-07	0.0000000	0.0000000	0.0000000	0.0000000	0.0000000	0.0000000	0.0000000	0.0000000	0.0000000
11.2500	0.0000000	0.0000000	0.0000000	0.0000000	0.0000000	0.0000000	0.0000000	0.0000000	0.0000000	0.0000000	0.0000000	0.0000000	0.0000000	0.0000000	0.0000000	0.0000000	0.0000000	0.0000000	0.0000000	0.0000000	0.0000000	0.0000000	0.0000000	0.0000000	0.0000000	0.0000000	0.0000000	0.0000000	0.0000000	0.0000000	0.0000000	0.0000000	0.0000000	0.0000000	0.0000000	0.0000000	0.0000000	0.0000000	0.0000000	0.0000000	1.3441409e-10	3.5394338e-08	4.0257795e-06	0.00024166737	0.0077533111	0.13186750	1.1666190	5.5214123	16.178548	35.150902	63.667799	101.94365	148.28405	198.18511	243.93941	275.51000	282.67944	259.11221	207.10286	139.85812	76.743457	32.879631	10.707325	2.6870976	0.55605306	0.10374478	0.018724591	0.0034067504	0.00063813769	0.00012377320	2.4882759e-05	5.0992228e-06	0.0000000	0.0000000	0.0000000	0.0000000	0.0000000	0.0000000	0.0000000	0.0000000	0.0000000
11.1290	0.0000000	0.0000000	0.0000000	0.0000000	0.0000000	0.0000000	0.0000000	0.0000000	0.0000000	0.0000000	0.0000000	0.0000000	0.0000000	0.0000000	0.0000000	0.0000000	0.0000000	0.0000000	0.0000000	0.0000000	0.0000000	0.0000000	0.0000000	0.0000000	0.0000000	0.0000000	0.0000000	0.0000000	0.0000000	0.0000000	0.0000000	0.0000000	0.0000000	0.0000000	0.0000000	0.0000000	0.0000000	0.0000000	0.0000000	0.0000000	7.3887586e-11	1.9198904e-08	2.2286454e-06	0.00013655861	0.0044723134	0.077643866	0.70099614	3.3839384	10.104593	22.349861	41.165411	66.945250	98.769857	133.70045	166.39547	189.63718	195.88224	187.60830	172.83021	128.94633	71.726936	30.433731	9.7772085	2.4130270	0.48998804	0.087685346	0.014452395	0.0023576578	0.00038861759	7.2877341e-05	1.4402567e-05	2.9082271e-06	0.0000000	0.0000000	0.0000000	0.0000000	0.0000000	0.0000000	0.0000000	0.0000000	0.0000000
16.3360	0.0000000	0.0000000	0.0000000	0.0000000	0.0000000	0.0000000	0.0000000	0.0000000	0.0000000	0.0000000	0.0000000	0.0000000	0.0000000	0.0000000	0.0000000	0.0000000	0.0000000	0.0000000	0.0000000	0.0000000	0.0000000	0.0000000	0.0000000	0.0000000	0.0000000	0.0000000	0.0000000	0.0000000	0.0000000	0.0000000	0.0000000	0.0000000	0.0000000	0.0000000	0.0000000	0.0000000	0.0000000	0.0000000	0.0000000	0.0000000	1.3665913e-09	2.3048363e-07	1.7658577e-05	0.00074674841	0.017581707	0.22765452	1.5826938	6.0471414	14.629369	26.731463	41.370069	57.379254	73.157270	86.601716	95.270852	96.888870	90.049533	75.105807	54.781343	33.818868	16.980558	6.6583369	1.9838165	0.45554936	0.086324107	0.014770961	0.0024515320	0.00041165280	7.1475785e-05	1.2912850e-05	2.4303416e-06	4.6875651e-07	0.0000000	0.0000000	0.0000000	0.0000000	0.0000000	0.0000000	0.0000000	0.0000000	0.0000000
13.8900	0.0000000	0.0000000	0.0000000	0.0000000	0.0000000	0.0000000	0.0000000	0.0000000	0.0000000	0.0000000	0.0000000	0.0000000	0.0000000	0.0000000	0.0000000	0.0000000	0.0000000	0.0000000	0.0000000	0.0000000	0.0000000	0.0000000	0.0000000	0.0000000	0.0000000	0.0000000	0.0000000	0.0000000	0.0000000	0.0000000	0.0000000	0.0000000	0.0000000	0.0000000	0.0000000	0.0000000	0.0000000	0.0000000	0.0000000	0.0000000	4.6713663e-10	9.0430194e-08	7.8484192e-06	0.00037246761	0.0097644573	0.13976716	1.0663570	4.4294270	11.500599	22.274318	36.157898	52.168151	68.795211	83.984498	95.212742	99.760796	95.497890	82.001484	61.541260	39.057489	20.154754	8.1267958	2.4936507	0.59103993	0.11593939	0.020609218	0.0035664228	0.00062650856	0.00011395105	2.1538714e-05	4.2275407e-06	8.4729729e-07	0.0000000	0.0000000	0.0000000	0.0000000	0.0000000	0.0000000	0.0000000	0.0000000	0.0000000
16.0040	0.0000000	0.0000000	0.0000000	0.0000000	0.0000000	0.0000000	0.0000000	0.0000000	0.0000000	0.0000000	0.0000000	0.0000000	0.0000000	0.0000000	0.0000000	0.0000000	0.0000000	0.0000000	0.0000000	0.0000000	0.0000000	0.0000000	0.0000000	0.0000000	0.0000000	0.0000000	0.0000000	0.0000000	0.0000000	0.0000000	0.0000000	0.0000000	0.0000000	0.0000000	0.0000000	0.0000000	0.0000000	0.0000000	0.0000000	0.0000000	7.8730318e-10	1.3788270e-07	1.0927912e-05	0.00047562746	0.011455213	0.15082887	1.0615036	4.0932714	9.9764173	18.348843	29.315186	42.469615	56.185319	68.547070	77.201638	79.878031	75.139596	63.161416	46.269330	28.601929	14.340125	5.6009880	1.6590471	0.37830171	0.071151859	0.012086696	0.0019929037	0.00033284772	5.7577467e-05	1.0384741e-05	1.9560849e-06	3.7866175e-07	0.0000000	0.0000000	0.0000000	0.0000000	0.0000000	0.0000000	0.0000000	0.0000000	0.0000000
10.7700	0.0000000	0.0000000	0.0000000	0.0000000	0.0000000	0.0000000	0.0000000	0.0000000	0.0000000	0.0000000	0.0000000	0.0000000	0.0000000	0.0000000	0.0000000	0.0000000	0.0000000	0.0000000	0.0000000	0.0000000	0.0000000	0.0000000	0.0000000	0.0000000	0.0000000	0.0000000	0.0000000	0.0000000	0.0000000	0.0000000	0.0000000	0.0000000	0.0000000	0.0000000	0.0000000	0.0000000	0.0000000	0.0000000	0.0000000	0.0000000	5.0822690e-11	1.4182428e-08	1.7063657e-06	0.00010823878	0.0036669022	0.065805977	0.59373800	2.7413235	7.9635531	17.462039	32.413387	53.801943	81.698499	114.28031	146.94932	172.28091	181.98408	170.36189	137.96732	93.665826	51.280142	21.762522	6.9727546	1.7121718	0.34524881	0.062597572	0.010962164	0.0019341411	0.00035151368	6.6250794e-05	1.2974671e-05	2.5994224e-06	0.0000000	0.0000000	0.0000000	0.0000000	0.0000000	0.0000000	0.0000000	0.0000000	0.0000000
10.6570	0.0000000	0.0000000	0.0000000	0.0000000	0.0000000	0.0000000	0.0000000	0.0000000	0.0000000	0.0000000	0.0000000	0.0000000	0.0000000	0.0000000	0.0000000	0.0000000	0.0000000	0.0000000	0.0000000	0.0000000	0.0000000	0.0000000	0.0000000	0.0000000	0.0000000	0.0000000	0.0000000	0.0000000	0.0000000	0.0000000	0.0000000	0.0000000	0.0000000	0.0000000	0.0000000	0.0000000	0.0000000	0.0000000	0.0000000	0.0000000	2.2339261e-11	6.4246853e-09	7.9276560e-07	5.1343522e-05	0.0017689529	0.032168768	0.30287624	1.5175702	4.6795351	10.633789	20.034113	33.209425	49.808063	68.404271	86.248240	99.454077	103.77986	96.326332	77.592852	52.543587	28.761204	12.226746	3.9300967	0.96927462	0.19647298	0.035835988	0.0063190863	0.0011237733	0.00020604339	3.9203049e-05	7.7529209e-06	1.5682464e-06	0.0000000	0.0000000	0.0000000	0.0000000	0.0000000	0.0000000	0.0000000	0.0000000	0.0000000
12.6800	0.0000000	0.0000000	0.0000000	0.0000000	0.0000000	0.0000000	0.0000000	0.0000000	0.0000000	0.0000000	0.0000000	0.0000000	0.0000000	0.0000000	0.0000000	0.0000000	0.0000000	0.0000000	0.0000000	0.0000000	0.0000000	0.0000000	0.0000000	0.0000000	0.0000000	0.0000000	0.0000000	0.0000000	0.0000000	0.0000000	0.0000000	0.0000000	0.0000000	0.0000000	0.0000000	0.0000000	0.0000000	0.0000000	0.0000000	0.0000000	1.4788378e-10	3.1188738e-08	2.9272324e-06	0.00014930914	0.0041818398	0.063507050	0.50915706	2.1932152	5.8443106	11.535716	18.982530	27.673807	36.855109	45.486226	52.123546	55.166493	53.282809	46.076236	34.751052	22.140412	11.458447	4.6282412	1.4205970	0.33624593	0.065716164	0.011603601	0.0019875803	0.00034436646	6.1668720e-05	1.1483786e-05	2.2263107e-06	4.4204385e-07	0.0000000	0.0000000	0.0000000	0.0000000	0.0000000	0.0000000	0.0000000	0.0000000	0.0000000
11.0230	0.0000000	0.0000000	0.0000000	0.0000000	0.0000000	0.0000000	0.0000000	0.0000000	0.0000000	0.0000000	0.0000000	0.0000000	0.0000000	0.0000000	0.0000000	0.0000000	0.0000000	0.0000000	0.0000000	0.0000000	0.0000000	0.0000000	0.0000000	0.0000000	0.0000000	0.0000000	0.0000000	0.0000000	0.0000000	0.0000000	0.0000000	0.0000000	0.0000000	0.0000000	0.0000000	0.0000000	0.0000000	0.0000000	0.0000000	0.0000000	1.7935898e-11	4.9091482e-09	5.8420956e-07	3.6836283e-05	0.0012408221	0.022056676	0.20290818	0.99374437	2.9998807	6.6944591	12.440870	20.427892	30.447031	41.646406	52.359973	60.224464	62.727107	58.187132	46.923237	31.877841	17.548579	7.5182829	2.4387105	0.60735634	0.12433889	0.022901393	0.0040764786	0.00073157983	0.00013545944	2.6076321e-05	5.2314062e-06	1.0768732e-06	0.0000000	0.0000000	0.0000000	0.0000000	0.0000000	0.0000000	0.0000000	0.0000000	0.0000000
10.1150	0.0000000	0.0000000	0.0000000	0.0000000	0.0000000	0.0000000	0.0000000	0.0000000	0.0000000	0.0000000	0.0000000	0.0000000	0.0000000	0.0000000	0.0000000	0.0000000	0.0000000	0.0000000	0.0000000	0.0000000	0.0000000	0.0000000	0.0000000	0.0000000	0.0000000	0.0000000	0.0000000	0.0000000	0.0000000	0.0000000	0.0000000	0.0000000	0.0000000	0.0000000	0.0000000	0.0000000	0.0000000	0.0000000	0.0000000	0.0000000	2.0959843e-12	6.3951429e-10	8.3308412e-08	5.6732923e-06	0.00020483603	0.0038929739	0.038222193	0.19928457	0.63778327	1.4989960	2.9107185	4.9588032	7.6286485	10.736321	13.898761	16.508730	17.747535	16.968048	14.070501	9.7981253	5.5088994	2.4046348	0.79392336	0.20128983	0.042120820	0.0079754565	0.0014629724	0.00027099081	5.1787798e-05	1.0273649e-05	2.1186850e-06	4.4693208e-07	0.0000000	0.0000000	0.0000000	0.0000000	0.0000000	0.0000000	0.0000000	0.0000000	0.0000000
