# DO NOT EDIT: written Thu Mar 14 18:48:37 2019 by wrt_emiss_fe17.pro
# faked emissivities [1e-23 ergs cm^3/s] for Fe17 lines from Del Zanna 2011, A&A 536, A59
# emissivities include ion balance, but not abundance, and are spline and ion balance jittered off of emiss_Fe17_00000.txt
# line 6 -- SEED, LOGT
# lines 7+ -- WVL, EMISSIVITY
       23884	4.00	4.05	4.10	4.15	4.20	4.25	4.30	4.35	4.40	4.45	4.50	4.55	4.60	4.65	4.70	4.75	4.80	4.85	4.90	4.95	5.00	5.05	5.10	5.15	5.20	5.25	5.30	5.35	5.40	5.45	5.50	5.55	5.60	5.65	5.70	5.75	5.80	5.85	5.90	5.95	6.00	6.05	6.10	6.15	6.20	6.25	6.30	6.35	6.40	6.45	6.50	6.55	6.60	6.65	6.70	6.75	6.80	6.85	6.90	6.95	7.00	7.05	7.10	7.15	7.20	7.25	7.30	7.35	7.40	7.45	7.50	7.55	7.60	7.65	7.70	7.75	7.80	7.85	7.90	7.95	8.00
15.0130	0.0000000	0.0000000	0.0000000	0.0000000	0.0000000	0.0000000	0.0000000	0.0000000	0.0000000	0.0000000	0.0000000	0.0000000	0.0000000	0.0000000	0.0000000	0.0000000	0.0000000	0.0000000	0.0000000	0.0000000	0.0000000	0.0000000	0.0000000	0.0000000	0.0000000	0.0000000	0.0000000	0.0000000	0.0000000	0.0000000	0.0000000	0.0000000	0.0000000	0.0000000	0.0000000	0.0000000	0.0000000	0.0000000	0.0000000	0.0000000	6.8451822e-08	1.0859980e-05	0.00083072401	0.033896841	0.75199219	9.1445675	61.433978	236.92208	596.26710	1151.9932	1903.7868	2839.8561	3909.3091	5000.5831	5934.0796	6484.4203	6437.8112	5622.6573	4277.4393	2754.4920	1443.6001	575.50070	170.84469	38.175563	6.8427986	1.1774656	0.20516087	0.036114953	0.0065620789	0.0012383285	0.00024308934	4.8054935e-05	0.0000000	0.0000000	0.0000000	0.0000000	0.0000000	0.0000000	0.0000000	0.0000000	0.0000000
17.0510	0.0000000	0.0000000	0.0000000	0.0000000	0.0000000	0.0000000	0.0000000	0.0000000	0.0000000	0.0000000	0.0000000	0.0000000	0.0000000	0.0000000	0.0000000	0.0000000	0.0000000	0.0000000	0.0000000	0.0000000	0.0000000	0.0000000	0.0000000	0.0000000	0.0000000	0.0000000	0.0000000	0.0000000	0.0000000	0.0000000	0.0000000	0.0000000	0.0000000	0.0000000	0.0000000	0.0000000	0.0000000	0.0000000	0.0000000	0.0000000	1.6279433e-07	2.2894375e-05	0.0015764639	0.058573880	1.1921380	13.363768	82.978752	296.12071	689.62776	1231.5893	1877.1079	2574.8761	3255.4609	3827.7138	4186.2502	4234.4897	3915.3254	3249.0433	2358.3731	1449.3482	724.94594	283.59463	84.494897	19.452498	3.7033898	0.63762691	0.10657527	0.018028481	0.0031536645	0.00057398718	0.00010883353	2.0801237e-05	0.0000000	0.0000000	0.0000000	0.0000000	0.0000000	0.0000000	0.0000000	0.0000000	0.0000000
17.0960	0.0000000	0.0000000	0.0000000	0.0000000	0.0000000	0.0000000	0.0000000	0.0000000	0.0000000	0.0000000	0.0000000	0.0000000	0.0000000	0.0000000	0.0000000	0.0000000	0.0000000	0.0000000	0.0000000	0.0000000	0.0000000	0.0000000	0.0000000	0.0000000	0.0000000	0.0000000	0.0000000	0.0000000	0.0000000	0.0000000	0.0000000	0.0000000	0.0000000	0.0000000	0.0000000	0.0000000	0.0000000	0.0000000	0.0000000	0.0000000	1.6011182e-07	2.2380075e-05	0.0015273798	0.056181900	1.1324740	12.575034	77.284968	272.46547	625.18488	1096.6207	1636.4840	2191.8529	2699.1556	3084.3991	3272.7018	3207.0116	2869.0643	2301.2215	1613.0301	956.37735	461.06723	173.67237	49.786077	11.024278	2.0190127	0.33462982	0.053907941	0.0088043524	0.0014899702	0.00026294272	4.8451357e-05	9.0197761e-06	0.0000000	0.0000000	0.0000000	0.0000000	0.0000000	0.0000000	0.0000000	0.0000000	0.0000000
16.7760	0.0000000	0.0000000	0.0000000	0.0000000	0.0000000	0.0000000	0.0000000	0.0000000	0.0000000	0.0000000	0.0000000	0.0000000	0.0000000	0.0000000	0.0000000	0.0000000	0.0000000	0.0000000	0.0000000	0.0000000	0.0000000	0.0000000	0.0000000	0.0000000	0.0000000	0.0000000	0.0000000	0.0000000	0.0000000	0.0000000	0.0000000	0.0000000	0.0000000	0.0000000	0.0000000	0.0000000	0.0000000	0.0000000	0.0000000	0.0000000	1.2689641e-07	1.8109801e-05	0.0012585566	0.047030505	0.96172160	10.830705	67.565259	242.22664	566.41035	1014.2439	1546.5039	2115.5952	2655.5486	3084.6003	3316.8957	3282.9351	2956.2089	2384.9958	1684.7506	1009.0713	492.75488	189.72755	56.695725	13.096008	2.5023498	0.43254873	0.072603913	0.012336454	0.0021678097	0.00039634953	7.5484664e-05	1.4488216e-05	0.0000000	0.0000000	0.0000000	0.0000000	0.0000000	0.0000000	0.0000000	0.0000000	0.0000000
15.2620	0.0000000	0.0000000	0.0000000	0.0000000	0.0000000	0.0000000	0.0000000	0.0000000	0.0000000	0.0000000	0.0000000	0.0000000	0.0000000	0.0000000	0.0000000	0.0000000	0.0000000	0.0000000	0.0000000	0.0000000	0.0000000	0.0000000	0.0000000	0.0000000	0.0000000	0.0000000	0.0000000	0.0000000	0.0000000	0.0000000	0.0000000	0.0000000	0.0000000	0.0000000	0.0000000	0.0000000	0.0000000	0.0000000	0.0000000	0.0000000	2.3855821e-08	3.7822426e-06	0.00028987709	0.011862249	0.26365749	3.2020070	21.372469	81.377082	200.75196	377.16647	600.96757	857.15253	1121.8592	1361.3462	1534.0594	1598.2479	1523.3351	1305.9910	983.12386	629.90250	330.63185	136.76029	43.441534	10.749618	2.2115233	0.41214136	0.074445803	0.013192831	0.0023904612	0.00044993984	8.8116903e-05	1.7381037e-05	0.0000000	0.0000000	0.0000000	0.0000000	0.0000000	0.0000000	0.0000000	0.0000000	0.0000000
12.1240	0.0000000	0.0000000	0.0000000	0.0000000	0.0000000	0.0000000	0.0000000	0.0000000	0.0000000	0.0000000	0.0000000	0.0000000	0.0000000	0.0000000	0.0000000	0.0000000	0.0000000	0.0000000	0.0000000	0.0000000	0.0000000	0.0000000	0.0000000	0.0000000	0.0000000	0.0000000	0.0000000	0.0000000	0.0000000	0.0000000	0.0000000	0.0000000	0.0000000	0.0000000	0.0000000	0.0000000	0.0000000	0.0000000	0.0000000	0.0000000	1.3684085e-09	2.8351122e-07	2.7959449e-05	0.0014478175	0.039982295	0.59179462	4.7283426	21.092470	58.615569	122.91448	216.81013	339.80829	485.28671	637.86433	772.84654	859.34370	867.54913	781.52609	612.90979	405.32198	217.37736	90.878361	28.848626	7.0558205	1.4230063	0.25875231	0.045529582	0.0080820408	0.0014788668	0.00028070057	5.5346035e-05	1.0971329e-05	0.0000000	0.0000000	0.0000000	0.0000000	0.0000000	0.0000000	0.0000000	0.0000000	0.0000000
12.2640	0.0000000	0.0000000	0.0000000	0.0000000	0.0000000	0.0000000	0.0000000	0.0000000	0.0000000	0.0000000	0.0000000	0.0000000	0.0000000	0.0000000	0.0000000	0.0000000	0.0000000	0.0000000	0.0000000	0.0000000	0.0000000	0.0000000	0.0000000	0.0000000	0.0000000	0.0000000	0.0000000	0.0000000	0.0000000	0.0000000	0.0000000	0.0000000	0.0000000	0.0000000	0.0000000	0.0000000	0.0000000	0.0000000	0.0000000	0.0000000	1.3961291e-09	2.7975525e-07	2.6417971e-05	0.0013035374	0.034309929	0.48619278	3.7405943	16.222011	45.084993	94.522372	166.67719	261.20397	373.20793	491.25584	596.53641	665.00713	673.03668	607.53519	477.05916	315.66015	169.30077	70.757334	22.448015	5.4856609	1.1051086	0.20066094	0.035245631	0.0062433992	0.0011396939	0.00021575205	4.2420514e-05	8.3849666e-06	0.0000000	0.0000000	0.0000000	0.0000000	0.0000000	0.0000000	0.0000000	0.0000000	0.0000000
13.8250	0.0000000	0.0000000	0.0000000	0.0000000	0.0000000	0.0000000	0.0000000	0.0000000	0.0000000	0.0000000	0.0000000	0.0000000	0.0000000	0.0000000	0.0000000	0.0000000	0.0000000	0.0000000	0.0000000	0.0000000	0.0000000	0.0000000	0.0000000	0.0000000	0.0000000	0.0000000	0.0000000	0.0000000	0.0000000	0.0000000	0.0000000	0.0000000	0.0000000	0.0000000	0.0000000	0.0000000	0.0000000	0.0000000	0.0000000	0.0000000	2.6290478e-09	4.4301074e-07	3.6045383e-05	0.0015683415	0.037182756	0.48346129	3.4646797	14.169938	37.450805	75.153062	127.62249	193.75711	269.84428	348.48911	417.94134	462.80023	467.42427	422.50627	332.98445	221.45042	119.54375	50.368250	16.140732	3.9929077	0.81641853	0.15093408	0.027081056	0.0049093806	0.00091610178	0.00017652795	3.5115826e-05	6.9865754e-06	0.0000000	0.0000000	0.0000000	0.0000000	0.0000000	0.0000000	0.0000000	0.0000000	0.0000000
15.4530	0.0000000	0.0000000	0.0000000	0.0000000	0.0000000	0.0000000	0.0000000	0.0000000	0.0000000	0.0000000	0.0000000	0.0000000	0.0000000	0.0000000	0.0000000	0.0000000	0.0000000	0.0000000	0.0000000	0.0000000	0.0000000	0.0000000	0.0000000	0.0000000	0.0000000	0.0000000	0.0000000	0.0000000	0.0000000	0.0000000	0.0000000	0.0000000	0.0000000	0.0000000	0.0000000	0.0000000	0.0000000	0.0000000	0.0000000	0.0000000	8.1875270e-09	1.2581213e-06	9.3336245e-05	0.0036925173	0.079271506	0.92941017	5.9879458	22.003251	52.367099	94.875171	145.70276	200.18726	252.17499	293.95859	317.27580	315.39353	285.49592	231.17248	163.29469	97.448720	47.256514	17.903287	5.1623422	1.1499076	0.21185300	0.035317024	0.0057201235	0.00093864374	0.00015946927	2.8225096e-05	5.2108435e-06	9.7084462e-07	0.0000000	0.0000000	0.0000000	0.0000000	0.0000000	0.0000000	0.0000000	0.0000000	0.0000000
11.2500	0.0000000	0.0000000	0.0000000	0.0000000	0.0000000	0.0000000	0.0000000	0.0000000	0.0000000	0.0000000	0.0000000	0.0000000	0.0000000	0.0000000	0.0000000	0.0000000	0.0000000	0.0000000	0.0000000	0.0000000	0.0000000	0.0000000	0.0000000	0.0000000	0.0000000	0.0000000	0.0000000	0.0000000	0.0000000	0.0000000	0.0000000	0.0000000	0.0000000	0.0000000	0.0000000	0.0000000	0.0000000	0.0000000	0.0000000	0.0000000	3.2505706e-10	7.3654037e-08	7.7469541e-06	0.00041977210	0.011973654	0.18164063	1.4797983	6.7427525	19.578493	42.631924	75.972352	119.16880	168.65798	218.37444	263.55074	295.18084	302.53640	277.83630	222.20829	149.44916	81.262050	34.352253	11.001559	2.7094356	0.54940591	0.10033235	0.017713210	0.0031521612	0.00057783123	0.00010981580	2.1671569e-05	4.2987079e-06	0.0000000	0.0000000	0.0000000	0.0000000	0.0000000	0.0000000	0.0000000	0.0000000	0.0000000
11.1290	0.0000000	0.0000000	0.0000000	0.0000000	0.0000000	0.0000000	0.0000000	0.0000000	0.0000000	0.0000000	0.0000000	0.0000000	0.0000000	0.0000000	0.0000000	0.0000000	0.0000000	0.0000000	0.0000000	0.0000000	0.0000000	0.0000000	0.0000000	0.0000000	0.0000000	0.0000000	0.0000000	0.0000000	0.0000000	0.0000000	0.0000000	0.0000000	0.0000000	0.0000000	0.0000000	0.0000000	0.0000000	0.0000000	0.0000000	0.0000000	1.9695723e-10	4.5220461e-08	4.8088108e-06	0.00026293981	0.0075557706	0.11529909	0.94356559	4.3128943	12.544942	27.363464	49.939709	80.621643	118.15923	158.90992	196.46885	222.37757	228.04197	208.28202	165.34938	110.55770	59.906663	25.297280	8.1123410	2.0053604	0.40914937	0.075362188	0.013446426	0.0024211741	0.00044924031	8.6379684e-05	1.7225988e-05	3.4461395e-06	0.0000000	0.0000000	0.0000000	0.0000000	0.0000000	0.0000000	0.0000000	0.0000000	0.0000000
16.3360	0.0000000	0.0000000	0.0000000	0.0000000	0.0000000	0.0000000	0.0000000	0.0000000	0.0000000	0.0000000	0.0000000	0.0000000	0.0000000	0.0000000	0.0000000	0.0000000	0.0000000	0.0000000	0.0000000	0.0000000	0.0000000	0.0000000	0.0000000	0.0000000	0.0000000	0.0000000	0.0000000	0.0000000	0.0000000	0.0000000	0.0000000	0.0000000	0.0000000	0.0000000	0.0000000	0.0000000	0.0000000	0.0000000	0.0000000	0.0000000	3.5527465e-09	5.0830726e-07	3.5368788e-05	0.0013214157	0.026993415	0.30343898	1.8866942	6.7284184	15.617386	27.699004	41.782721	56.560720	70.400461	81.341813	87.307669	86.587450	78.435767	63.729204	45.270335	27.222249	13.326652	5.1056550	1.4912261	0.33702276	0.063232317	0.010807360	0.0017952622	0.00030220201	5.2668575e-05	9.5610754e-06	1.8097364e-06	3.4551335e-07	0.0000000	0.0000000	0.0000000	0.0000000	0.0000000	0.0000000	0.0000000	0.0000000	0.0000000
13.8900	0.0000000	0.0000000	0.0000000	0.0000000	0.0000000	0.0000000	0.0000000	0.0000000	0.0000000	0.0000000	0.0000000	0.0000000	0.0000000	0.0000000	0.0000000	0.0000000	0.0000000	0.0000000	0.0000000	0.0000000	0.0000000	0.0000000	0.0000000	0.0000000	0.0000000	0.0000000	0.0000000	0.0000000	0.0000000	0.0000000	0.0000000	0.0000000	0.0000000	0.0000000	0.0000000	0.0000000	0.0000000	0.0000000	0.0000000	0.0000000	9.8385296e-10	1.6381713e-07	1.3144430e-05	0.00056298513	0.013120077	0.16747084	1.1762557	4.7019394	12.091295	23.481601	38.382589	55.803897	74.080678	90.845051	103.14300	107.81060	102.47195	86.911628	64.104275	39.800307	20.014907	7.8426570	2.3344551	0.53609449	0.10174936	0.017470319	0.0029239655	0.00050511362	9.0264386e-05	1.6787473e-05	3.2530383e-06	6.3543689e-07	0.0000000	0.0000000	0.0000000	0.0000000	0.0000000	0.0000000	0.0000000	0.0000000	0.0000000
16.0040	0.0000000	0.0000000	0.0000000	0.0000000	0.0000000	0.0000000	0.0000000	0.0000000	0.0000000	0.0000000	0.0000000	0.0000000	0.0000000	0.0000000	0.0000000	0.0000000	0.0000000	0.0000000	0.0000000	0.0000000	0.0000000	0.0000000	0.0000000	0.0000000	0.0000000	0.0000000	0.0000000	0.0000000	0.0000000	0.0000000	0.0000000	0.0000000	0.0000000	0.0000000	0.0000000	0.0000000	0.0000000	0.0000000	0.0000000	0.0000000	2.1913838e-09	3.2627243e-07	2.3580581e-05	0.00091220702	0.019214025	0.22182823	1.4130618	5.1577128	12.256752	22.283096	34.486490	47.918450	61.224859	72.606458	79.989628	81.446528	75.773771	63.247138	46.159278	28.509956	14.323765	5.6243155	1.6808031	0.38798180	0.074050192	0.012780608	0.0021414892	0.00036321733	6.3711738e-05	1.1628087e-05	2.2104286e-06	4.2334009e-07	0.0000000	0.0000000	0.0000000	0.0000000	0.0000000	0.0000000	0.0000000	0.0000000	0.0000000
10.7700	0.0000000	0.0000000	0.0000000	0.0000000	0.0000000	0.0000000	0.0000000	0.0000000	0.0000000	0.0000000	0.0000000	0.0000000	0.0000000	0.0000000	0.0000000	0.0000000	0.0000000	0.0000000	0.0000000	0.0000000	0.0000000	0.0000000	0.0000000	0.0000000	0.0000000	0.0000000	0.0000000	0.0000000	0.0000000	0.0000000	0.0000000	0.0000000	0.0000000	0.0000000	0.0000000	0.0000000	0.0000000	0.0000000	0.0000000	0.0000000	9.6835290e-11	2.3200810e-08	2.5724718e-06	0.00014662518	0.0043921026	0.069854866	0.59537307	2.8288730	8.5235533	19.172181	35.930277	59.343140	88.706784	121.39158	152.45130	174.98432	181.63474	167.58776	134.10835	90.176909	49.026446	20.726178	6.6398923	1.6363751	0.33218380	0.060764054	0.010750483	0.0019178576	0.00035253058	6.7193305e-05	1.3299549e-05	2.6451874e-06	0.0000000	0.0000000	0.0000000	0.0000000	0.0000000	0.0000000	0.0000000	0.0000000	0.0000000
10.6570	0.0000000	0.0000000	0.0000000	0.0000000	0.0000000	0.0000000	0.0000000	0.0000000	0.0000000	0.0000000	0.0000000	0.0000000	0.0000000	0.0000000	0.0000000	0.0000000	0.0000000	0.0000000	0.0000000	0.0000000	0.0000000	0.0000000	0.0000000	0.0000000	0.0000000	0.0000000	0.0000000	0.0000000	0.0000000	0.0000000	0.0000000	0.0000000	0.0000000	0.0000000	0.0000000	0.0000000	0.0000000	0.0000000	0.0000000	0.0000000	5.4349853e-11	1.3013509e-08	1.4292753e-06	8.0270027e-05	0.0023663976	0.037154675	0.31495043	1.5050786	4.5866852	10.428161	19.740782	32.922099	49.679701	68.608074	86.910795	100.57229	105.17527	97.690291	78.636894	53.152604	29.025784	12.314131	3.9549464	0.97609241	0.19821184	0.036234083	0.0064031211	0.0011407611	0.00020940564	3.9861110e-05	7.8798224e-06	1.5655537e-06	0.0000000	0.0000000	0.0000000	0.0000000	0.0000000	0.0000000	0.0000000	0.0000000	0.0000000
12.6800	0.0000000	0.0000000	0.0000000	0.0000000	0.0000000	0.0000000	0.0000000	0.0000000	0.0000000	0.0000000	0.0000000	0.0000000	0.0000000	0.0000000	0.0000000	0.0000000	0.0000000	0.0000000	0.0000000	0.0000000	0.0000000	0.0000000	0.0000000	0.0000000	0.0000000	0.0000000	0.0000000	0.0000000	0.0000000	0.0000000	0.0000000	0.0000000	0.0000000	0.0000000	0.0000000	0.0000000	0.0000000	0.0000000	0.0000000	0.0000000	3.3643888e-10	6.0351279e-08	5.1662210e-06	0.00023427677	0.0057421754	0.076528394	0.55579687	2.2673323	5.8905251	11.482872	18.759665	27.212546	36.094291	44.381137	50.666184	53.406071	51.346279	44.170391	33.121972	20.975202	10.793844	4.3404760	1.3291542	0.31458839	0.061588842	0.010904230	0.0018735352	0.00032559828	5.8464971e-05	1.0911479e-05	2.1189673e-06	4.1430285e-07	0.0000000	0.0000000	0.0000000	0.0000000	0.0000000	0.0000000	0.0000000	0.0000000	0.0000000
11.0230	0.0000000	0.0000000	0.0000000	0.0000000	0.0000000	0.0000000	0.0000000	0.0000000	0.0000000	0.0000000	0.0000000	0.0000000	0.0000000	0.0000000	0.0000000	0.0000000	0.0000000	0.0000000	0.0000000	0.0000000	0.0000000	0.0000000	0.0000000	0.0000000	0.0000000	0.0000000	0.0000000	0.0000000	0.0000000	0.0000000	0.0000000	0.0000000	0.0000000	0.0000000	0.0000000	0.0000000	0.0000000	0.0000000	0.0000000	0.0000000	3.7112665e-11	8.5673386e-09	9.2233305e-07	5.1264096e-05	0.0014971586	0.023122082	0.19065200	0.87459171	2.5453388	5.6020584	10.423567	17.183704	25.749310	35.432472	44.823185	51.862911	54.309698	50.610263	40.965396	27.913748	15.408759	6.6229575	2.1579330	0.54059949	0.11141781	0.020660218	0.0037000518	0.00066736360	0.00012400708	2.3914619e-05	4.7965692e-06	9.6869304e-07	0.0000000	0.0000000	0.0000000	0.0000000	0.0000000	0.0000000	0.0000000	0.0000000	0.0000000
10.1150	0.0000000	0.0000000	0.0000000	0.0000000	0.0000000	0.0000000	0.0000000	0.0000000	0.0000000	0.0000000	0.0000000	0.0000000	0.0000000	0.0000000	0.0000000	0.0000000	0.0000000	0.0000000	0.0000000	0.0000000	0.0000000	0.0000000	0.0000000	0.0000000	0.0000000	0.0000000	0.0000000	0.0000000	0.0000000	0.0000000	0.0000000	0.0000000	0.0000000	0.0000000	0.0000000	0.0000000	0.0000000	0.0000000	0.0000000	0.0000000	5.1183514e-12	1.3474427e-09	1.6235155e-07	9.9594362e-06	0.00031841891	0.0053665595	0.048168367	0.23973143	0.75307562	1.7578894	3.4042935	5.7909297	8.8946941	12.489735	16.087643	18.944727	20.177663	19.098876	15.670570	10.795097	6.0073417	2.5992221	0.85267314	0.21537161	0.044857148	0.0084287523	0.0015333187	0.00028137496	5.3198542e-05	1.0424753e-05	2.1198986e-06	4.3289107e-07	0.0000000	0.0000000	0.0000000	0.0000000	0.0000000	0.0000000	0.0000000	0.0000000	0.0000000
