# DO NOT EDIT: written Thu Mar 14 18:48:37 2019 by wrt_emiss_fe17.pro
# faked emissivities [1e-23 ergs cm^3/s] for Fe17 lines from Del Zanna 2011, A&A 536, A59
# emissivities include ion balance, but not abundance, and are spline and ion balance jittered off of emiss_Fe17_00000.txt
# line 6 -- SEED, LOGT
# lines 7+ -- WVL, EMISSIVITY
      225709	4.00	4.05	4.10	4.15	4.20	4.25	4.30	4.35	4.40	4.45	4.50	4.55	4.60	4.65	4.70	4.75	4.80	4.85	4.90	4.95	5.00	5.05	5.10	5.15	5.20	5.25	5.30	5.35	5.40	5.45	5.50	5.55	5.60	5.65	5.70	5.75	5.80	5.85	5.90	5.95	6.00	6.05	6.10	6.15	6.20	6.25	6.30	6.35	6.40	6.45	6.50	6.55	6.60	6.65	6.70	6.75	6.80	6.85	6.90	6.95	7.00	7.05	7.10	7.15	7.20	7.25	7.30	7.35	7.40	7.45	7.50	7.55	7.60	7.65	7.70	7.75	7.80	7.85	7.90	7.95	8.00
15.0130	0.0000000	0.0000000	0.0000000	0.0000000	0.0000000	0.0000000	0.0000000	0.0000000	0.0000000	0.0000000	0.0000000	0.0000000	0.0000000	0.0000000	0.0000000	0.0000000	0.0000000	0.0000000	0.0000000	0.0000000	0.0000000	0.0000000	0.0000000	0.0000000	0.0000000	0.0000000	0.0000000	0.0000000	0.0000000	0.0000000	0.0000000	0.0000000	0.0000000	0.0000000	0.0000000	0.0000000	0.0000000	0.0000000	0.0000000	0.0000000	9.4382797e-08	1.4472183e-05	0.0010875097	0.042971768	0.90791494	10.376774	65.791815	244.50414	602.35051	1144.2375	1855.9592	2706.8426	3635.0922	4536.0616	5261.2957	5639.9082	5521.5848	4847.7220	3721.4713	2418.9776	1280.6576	531.05745	167.99308	40.636254	8.0176887	1.4152252	0.24060277	0.041214344	0.0072962613	0.0013482624	0.00026062102	5.0186659e-05	0.0000000	0.0000000	0.0000000	0.0000000	0.0000000	0.0000000	0.0000000	0.0000000	0.0000000
17.0510	0.0000000	0.0000000	0.0000000	0.0000000	0.0000000	0.0000000	0.0000000	0.0000000	0.0000000	0.0000000	0.0000000	0.0000000	0.0000000	0.0000000	0.0000000	0.0000000	0.0000000	0.0000000	0.0000000	0.0000000	0.0000000	0.0000000	0.0000000	0.0000000	0.0000000	0.0000000	0.0000000	0.0000000	0.0000000	0.0000000	0.0000000	0.0000000	0.0000000	0.0000000	0.0000000	0.0000000	0.0000000	0.0000000	0.0000000	0.0000000	2.5153350e-07	3.3967551e-05	0.0022731368	0.080563083	1.5314396	15.756132	89.976807	301.89664	674.63187	1170.4321	1745.7407	2354.6714	2937.7737	3418.3340	3708.4200	3727.9346	3430.5974	2836.4116	2053.2141	1259.4833	629.60088	246.60861	73.757666	17.093017	3.2831319	0.57112040	0.096517675	0.016511932	0.0029204742	0.00053717815	0.00010284749	1.9512329e-05	0.0000000	0.0000000	0.0000000	0.0000000	0.0000000	0.0000000	0.0000000	0.0000000	0.0000000
17.0960	0.0000000	0.0000000	0.0000000	0.0000000	0.0000000	0.0000000	0.0000000	0.0000000	0.0000000	0.0000000	0.0000000	0.0000000	0.0000000	0.0000000	0.0000000	0.0000000	0.0000000	0.0000000	0.0000000	0.0000000	0.0000000	0.0000000	0.0000000	0.0000000	0.0000000	0.0000000	0.0000000	0.0000000	0.0000000	0.0000000	0.0000000	0.0000000	0.0000000	0.0000000	0.0000000	0.0000000	0.0000000	0.0000000	0.0000000	0.0000000	2.4983565e-07	3.2794749e-05	0.0021395779	0.074362358	1.3981383	14.360537	82.473121	279.42799	631.17871	1105.0368	1659.0157	2245.4617	2800.5878	3243.1395	3484.3034	3450.1068	3111.1291	2508.9324	1763.9227	1046.7358	504.27154	189.67398	54.304394	12.015943	2.1993900	0.36416263	0.058554402	0.0095339106	0.0016062639	0.00028180850	5.1557127e-05	9.3679614e-06	0.0000000	0.0000000	0.0000000	0.0000000	0.0000000	0.0000000	0.0000000	0.0000000	0.0000000
16.7760	0.0000000	0.0000000	0.0000000	0.0000000	0.0000000	0.0000000	0.0000000	0.0000000	0.0000000	0.0000000	0.0000000	0.0000000	0.0000000	0.0000000	0.0000000	0.0000000	0.0000000	0.0000000	0.0000000	0.0000000	0.0000000	0.0000000	0.0000000	0.0000000	0.0000000	0.0000000	0.0000000	0.0000000	0.0000000	0.0000000	0.0000000	0.0000000	0.0000000	0.0000000	0.0000000	0.0000000	0.0000000	0.0000000	0.0000000	0.0000000	1.4624245e-07	1.9853299e-05	0.0013344586	0.047601733	0.91581723	9.6067812	56.291448	194.57672	448.44772	800.76125	1225.0075	1687.9121	2140.7946	2520.0790	2754.7226	2780.8197	2562.4657	2116.8376	1528.6672	934.42796	465.07620	181.24733	53.903700	12.415557	2.3692663	0.42761531	0.083907713	0.015808863	0.0027796259	0.00050852824	9.6905098e-05	1.6567496e-05	0.0000000	0.0000000	0.0000000	0.0000000	0.0000000	0.0000000	0.0000000	0.0000000	0.0000000
15.2620	0.0000000	0.0000000	0.0000000	0.0000000	0.0000000	0.0000000	0.0000000	0.0000000	0.0000000	0.0000000	0.0000000	0.0000000	0.0000000	0.0000000	0.0000000	0.0000000	0.0000000	0.0000000	0.0000000	0.0000000	0.0000000	0.0000000	0.0000000	0.0000000	0.0000000	0.0000000	0.0000000	0.0000000	0.0000000	0.0000000	0.0000000	0.0000000	0.0000000	0.0000000	0.0000000	0.0000000	0.0000000	0.0000000	0.0000000	0.0000000	3.3208031e-08	5.0047548e-06	0.00037007885	0.014401620	0.29981738	3.3763472	21.086650	77.218194	187.67000	352.41548	566.62252	821.48291	1098.9281	1367.9079	1584.1888	1696.5247	1659.5913	1455.6597	1115.8934	723.76718	381.95671	155.73557	48.199011	11.541870	2.2868398	0.40963701	0.071163937	0.012495953	0.0022655204	0.00042668980	8.3611921e-05	1.6239009e-05	0.0000000	0.0000000	0.0000000	0.0000000	0.0000000	0.0000000	0.0000000	0.0000000	0.0000000
12.1240	0.0000000	0.0000000	0.0000000	0.0000000	0.0000000	0.0000000	0.0000000	0.0000000	0.0000000	0.0000000	0.0000000	0.0000000	0.0000000	0.0000000	0.0000000	0.0000000	0.0000000	0.0000000	0.0000000	0.0000000	0.0000000	0.0000000	0.0000000	0.0000000	0.0000000	0.0000000	0.0000000	0.0000000	0.0000000	0.0000000	0.0000000	0.0000000	0.0000000	0.0000000	0.0000000	0.0000000	0.0000000	0.0000000	0.0000000	0.0000000	1.9318146e-09	3.7151020e-07	3.4116336e-05	0.0016144219	0.040431983	0.53654304	3.8777207	16.172281	44.124163	91.734047	161.06356	251.65918	358.84619	475.32363	580.76574	651.33078	663.05667	601.95969	475.40212	316.36143	170.67042	71.793583	22.954362	5.6614155	1.1521923	0.21140901	0.037512230	0.0067078454	0.0012347092	0.00023539243	4.6550272e-05	9.0964905e-06	0.0000000	0.0000000	0.0000000	0.0000000	0.0000000	0.0000000	0.0000000	0.0000000	0.0000000
12.2640	0.0000000	0.0000000	0.0000000	0.0000000	0.0000000	0.0000000	0.0000000	0.0000000	0.0000000	0.0000000	0.0000000	0.0000000	0.0000000	0.0000000	0.0000000	0.0000000	0.0000000	0.0000000	0.0000000	0.0000000	0.0000000	0.0000000	0.0000000	0.0000000	0.0000000	0.0000000	0.0000000	0.0000000	0.0000000	0.0000000	0.0000000	0.0000000	0.0000000	0.0000000	0.0000000	0.0000000	0.0000000	0.0000000	0.0000000	0.0000000	2.1147854e-09	4.0549369e-07	3.7206035e-05	0.0017571306	0.043516992	0.57260792	4.1103797	17.033232	46.152347	95.241327	165.94224	257.32044	363.95197	474.20818	569.79766	628.18688	628.30235	560.08409	434.07912	283.42986	150.08428	62.021146	19.504472	4.7390987	0.95184569	0.17267105	0.030348508	0.0053861535	0.00098609854	0.00018739812	3.7017931e-05	7.2399711e-06	0.0000000	0.0000000	0.0000000	0.0000000	0.0000000	0.0000000	0.0000000	0.0000000	0.0000000
13.8250	0.0000000	0.0000000	0.0000000	0.0000000	0.0000000	0.0000000	0.0000000	0.0000000	0.0000000	0.0000000	0.0000000	0.0000000	0.0000000	0.0000000	0.0000000	0.0000000	0.0000000	0.0000000	0.0000000	0.0000000	0.0000000	0.0000000	0.0000000	0.0000000	0.0000000	0.0000000	0.0000000	0.0000000	0.0000000	0.0000000	0.0000000	0.0000000	0.0000000	0.0000000	0.0000000	0.0000000	0.0000000	0.0000000	0.0000000	0.0000000	3.6538349e-09	5.9269369e-07	4.7138438e-05	0.0019757967	0.044405294	0.54092646	3.6554153	14.440873	37.602772	75.029841	127.11979	192.72983	268.01061	345.36384	412.87009	455.13619	456.92944	409.85680	320.00513	210.51826	112.30369	46.750900	14.811676	3.6261276	0.73417302	0.13439837	0.023866901	0.0042850794	0.00079445408	0.00015299628	3.0635341e-05	6.0725573e-06	0.0000000	0.0000000	0.0000000	0.0000000	0.0000000	0.0000000	0.0000000	0.0000000	0.0000000
15.4530	0.0000000	0.0000000	0.0000000	0.0000000	0.0000000	0.0000000	0.0000000	0.0000000	0.0000000	0.0000000	0.0000000	0.0000000	0.0000000	0.0000000	0.0000000	0.0000000	0.0000000	0.0000000	0.0000000	0.0000000	0.0000000	0.0000000	0.0000000	0.0000000	0.0000000	0.0000000	0.0000000	0.0000000	0.0000000	0.0000000	0.0000000	0.0000000	0.0000000	0.0000000	0.0000000	0.0000000	0.0000000	0.0000000	0.0000000	0.0000000	1.1297300e-08	1.6596657e-06	0.00011971990	0.0045451156	0.092259910	1.0119412	6.1449356	21.819337	51.218249	92.424925	141.92483	195.23291	246.26576	287.30568	310.05892	307.82405	277.92474	224.15375	157.51050	93.410758	44.997193	16.941580	4.8614452	1.0795875	0.19858852	0.033085854	0.0053585163	0.00087958740	0.00014951886	2.6484737e-05	4.8943859e-06	8.9852159e-07	0.0000000	0.0000000	0.0000000	0.0000000	0.0000000	0.0000000	0.0000000	0.0000000	0.0000000
11.2500	0.0000000	0.0000000	0.0000000	0.0000000	0.0000000	0.0000000	0.0000000	0.0000000	0.0000000	0.0000000	0.0000000	0.0000000	0.0000000	0.0000000	0.0000000	0.0000000	0.0000000	0.0000000	0.0000000	0.0000000	0.0000000	0.0000000	0.0000000	0.0000000	0.0000000	0.0000000	0.0000000	0.0000000	0.0000000	0.0000000	0.0000000	0.0000000	0.0000000	0.0000000	0.0000000	0.0000000	0.0000000	0.0000000	0.0000000	0.0000000	3.9272136e-10	8.5640702e-08	8.8220093e-06	0.00046239731	0.012576205	0.17999084	1.3932960	6.1801227	17.811325	38.867322	71.187255	115.32865	169.31323	227.38291	279.55897	313.07580	316.01052	282.68651	218.78183	142.02061	74.461380	30.354385	9.3862796	2.2364325	0.44443139	0.081201634	0.014358190	0.0025608522	0.00047065458	8.9692063e-05	1.7747194e-05	3.4727178e-06	0.0000000	0.0000000	0.0000000	0.0000000	0.0000000	0.0000000	0.0000000	0.0000000	0.0000000
11.1290	0.0000000	0.0000000	0.0000000	0.0000000	0.0000000	0.0000000	0.0000000	0.0000000	0.0000000	0.0000000	0.0000000	0.0000000	0.0000000	0.0000000	0.0000000	0.0000000	0.0000000	0.0000000	0.0000000	0.0000000	0.0000000	0.0000000	0.0000000	0.0000000	0.0000000	0.0000000	0.0000000	0.0000000	0.0000000	0.0000000	0.0000000	0.0000000	0.0000000	0.0000000	0.0000000	0.0000000	0.0000000	0.0000000	0.0000000	0.0000000	2.6578385e-10	5.8328721e-08	6.0358989e-06	0.00031723534	0.0086401012	0.12371920	0.95768676	4.2468320	12.235998	26.703065	48.952862	79.485881	117.17028	158.37367	196.55239	222.97638	228.76000	208.61203	165.01242	109.71912	59.033828	24.734027	7.8698132	1.9307276	0.39087253	0.071374968	0.012611202	0.0022471389	0.00041251688	7.8503532e-05	1.5508193e-05	3.0290001e-06	0.0000000	0.0000000	0.0000000	0.0000000	0.0000000	0.0000000	0.0000000	0.0000000	0.0000000
16.3360	0.0000000	0.0000000	0.0000000	0.0000000	0.0000000	0.0000000	0.0000000	0.0000000	0.0000000	0.0000000	0.0000000	0.0000000	0.0000000	0.0000000	0.0000000	0.0000000	0.0000000	0.0000000	0.0000000	0.0000000	0.0000000	0.0000000	0.0000000	0.0000000	0.0000000	0.0000000	0.0000000	0.0000000	0.0000000	0.0000000	0.0000000	0.0000000	0.0000000	0.0000000	0.0000000	0.0000000	0.0000000	0.0000000	0.0000000	0.0000000	4.8853522e-09	6.6457809e-07	4.4568599e-05	0.0015791920	0.030064498	0.31090084	1.7878923	6.0348245	13.544025	24.044385	36.459202	49.701152	62.341452	72.598340	78.522135	78.434756	71.509428	58.423669	41.693217	25.167651	12.364783	4.7559231	1.3961108	0.31752410	0.059869407	0.010229334	0.0016995988	0.00028623895	4.9915778e-05	9.0670194e-06	1.7172135e-06	3.2281125e-07	0.0000000	0.0000000	0.0000000	0.0000000	0.0000000	0.0000000	0.0000000	0.0000000	0.0000000
13.8900	0.0000000	0.0000000	0.0000000	0.0000000	0.0000000	0.0000000	0.0000000	0.0000000	0.0000000	0.0000000	0.0000000	0.0000000	0.0000000	0.0000000	0.0000000	0.0000000	0.0000000	0.0000000	0.0000000	0.0000000	0.0000000	0.0000000	0.0000000	0.0000000	0.0000000	0.0000000	0.0000000	0.0000000	0.0000000	0.0000000	0.0000000	0.0000000	0.0000000	0.0000000	0.0000000	0.0000000	0.0000000	0.0000000	0.0000000	0.0000000	1.6011238e-09	2.5389860e-07	1.9682226e-05	0.00080205546	0.017490398	0.20639661	1.3488594	5.1409467	12.865248	24.563651	39.662648	57.113871	75.239578	91.719106	103.70437	108.15839	102.79925	87.381057	64.717835	40.419869	20.487776	8.1113737	2.4467132	0.57103338	0.11037855	0.019320859	0.0032865625	0.00056634375	0.00010099922	1.8753691e-05	3.6296881e-06	6.9722029e-07	0.0000000	0.0000000	0.0000000	0.0000000	0.0000000	0.0000000	0.0000000	0.0000000	0.0000000
16.0040	0.0000000	0.0000000	0.0000000	0.0000000	0.0000000	0.0000000	0.0000000	0.0000000	0.0000000	0.0000000	0.0000000	0.0000000	0.0000000	0.0000000	0.0000000	0.0000000	0.0000000	0.0000000	0.0000000	0.0000000	0.0000000	0.0000000	0.0000000	0.0000000	0.0000000	0.0000000	0.0000000	0.0000000	0.0000000	0.0000000	0.0000000	0.0000000	0.0000000	0.0000000	0.0000000	0.0000000	0.0000000	0.0000000	0.0000000	0.0000000	3.0733559e-09	4.3996873e-07	3.1054726e-05	0.0011563200	0.023062808	0.24903435	1.4920168	5.2403050	12.202608	21.897269	33.495821	45.951412	57.842028	67.430951	72.918653	72.827775	66.473091	54.472972	39.062231	23.729141	11.743485	4.5527996	1.3476853	0.30923788	0.058858529	0.010157168	0.0017053749	0.00029040136	5.1232310e-05	9.4191604e-06	1.8061242e-06	3.4379719e-07	0.0000000	0.0000000	0.0000000	0.0000000	0.0000000	0.0000000	0.0000000	0.0000000	0.0000000
10.7700	0.0000000	0.0000000	0.0000000	0.0000000	0.0000000	0.0000000	0.0000000	0.0000000	0.0000000	0.0000000	0.0000000	0.0000000	0.0000000	0.0000000	0.0000000	0.0000000	0.0000000	0.0000000	0.0000000	0.0000000	0.0000000	0.0000000	0.0000000	0.0000000	0.0000000	0.0000000	0.0000000	0.0000000	0.0000000	0.0000000	0.0000000	0.0000000	0.0000000	0.0000000	0.0000000	0.0000000	0.0000000	0.0000000	0.0000000	0.0000000	1.4705264e-10	3.3617017e-08	3.6114802e-06	0.00019657540	0.0055342266	0.081774818	0.65187831	2.9683865	8.7453373	19.418963	36.062323	59.100876	87.690339	119.08824	148.34806	168.75291	173.38373	158.10025	124.86603	82.803713	44.404828	18.542763	5.8837244	1.4412604	0.29186843	0.053446386	0.0094936645	0.0017040426	0.00031558613	6.0650793e-05	1.2106741e-05	2.3896938e-06	0.0000000	0.0000000	0.0000000	0.0000000	0.0000000	0.0000000	0.0000000	0.0000000	0.0000000
10.6570	0.0000000	0.0000000	0.0000000	0.0000000	0.0000000	0.0000000	0.0000000	0.0000000	0.0000000	0.0000000	0.0000000	0.0000000	0.0000000	0.0000000	0.0000000	0.0000000	0.0000000	0.0000000	0.0000000	0.0000000	0.0000000	0.0000000	0.0000000	0.0000000	0.0000000	0.0000000	0.0000000	0.0000000	0.0000000	0.0000000	0.0000000	0.0000000	0.0000000	0.0000000	0.0000000	0.0000000	0.0000000	0.0000000	0.0000000	0.0000000	7.4149399e-11	1.7208549e-08	1.8712582e-06	0.00010282708	0.0029162773	0.043327441	0.34670746	1.5830945	4.6764373	10.418681	19.430851	32.015403	47.808978	65.403852	82.123567	94.223491	97.697188	89.954291	71.763171	48.069581	26.024695	10.959231	3.5008783	0.86141988	0.17474426	0.031954647	0.0056538204	0.0010091641	0.00018568838	3.5446479e-05	7.0297751e-06	1.3795165e-06	0.0000000	0.0000000	0.0000000	0.0000000	0.0000000	0.0000000	0.0000000	0.0000000	0.0000000
12.6800	0.0000000	0.0000000	0.0000000	0.0000000	0.0000000	0.0000000	0.0000000	0.0000000	0.0000000	0.0000000	0.0000000	0.0000000	0.0000000	0.0000000	0.0000000	0.0000000	0.0000000	0.0000000	0.0000000	0.0000000	0.0000000	0.0000000	0.0000000	0.0000000	0.0000000	0.0000000	0.0000000	0.0000000	0.0000000	0.0000000	0.0000000	0.0000000	0.0000000	0.0000000	0.0000000	0.0000000	0.0000000	0.0000000	0.0000000	0.0000000	4.6047236e-10	7.8957615e-08	6.5699241e-06	0.00028580562	0.0066218608	0.082558109	0.56528791	2.2299783	5.7214577	11.130505	18.231255	26.571881	35.442728	43.826388	50.287340	53.216783	51.283936	44.129143	33.023167	20.818488	10.641062	4.2426118	1.2865371	0.30119468	0.058247045	0.010173068	0.0017222978	0.00029471741	5.2096579e-05	9.5762519e-06	1.8337755e-06	3.4862790e-07	0.0000000	0.0000000	0.0000000	0.0000000	0.0000000	0.0000000	0.0000000	0.0000000	0.0000000
11.0230	0.0000000	0.0000000	0.0000000	0.0000000	0.0000000	0.0000000	0.0000000	0.0000000	0.0000000	0.0000000	0.0000000	0.0000000	0.0000000	0.0000000	0.0000000	0.0000000	0.0000000	0.0000000	0.0000000	0.0000000	0.0000000	0.0000000	0.0000000	0.0000000	0.0000000	0.0000000	0.0000000	0.0000000	0.0000000	0.0000000	0.0000000	0.0000000	0.0000000	0.0000000	0.0000000	0.0000000	0.0000000	0.0000000	0.0000000	0.0000000	6.4409739e-11	1.4392232e-08	1.5252134e-06	8.2370456e-05	0.0023036395	0.033718796	0.26556867	1.1935024	3.4747385	7.6530225	14.173983	23.294502	34.815963	47.783092	60.268379	55.408829	53.549293	49.639188	39.932390	27.023846	14.813476	6.3269323	2.0516639	0.52760192	0.12275732	0.024515865	0.0045489370	0.00082656835	0.00015157208	2.8431615e-05	5.4992922e-06	1.0518779e-06	0.0000000	0.0000000	0.0000000	0.0000000	0.0000000	0.0000000	0.0000000	0.0000000	0.0000000
10.1150	0.0000000	0.0000000	0.0000000	0.0000000	0.0000000	0.0000000	0.0000000	0.0000000	0.0000000	0.0000000	0.0000000	0.0000000	0.0000000	0.0000000	0.0000000	0.0000000	0.0000000	0.0000000	0.0000000	0.0000000	0.0000000	0.0000000	0.0000000	0.0000000	0.0000000	0.0000000	0.0000000	0.0000000	0.0000000	0.0000000	0.0000000	0.0000000	0.0000000	0.0000000	0.0000000	0.0000000	0.0000000	0.0000000	0.0000000	0.0000000	6.7032287e-12	1.7096548e-09	2.0458817e-07	1.2420776e-05	0.00039108573	0.0064365768	0.056421754	0.27854190	0.86705303	2.0143205	3.8990429	6.6412007	10.220653	14.380210	18.553159	21.831883	22.867515	21.213653	17.007190	11.419359	6.1845247	2.6035530	0.83203169	0.20520177	0.041845032	0.0077211924	0.0013840134	0.00025123597	4.7162352e-05	9.2068722e-06	1.8705978e-06	3.7654957e-07	0.0000000	0.0000000	0.0000000	0.0000000	0.0000000	0.0000000	0.0000000	0.0000000	0.0000000
