# DO NOT EDIT: written Thu Mar 14 18:48:37 2019 by wrt_emiss_fe17.pro
# faked emissivities [1e-23 ergs cm^3/s] for Fe17 lines from Del Zanna 2011, A&A 536, A59
# emissivities include ion balance, but not abundance, and are spline and ion balance jittered off of emiss_Fe17_00000.txt
# line 6 -- SEED, LOGT
# lines 7+ -- WVL, EMISSIVITY
      538831	4.00	4.05	4.10	4.15	4.20	4.25	4.30	4.35	4.40	4.45	4.50	4.55	4.60	4.65	4.70	4.75	4.80	4.85	4.90	4.95	5.00	5.05	5.10	5.15	5.20	5.25	5.30	5.35	5.40	5.45	5.50	5.55	5.60	5.65	5.70	5.75	5.80	5.85	5.90	5.95	6.00	6.05	6.10	6.15	6.20	6.25	6.30	6.35	6.40	6.45	6.50	6.55	6.60	6.65	6.70	6.75	6.80	6.85	6.90	6.95	7.00	7.05	7.10	7.15	7.20	7.25	7.30	7.35	7.40	7.45	7.50	7.55	7.60	7.65	7.70	7.75	7.80	7.85	7.90	7.95	8.00
15.0130	0.0000000	0.0000000	0.0000000	0.0000000	0.0000000	0.0000000	0.0000000	0.0000000	0.0000000	0.0000000	0.0000000	0.0000000	0.0000000	0.0000000	0.0000000	0.0000000	0.0000000	0.0000000	0.0000000	0.0000000	0.0000000	0.0000000	0.0000000	0.0000000	0.0000000	0.0000000	0.0000000	0.0000000	0.0000000	0.0000000	0.0000000	0.0000000	0.0000000	0.0000000	0.0000000	0.0000000	0.0000000	0.0000000	0.0000000	0.0000000	6.9635137e-08	1.1401577e-05	0.00089271986	0.037469838	0.85815448	10.771419	54.776392	213.48022	536.66042	1026.5252	1666.6001	2425.4121	3243.4789	4024.4828	5573.9270	6676.5556	6488.1230	5654.4318	4309.2076	2780.3557	1460.0260	599.48369	187.35697	45.190697	8.9997544	1.6181362	0.28192685	0.049621573	0.0090147756	0.0017008837	0.00033383784	6.6273680e-05	0.0000000	0.0000000	0.0000000	0.0000000	0.0000000	0.0000000	0.0000000	0.0000000	0.0000000
17.0510	0.0000000	0.0000000	0.0000000	0.0000000	0.0000000	0.0000000	0.0000000	0.0000000	0.0000000	0.0000000	0.0000000	0.0000000	0.0000000	0.0000000	0.0000000	0.0000000	0.0000000	0.0000000	0.0000000	0.0000000	0.0000000	0.0000000	0.0000000	0.0000000	0.0000000	0.0000000	0.0000000	0.0000000	0.0000000	0.0000000	0.0000000	0.0000000	0.0000000	0.0000000	0.0000000	0.0000000	0.0000000	0.0000000	0.0000000	0.0000000	1.3807222e-07	1.9890901e-05	0.0013892319	0.052564763	1.0933696	12.536655	79.164227	284.39302	661.77167	1176.5096	1781.9808	2427.0907	3045.7086	3554.0418	3858.1327	3875.0669	3559.7427	2937.0171	2121.5498	1298.7809	647.77892	252.92379	75.279863	17.330336	3.3034330	0.57034767	0.095761434	0.016302976	0.0028758131	0.00052891196	0.00010152740	1.9751321e-05	0.0000000	0.0000000	0.0000000	0.0000000	0.0000000	0.0000000	0.0000000	0.0000000	0.0000000
17.0960	0.0000000	0.0000000	0.0000000	0.0000000	0.0000000	0.0000000	0.0000000	0.0000000	0.0000000	0.0000000	0.0000000	0.0000000	0.0000000	0.0000000	0.0000000	0.0000000	0.0000000	0.0000000	0.0000000	0.0000000	0.0000000	0.0000000	0.0000000	0.0000000	0.0000000	0.0000000	0.0000000	0.0000000	0.0000000	0.0000000	0.0000000	0.0000000	0.0000000	0.0000000	0.0000000	0.0000000	0.0000000	0.0000000	0.0000000	0.0000000	1.5957830e-07	2.2615511e-05	0.0015224032	0.055626845	1.1216932	12.517704	77.196112	271.57619	620.36631	1084.8275	1618.5248	2174.2337	2693.6808	3105.4741	3332.4667	3309.5315	3005.7526	2450.6901	1747.7202	1054.7184	517.46980	198.21321	57.701529	12.950838	2.3989675	0.40120021	0.065045531	0.010659634	0.0018042201	0.00031742984	5.8143013e-05	1.0777934e-05	0.0000000	0.0000000	0.0000000	0.0000000	0.0000000	0.0000000	0.0000000	0.0000000	0.0000000
16.7760	0.0000000	0.0000000	0.0000000	0.0000000	0.0000000	0.0000000	0.0000000	0.0000000	0.0000000	0.0000000	0.0000000	0.0000000	0.0000000	0.0000000	0.0000000	0.0000000	0.0000000	0.0000000	0.0000000	0.0000000	0.0000000	0.0000000	0.0000000	0.0000000	0.0000000	0.0000000	0.0000000	0.0000000	0.0000000	0.0000000	0.0000000	0.0000000	0.0000000	0.0000000	0.0000000	0.0000000	0.0000000	0.0000000	0.0000000	0.0000000	1.0047653e-07	1.4600274e-05	0.0010246809	0.038894410	0.81229982	9.3680533	59.610573	216.16172	508.35142	913.70954	1398.5264	1922.3407	2428.2316	2844.8387	3095.8719	3115.3143	2867.1120	2370.4708	1716.6841	1054.1412	527.56641	206.72341	61.740606	14.256677	2.7240918	0.47109089	0.079154706	0.013471983	0.0023729264	0.00043517798	8.3193011e-05	1.6109980e-05	0.0000000	0.0000000	0.0000000	0.0000000	0.0000000	0.0000000	0.0000000	0.0000000	0.0000000
15.2620	0.0000000	0.0000000	0.0000000	0.0000000	0.0000000	0.0000000	0.0000000	0.0000000	0.0000000	0.0000000	0.0000000	0.0000000	0.0000000	0.0000000	0.0000000	0.0000000	0.0000000	0.0000000	0.0000000	0.0000000	0.0000000	0.0000000	0.0000000	0.0000000	0.0000000	0.0000000	0.0000000	0.0000000	0.0000000	0.0000000	0.0000000	0.0000000	0.0000000	0.0000000	0.0000000	0.0000000	0.0000000	0.0000000	0.0000000	0.0000000	2.2209902e-08	3.5854391e-06	0.00027766792	0.011555159	0.26277530	3.2760979	22.375349	86.512592	215.66325	409.00946	658.53454	951.01903	1262.9000	1556.9668	1783.3507	1887.6331	1825.1488	1583.2256	1201.3269	771.93730	403.77911	165.16823	51.430849	12.360746	2.4531264	0.43960174	0.076349189	0.013398080	0.0024272597	0.00045678758	8.9443739e-05	1.7717395e-05	0.0000000	0.0000000	0.0000000	0.0000000	0.0000000	0.0000000	0.0000000	0.0000000	0.0000000
12.1240	0.0000000	0.0000000	0.0000000	0.0000000	0.0000000	0.0000000	0.0000000	0.0000000	0.0000000	0.0000000	0.0000000	0.0000000	0.0000000	0.0000000	0.0000000	0.0000000	0.0000000	0.0000000	0.0000000	0.0000000	0.0000000	0.0000000	0.0000000	0.0000000	0.0000000	0.0000000	0.0000000	0.0000000	0.0000000	0.0000000	0.0000000	0.0000000	0.0000000	0.0000000	0.0000000	0.0000000	0.0000000	0.0000000	0.0000000	0.0000000	1.2643405e-09	2.6472034e-07	2.5788746e-05	0.0013141279	0.035745136	0.52241996	4.1120668	18.063094	50.540326	106.40110	188.21225	295.67429	423.12582	557.18204	676.17780	752.87483	760.86385	685.88340	537.99620	355.60020	190.42943	79.388851	25.087431	6.0961811	1.2193893	0.21965696	0.038267110	0.0067251019	0.0012188676	0.00022937567	4.4908616e-05	8.8968000e-06	0.0000000	0.0000000	0.0000000	0.0000000	0.0000000	0.0000000	0.0000000	0.0000000	0.0000000
12.2640	0.0000000	0.0000000	0.0000000	0.0000000	0.0000000	0.0000000	0.0000000	0.0000000	0.0000000	0.0000000	0.0000000	0.0000000	0.0000000	0.0000000	0.0000000	0.0000000	0.0000000	0.0000000	0.0000000	0.0000000	0.0000000	0.0000000	0.0000000	0.0000000	0.0000000	0.0000000	0.0000000	0.0000000	0.0000000	0.0000000	0.0000000	0.0000000	0.0000000	0.0000000	0.0000000	0.0000000	0.0000000	0.0000000	0.0000000	0.0000000	1.3104791e-09	2.7280956e-07	2.6510664e-05	0.0013512393	0.036838674	0.54031522	4.2691854	18.805818	52.664680	110.76247	195.40872	305.76587	435.46622	570.56191	688.90425	763.02259	766.86065	687.22022	535.67746	351.86449	187.35821	77.743693	24.488260	5.9422277	1.1890374	0.21454335	0.037467700	0.0066029185	0.0011999164	0.00022628693	4.4353210e-05	8.7828677e-06	0.0000000	0.0000000	0.0000000	0.0000000	0.0000000	0.0000000	0.0000000	0.0000000	0.0000000
13.8250	0.0000000	0.0000000	0.0000000	0.0000000	0.0000000	0.0000000	0.0000000	0.0000000	0.0000000	0.0000000	0.0000000	0.0000000	0.0000000	0.0000000	0.0000000	0.0000000	0.0000000	0.0000000	0.0000000	0.0000000	0.0000000	0.0000000	0.0000000	0.0000000	0.0000000	0.0000000	0.0000000	0.0000000	0.0000000	0.0000000	0.0000000	0.0000000	0.0000000	0.0000000	0.0000000	0.0000000	0.0000000	0.0000000	0.0000000	0.0000000	2.6423034e-09	4.4366368e-07	3.5455376e-05	0.0015169824	0.035473947	0.45628125	3.2329789	13.084266	34.916912	70.478457	120.14374	190.59680	283.53336	391.76559	489.99733	553.92223	561.04528	500.74858	384.28525	245.65818	125.90388	49.760553	14.819784	3.6318019	0.73441758	0.13407605	0.023722230	0.0042407326	0.00078250890	0.00014992750	2.9859630e-05	6.0064941e-06	0.0000000	0.0000000	0.0000000	0.0000000	0.0000000	0.0000000	0.0000000	0.0000000	0.0000000
15.4530	0.0000000	0.0000000	0.0000000	0.0000000	0.0000000	0.0000000	0.0000000	0.0000000	0.0000000	0.0000000	0.0000000	0.0000000	0.0000000	0.0000000	0.0000000	0.0000000	0.0000000	0.0000000	0.0000000	0.0000000	0.0000000	0.0000000	0.0000000	0.0000000	0.0000000	0.0000000	0.0000000	0.0000000	0.0000000	0.0000000	0.0000000	0.0000000	0.0000000	0.0000000	0.0000000	0.0000000	0.0000000	0.0000000	0.0000000	0.0000000	6.3473480e-09	1.0012873e-06	7.5668680e-05	0.0030640834	0.067532948	0.81205339	5.3245958	19.681516	46.718204	84.051950	127.93250	174.09751	217.28390	251.22026	269.43455	266.84602	241.43155	195.99338	139.17216	83.678367	40.955662	15.678686	4.5709553	1.0296340	0.19182141	0.032330271	0.0052922071	0.00087716904	0.00015040921	2.6848729e-05	4.9958233e-06	9.4168757e-07	0.0000000	0.0000000	0.0000000	0.0000000	0.0000000	0.0000000	0.0000000	0.0000000	0.0000000
11.2500	0.0000000	0.0000000	0.0000000	0.0000000	0.0000000	0.0000000	0.0000000	0.0000000	0.0000000	0.0000000	0.0000000	0.0000000	0.0000000	0.0000000	0.0000000	0.0000000	0.0000000	0.0000000	0.0000000	0.0000000	0.0000000	0.0000000	0.0000000	0.0000000	0.0000000	0.0000000	0.0000000	0.0000000	0.0000000	0.0000000	0.0000000	0.0000000	0.0000000	0.0000000	0.0000000	0.0000000	0.0000000	0.0000000	0.0000000	0.0000000	2.2235051e-10	5.0685235e-08	5.3414290e-06	0.00029275318	0.0085196232	0.13256218	1.1056055	5.1217801	15.047311	33.137655	61.104579	99.747323	147.88824	201.19655	251.50529	287.56565	297.56464	273.96123	219.01135	147.30203	80.183037	33.960046	10.901639	2.6920483	0.54754172	0.10033300	0.017779567	0.0031765511	0.00058469289	0.00011157458	2.2105487e-05	4.4199753e-06	0.0000000	0.0000000	0.0000000	0.0000000	0.0000000	0.0000000	0.0000000	0.0000000	0.0000000
11.1290	0.0000000	0.0000000	0.0000000	0.0000000	0.0000000	0.0000000	0.0000000	0.0000000	0.0000000	0.0000000	0.0000000	0.0000000	0.0000000	0.0000000	0.0000000	0.0000000	0.0000000	0.0000000	0.0000000	0.0000000	0.0000000	0.0000000	0.0000000	0.0000000	0.0000000	0.0000000	0.0000000	0.0000000	0.0000000	0.0000000	0.0000000	0.0000000	0.0000000	0.0000000	0.0000000	0.0000000	0.0000000	0.0000000	0.0000000	0.0000000	1.8207569e-10	4.2528914e-08	4.5646740e-06	0.00025339751	0.0074320174	0.11602568	0.96704092	4.4607271	13.006517	28.349424	51.626997	83.099109	121.35998	162.55281	200.04887	225.26000	229.68432	208.49467	164.43182	109.17347	58.708852	24.585712	7.8115615	1.9114298	0.38573628	0.070239879	0.012390111	0.0022077634	0.00040614651	7.7639847e-05	1.5448351e-05	3.1106672e-06	0.0000000	0.0000000	0.0000000	0.0000000	0.0000000	0.0000000	0.0000000	0.0000000	0.0000000
16.3360	0.0000000	0.0000000	0.0000000	0.0000000	0.0000000	0.0000000	0.0000000	0.0000000	0.0000000	0.0000000	0.0000000	0.0000000	0.0000000	0.0000000	0.0000000	0.0000000	0.0000000	0.0000000	0.0000000	0.0000000	0.0000000	0.0000000	0.0000000	0.0000000	0.0000000	0.0000000	0.0000000	0.0000000	0.0000000	0.0000000	0.0000000	0.0000000	0.0000000	0.0000000	0.0000000	0.0000000	0.0000000	0.0000000	0.0000000	0.0000000	2.8352503e-09	4.1729062e-07	2.9637405e-05	0.0011371922	0.023993668	0.27937119	1.7921776	6.5383660	15.433056	27.769784	42.474978	58.312022	73.641723	86.374428	94.155920	94.875221	87.350103	72.152025	52.111390	31.857921	15.849810	6.1660283	1.8262980	0.41785447	0.079054213	0.013527334	0.0022479416	0.00037828844	6.5869831e-05	1.1940197e-05	2.2556512e-06	4.3148156e-07	0.0000000	0.0000000	0.0000000	0.0000000	0.0000000	0.0000000	0.0000000	0.0000000	0.0000000
13.8900	0.0000000	0.0000000	0.0000000	0.0000000	0.0000000	0.0000000	0.0000000	0.0000000	0.0000000	0.0000000	0.0000000	0.0000000	0.0000000	0.0000000	0.0000000	0.0000000	0.0000000	0.0000000	0.0000000	0.0000000	0.0000000	0.0000000	0.0000000	0.0000000	0.0000000	0.0000000	0.0000000	0.0000000	0.0000000	0.0000000	0.0000000	0.0000000	0.0000000	0.0000000	0.0000000	0.0000000	0.0000000	0.0000000	0.0000000	0.0000000	9.1310542e-10	1.5225776e-07	1.2128001e-05	0.00051857337	0.012132466	0.15596588	1.0997493	4.3804648	11.171548	21.496579	34.854391	50.368431	66.632726	81.669472	92.984612	97.823294	93.964232	80.878562	60.768082	38.558613	19.869535	7.9938828	2.4462311	0.57793022	0.11287765	0.019941677	0.0034214064	0.00059441183	0.00010684492	1.9990551e-05	3.8968320e-06	7.6881572e-07	0.0000000	0.0000000	0.0000000	0.0000000	0.0000000	0.0000000	0.0000000	0.0000000	0.0000000
16.0040	0.0000000	0.0000000	0.0000000	0.0000000	0.0000000	0.0000000	0.0000000	0.0000000	0.0000000	0.0000000	0.0000000	0.0000000	0.0000000	0.0000000	0.0000000	0.0000000	0.0000000	0.0000000	0.0000000	0.0000000	0.0000000	0.0000000	0.0000000	0.0000000	0.0000000	0.0000000	0.0000000	0.0000000	0.0000000	0.0000000	0.0000000	0.0000000	0.0000000	0.0000000	0.0000000	0.0000000	0.0000000	0.0000000	0.0000000	0.0000000	2.0589528e-09	3.1099063e-07	2.2467268e-05	0.00087401093	0.018613650	0.21782179	1.4003506	5.1125222	12.074222	21.754074	33.340771	45.894590	58.156445	68.513754	75.145088	76.372617	71.138538	59.654331	43.899547	27.412744	13.937559	5.5342813	1.6686163	0.38723919	0.074073995	0.012784034	0.0021386572	0.00036184742	6.3300185e-05	1.1524201e-05	2.1866297e-06	4.2028568e-07	0.0000000	0.0000000	0.0000000	0.0000000	0.0000000	0.0000000	0.0000000	0.0000000	0.0000000
10.7700	0.0000000	0.0000000	0.0000000	0.0000000	0.0000000	0.0000000	0.0000000	0.0000000	0.0000000	0.0000000	0.0000000	0.0000000	0.0000000	0.0000000	0.0000000	0.0000000	0.0000000	0.0000000	0.0000000	0.0000000	0.0000000	0.0000000	0.0000000	0.0000000	0.0000000	0.0000000	0.0000000	0.0000000	0.0000000	0.0000000	0.0000000	0.0000000	0.0000000	0.0000000	0.0000000	0.0000000	0.0000000	0.0000000	0.0000000	0.0000000	7.2611296e-11	1.7676732e-08	1.9743486e-06	0.00011396781	0.0034746308	0.056369570	0.48786480	2.3328461	7.0291331	15.769419	29.454370	48.489038	72.281269	98.712408	123.82923	142.11028	147.62764	136.43798	109.44839	73.821253	40.273108	17.085801	5.4916472	1.3572814	0.27621080	0.050634960	0.0089754863	0.0016038032	0.00029518901	5.6315994e-05	1.1152764e-05	2.2286896e-06	0.0000000	0.0000000	0.0000000	0.0000000	0.0000000	0.0000000	0.0000000	0.0000000	0.0000000
10.6570	0.0000000	0.0000000	0.0000000	0.0000000	0.0000000	0.0000000	0.0000000	0.0000000	0.0000000	0.0000000	0.0000000	0.0000000	0.0000000	0.0000000	0.0000000	0.0000000	0.0000000	0.0000000	0.0000000	0.0000000	0.0000000	0.0000000	0.0000000	0.0000000	0.0000000	0.0000000	0.0000000	0.0000000	0.0000000	0.0000000	0.0000000	0.0000000	0.0000000	0.0000000	0.0000000	0.0000000	0.0000000	0.0000000	0.0000000	0.0000000	4.5587329e-11	1.1380252e-08	1.2979558e-06	7.6213047e-05	0.0023555454	0.038620651	0.33685419	1.6197161	4.9016499	11.039779	20.697810	34.201456	51.172245	70.125909	88.225770	101.48644	105.59783	97.682334	78.379739	52.848252	28.801418	12.195661	3.9084971	0.96213659	0.19478611	0.035486068	0.0062471088	0.0011083618	0.00020259951	3.8409587e-05	7.5656132e-06	1.5053646e-06	0.0000000	0.0000000	0.0000000	0.0000000	0.0000000	0.0000000	0.0000000	0.0000000	0.0000000
12.6800	0.0000000	0.0000000	0.0000000	0.0000000	0.0000000	0.0000000	0.0000000	0.0000000	0.0000000	0.0000000	0.0000000	0.0000000	0.0000000	0.0000000	0.0000000	0.0000000	0.0000000	0.0000000	0.0000000	0.0000000	0.0000000	0.0000000	0.0000000	0.0000000	0.0000000	0.0000000	0.0000000	0.0000000	0.0000000	0.0000000	0.0000000	0.0000000	0.0000000	0.0000000	0.0000000	0.0000000	0.0000000	0.0000000	0.0000000	0.0000000	2.8360078e-10	5.1748125e-08	4.4690787e-06	0.00020568101	0.0051459009	0.070226791	0.52055023	2.1510464	5.6344289	11.066180	18.239054	26.739263	35.903638	44.752054	51.843517	55.491560	54.194138	47.355751	36.055723	23.163748	12.075934	4.9097810	1.5162794	0.36089552	0.070838409	0.012535376	0.0021456117	0.00037014425	6.5718422e-05	1.2074926e-05	2.2992520e-06	4.4220879e-07	0.0000000	0.0000000	0.0000000	0.0000000	0.0000000	0.0000000	0.0000000	0.0000000	0.0000000
11.0230	0.0000000	0.0000000	0.0000000	0.0000000	0.0000000	0.0000000	0.0000000	0.0000000	0.0000000	0.0000000	0.0000000	0.0000000	0.0000000	0.0000000	0.0000000	0.0000000	0.0000000	0.0000000	0.0000000	0.0000000	0.0000000	0.0000000	0.0000000	0.0000000	0.0000000	0.0000000	0.0000000	0.0000000	0.0000000	0.0000000	0.0000000	0.0000000	0.0000000	0.0000000	0.0000000	0.0000000	0.0000000	0.0000000	0.0000000	0.0000000	3.3289376e-11	7.9194168e-09	8.7204146e-07	4.9896883e-05	0.0015091068	0.024208477	0.20653586	0.97201974	2.8847232	6.3944625	11.858512	19.477037	29.076683	39.866961	50.263695	57.982788	60.561476	56.318083	45.513120	30.978075	17.087258	7.3399655	2.3900044	0.59829315	0.12322306	0.022839311	0.0040906084	0.00073877378	0.00013775203	2.6737975e-05	5.4186206e-06	1.1157032e-06	0.0000000	0.0000000	0.0000000	0.0000000	0.0000000	0.0000000	0.0000000	0.0000000	0.0000000
10.1150	0.0000000	0.0000000	0.0000000	0.0000000	0.0000000	0.0000000	0.0000000	0.0000000	0.0000000	0.0000000	0.0000000	0.0000000	0.0000000	0.0000000	0.0000000	0.0000000	0.0000000	0.0000000	0.0000000	0.0000000	0.0000000	0.0000000	0.0000000	0.0000000	0.0000000	0.0000000	0.0000000	0.0000000	0.0000000	0.0000000	0.0000000	0.0000000	0.0000000	0.0000000	0.0000000	0.0000000	0.0000000	0.0000000	0.0000000	0.0000000	3.9680952e-12	1.0607545e-09	1.2889707e-07	8.0307357e-06	0.00026247647	0.0045387586	0.041666924	0.21047194	0.66759125	1.5711079	3.0684568	5.2696060	8.1809106	11.621359	15.152334	18.066127	19.480246	18.658622	15.478532	10.766443	6.0382811	2.6264720	0.86353794	0.21785211	0.045153131	0.0084104952	0.0015103544	0.00027247703	5.0525427e-05	9.7086983e-06	1.9401521e-06	3.9285690e-07	0.0000000	0.0000000	0.0000000	0.0000000	0.0000000	0.0000000	0.0000000	0.0000000	0.0000000
