# DO NOT EDIT: written Thu Mar 14 18:48:37 2019 by wrt_emiss_fe17.pro
# faked emissivities [1e-23 ergs cm^3/s] for Fe17 lines from Del Zanna 2011, A&A 536, A59
# emissivities include ion balance, but not abundance, and are spline and ion balance jittered off of emiss_Fe17_00000.txt
# line 6 -- SEED, LOGT
# lines 7+ -- WVL, EMISSIVITY
      281582	4.00	4.05	4.10	4.15	4.20	4.25	4.30	4.35	4.40	4.45	4.50	4.55	4.60	4.65	4.70	4.75	4.80	4.85	4.90	4.95	5.00	5.05	5.10	5.15	5.20	5.25	5.30	5.35	5.40	5.45	5.50	5.55	5.60	5.65	5.70	5.75	5.80	5.85	5.90	5.95	6.00	6.05	6.10	6.15	6.20	6.25	6.30	6.35	6.40	6.45	6.50	6.55	6.60	6.65	6.70	6.75	6.80	6.85	6.90	6.95	7.00	7.05	7.10	7.15	7.20	7.25	7.30	7.35	7.40	7.45	7.50	7.55	7.60	7.65	7.70	7.75	7.80	7.85	7.90	7.95	8.00
15.0130	0.0000000	0.0000000	0.0000000	0.0000000	0.0000000	0.0000000	0.0000000	0.0000000	0.0000000	0.0000000	0.0000000	0.0000000	0.0000000	0.0000000	0.0000000	0.0000000	0.0000000	0.0000000	0.0000000	0.0000000	0.0000000	0.0000000	0.0000000	0.0000000	0.0000000	0.0000000	0.0000000	0.0000000	0.0000000	0.0000000	0.0000000	0.0000000	0.0000000	0.0000000	0.0000000	0.0000000	0.0000000	0.0000000	0.0000000	0.0000000	0.0000000	1.0110499e-06	0.00012888221	0.0083262298	0.27647493	4.7044505	40.643597	187.29936	533.69969	1106.0910	1878.5368	2803.1325	3803.7855	4763.7472	5526.6989	5928.9069	5844.1941	5229.5598	4167.3990	2878.7383	1668.1374	782.93151	288.85019	82.786910	18.881085	3.6569462	0.65182327	0.11385862	0.020224770	0.0037193002	0.00071176989	0.00014175455	2.0921005e-05	0.0000000	0.0000000	0.0000000	0.0000000	0.0000000	0.0000000	0.0000000	0.0000000
17.0510	0.0000000	0.0000000	0.0000000	0.0000000	0.0000000	0.0000000	0.0000000	0.0000000	0.0000000	0.0000000	0.0000000	0.0000000	0.0000000	0.0000000	0.0000000	0.0000000	0.0000000	0.0000000	0.0000000	0.0000000	0.0000000	0.0000000	0.0000000	0.0000000	0.0000000	0.0000000	0.0000000	0.0000000	0.0000000	0.0000000	0.0000000	0.0000000	0.0000000	0.0000000	0.0000000	0.0000000	0.0000000	0.0000000	0.0000000	0.0000000	0.0000000	2.3828891e-06	0.00027017268	0.015692892	0.47222261	7.2134196	52.260890	198.02556	482.99708	934.85236	1491.8800	2104.2123	2818.8025	3548.5504	4143.8648	4457.3926	4383.1111	3886.6675	3045.2436	2052.9855	1153.2925	521.66038	184.54624	50.524364	10.977279	2.0217041	0.34227596	0.056758209	0.0095710983	0.0016716896	0.00030401953	5.7571430e-05	8.0848409e-06	0.0000000	0.0000000	0.0000000	0.0000000	0.0000000	0.0000000	0.0000000	0.0000000
17.0960	0.0000000	0.0000000	0.0000000	0.0000000	0.0000000	0.0000000	0.0000000	0.0000000	0.0000000	0.0000000	0.0000000	0.0000000	0.0000000	0.0000000	0.0000000	0.0000000	0.0000000	0.0000000	0.0000000	0.0000000	0.0000000	0.0000000	0.0000000	0.0000000	0.0000000	0.0000000	0.0000000	0.0000000	0.0000000	0.0000000	0.0000000	0.0000000	0.0000000	0.0000000	0.0000000	0.0000000	0.0000000	0.0000000	0.0000000	0.0000000	0.0000000	2.0229106e-06	0.00022532412	0.012870921	0.38181402	5.8540668	45.876435	192.78506	503.20303	959.28119	1504.5718	2081.7066	2629.8114	3079.0436	3354.8935	3392.5077	3156.3609	2662.4643	1993.1862	1288.4435	695.90553	303.25702	103.52728	27.392319	5.7602213	1.0283864	0.16907362	0.027277512	0.0044834671	0.00076462027	0.00013600162	2.5226239e-05	3.4744381e-06	0.0000000	0.0000000	0.0000000	0.0000000	0.0000000	0.0000000	0.0000000	0.0000000
16.7760	0.0000000	0.0000000	0.0000000	0.0000000	0.0000000	0.0000000	0.0000000	0.0000000	0.0000000	0.0000000	0.0000000	0.0000000	0.0000000	0.0000000	0.0000000	0.0000000	0.0000000	0.0000000	0.0000000	0.0000000	0.0000000	0.0000000	0.0000000	0.0000000	0.0000000	0.0000000	0.0000000	0.0000000	0.0000000	0.0000000	0.0000000	0.0000000	0.0000000	0.0000000	0.0000000	0.0000000	0.0000000	0.0000000	0.0000000	0.0000000	0.0000000	1.4791736e-06	0.00016780477	0.0097353889	0.29284371	4.5520507	36.209260	154.83627	412.53515	805.17488	1296.2205	1843.7483	2395.4614	2884.7024	3234.0464	3366.9499	3227.9600	2809.0579	2173.0768	1454.4654	815.21260	369.51811	131.50339	36.339355	7.9928431	1.4942283	0.25741030	0.043529270	0.0074997088	0.0013404866	0.00024977011	4.8321558e-05	6.8828605e-06	0.0000000	0.0000000	0.0000000	0.0000000	0.0000000	0.0000000	0.0000000	0.0000000
15.2620	0.0000000	0.0000000	0.0000000	0.0000000	0.0000000	0.0000000	0.0000000	0.0000000	0.0000000	0.0000000	0.0000000	0.0000000	0.0000000	0.0000000	0.0000000	0.0000000	0.0000000	0.0000000	0.0000000	0.0000000	0.0000000	0.0000000	0.0000000	0.0000000	0.0000000	0.0000000	0.0000000	0.0000000	0.0000000	0.0000000	0.0000000	0.0000000	0.0000000	0.0000000	0.0000000	0.0000000	0.0000000	0.0000000	0.0000000	0.0000000	0.0000000	3.4957717e-07	4.3706860e-05	0.0027739388	0.090566224	1.5153797	12.868511	58.287826	163.34815	333.42717	559.03076	826.22835	1114.8985	1394.7681	1624.7539	1757.8094	1751.2947	1583.6934	1273.0015	885.17674	515.27533	242.46595	89.512445	25.625615	5.8281736	1.1240283	0.19923623	0.034568464	0.0060929722	0.0011108337	0.00021058851	4.1516429e-05	6.0611631e-06	0.0000000	0.0000000	0.0000000	0.0000000	0.0000000	0.0000000	0.0000000	0.0000000
12.1240	0.0000000	0.0000000	0.0000000	0.0000000	0.0000000	0.0000000	0.0000000	0.0000000	0.0000000	0.0000000	0.0000000	0.0000000	0.0000000	0.0000000	0.0000000	0.0000000	0.0000000	0.0000000	0.0000000	0.0000000	0.0000000	0.0000000	0.0000000	0.0000000	0.0000000	0.0000000	0.0000000	0.0000000	0.0000000	0.0000000	0.0000000	0.0000000	0.0000000	0.0000000	0.0000000	0.0000000	0.0000000	0.0000000	0.0000000	0.0000000	0.0000000	2.9153171e-08	4.4466671e-06	0.00033383877	0.012713979	0.24866074	2.4727319	13.058977	42.206517	97.770678	183.15615	298.16412	437.40866	587.86367	727.97203	829.67547	864.05965	811.42493	673.65586	481.70106	287.26740	138.01267	51.868073	15.082496	3.4782133	0.67908837	0.12167036	0.021308319	0.0037861144	0.00069504227	0.00013250517	2.6231934e-05	3.8412675e-06	0.0000000	0.0000000	0.0000000	0.0000000	0.0000000	0.0000000	0.0000000	0.0000000
12.2640	0.0000000	0.0000000	0.0000000	0.0000000	0.0000000	0.0000000	0.0000000	0.0000000	0.0000000	0.0000000	0.0000000	0.0000000	0.0000000	0.0000000	0.0000000	0.0000000	0.0000000	0.0000000	0.0000000	0.0000000	0.0000000	0.0000000	0.0000000	0.0000000	0.0000000	0.0000000	0.0000000	0.0000000	0.0000000	0.0000000	0.0000000	0.0000000	0.0000000	0.0000000	0.0000000	0.0000000	0.0000000	0.0000000	0.0000000	0.0000000	0.0000000	2.5052233e-08	3.8837941e-06	0.00029844478	0.011555848	0.22525460	2.1942610	11.246270	35.230725	79.520797	146.01209	234.29937	340.70814	456.43832	566.28636	649.43290	683.05178	649.71047	547.52037	397.88010	241.31629	117.95820	45.109252	13.344380	3.1285868	0.62021015	0.11262625	0.019945947	0.0035746003	0.00066019109	0.00012631224	2.5035924e-05	3.6622247e-06	0.0000000	0.0000000	0.0000000	0.0000000	0.0000000	0.0000000	0.0000000	0.0000000
13.8250	0.0000000	0.0000000	0.0000000	0.0000000	0.0000000	0.0000000	0.0000000	0.0000000	0.0000000	0.0000000	0.0000000	0.0000000	0.0000000	0.0000000	0.0000000	0.0000000	0.0000000	0.0000000	0.0000000	0.0000000	0.0000000	0.0000000	0.0000000	0.0000000	0.0000000	0.0000000	0.0000000	0.0000000	0.0000000	0.0000000	0.0000000	0.0000000	0.0000000	0.0000000	0.0000000	0.0000000	0.0000000	0.0000000	0.0000000	0.0000000	0.0000000	4.1351910e-08	5.6127118e-06	0.00038720305	0.013780763	0.25219184	2.3478150	11.654437	35.641390	78.936551	142.75650	226.23889	325.55599	432.23222	531.80917	604.13994	627.38330	585.96138	481.15996	337.58730	195.75709	90.926579	33.085170	9.4037012	2.1590066	0.43111909	0.081605149	0.015251890	0.0028585308	0.00054787583	0.00010749058	2.1507776e-05	3.1823657e-06	0.0000000	0.0000000	0.0000000	0.0000000	0.0000000	0.0000000	0.0000000	0.0000000
15.4530	0.0000000	0.0000000	0.0000000	0.0000000	0.0000000	0.0000000	0.0000000	0.0000000	0.0000000	0.0000000	0.0000000	0.0000000	0.0000000	0.0000000	0.0000000	0.0000000	0.0000000	0.0000000	0.0000000	0.0000000	0.0000000	0.0000000	0.0000000	0.0000000	0.0000000	0.0000000	0.0000000	0.0000000	0.0000000	0.0000000	0.0000000	0.0000000	0.0000000	0.0000000	0.0000000	0.0000000	0.0000000	0.0000000	0.0000000	0.0000000	0.0000000	8.9780631e-08	1.0882204e-05	0.00066893354	0.021135500	0.34202489	2.8075714	13.240031	41.473696	88.309206	142.26283	201.48800	259.79383	309.56431	342.29707	350.30720	329.03002	279.58917	210.51783	135.74502	70.598770	29.800520	9.9582127	2.6096926	0.54927160	0.099012175	0.016546203	0.0027261629	0.00045886763	8.0210974e-05	1.4609613e-05	2.7674349e-06	3.8754171e-07	0.0000000	0.0000000	0.0000000	0.0000000	0.0000000	0.0000000	0.0000000	0.0000000
11.2500	0.0000000	0.0000000	0.0000000	0.0000000	0.0000000	0.0000000	0.0000000	0.0000000	0.0000000	0.0000000	0.0000000	0.0000000	0.0000000	0.0000000	0.0000000	0.0000000	0.0000000	0.0000000	0.0000000	0.0000000	0.0000000	0.0000000	0.0000000	0.0000000	0.0000000	0.0000000	0.0000000	0.0000000	0.0000000	0.0000000	0.0000000	0.0000000	0.0000000	0.0000000	0.0000000	0.0000000	0.0000000	0.0000000	0.0000000	0.0000000	0.0000000	5.9472777e-09	1.0274411e-06	8.6854542e-05	0.0036568557	0.076712613	0.79701421	4.3241731	14.252024	33.661877	64.338206	106.90475	160.10999	219.68596	277.59900	322.54907	342.02291	326.47350	274.92641	198.93860	119.79865	58.011448	21.941291	6.4130928	1.4852865	0.29107851	0.052325449	0.0091913835	0.0016377128	0.00030145806	5.7628082e-05	1.1441377e-05	1.6803712e-06	0.0000000	0.0000000	0.0000000	0.0000000	0.0000000	0.0000000	0.0000000	0.0000000
11.1290	0.0000000	0.0000000	0.0000000	0.0000000	0.0000000	0.0000000	0.0000000	0.0000000	0.0000000	0.0000000	0.0000000	0.0000000	0.0000000	0.0000000	0.0000000	0.0000000	0.0000000	0.0000000	0.0000000	0.0000000	0.0000000	0.0000000	0.0000000	0.0000000	0.0000000	0.0000000	0.0000000	0.0000000	0.0000000	0.0000000	0.0000000	0.0000000	0.0000000	0.0000000	0.0000000	0.0000000	0.0000000	0.0000000	0.0000000	0.0000000	0.0000000	3.7249333e-09	6.5302051e-07	5.5931304e-05	0.0023809191	0.050381262	0.52685661	2.8711155	9.4854559	22.416247	42.803355	70.968366	105.96283	144.85796	182.30759	210.93198	222.71534	211.71782	177.61668	128.10745	76.955428	37.213182	14.073697	4.1186629	0.95629893	0.18810650	0.033975414	0.0060016782	0.0010761952	0.00019948395	3.8420051e-05	7.6879799e-06	1.1383216e-06	0.0000000	0.0000000	0.0000000	0.0000000	0.0000000	0.0000000	0.0000000	0.0000000
16.3360	0.0000000	0.0000000	0.0000000	0.0000000	0.0000000	0.0000000	0.0000000	0.0000000	0.0000000	0.0000000	0.0000000	0.0000000	0.0000000	0.0000000	0.0000000	0.0000000	0.0000000	0.0000000	0.0000000	0.0000000	0.0000000	0.0000000	0.0000000	0.0000000	0.0000000	0.0000000	0.0000000	0.0000000	0.0000000	0.0000000	0.0000000	0.0000000	0.0000000	0.0000000	0.0000000	0.0000000	0.0000000	0.0000000	0.0000000	0.0000000	0.0000000	4.6317878e-08	5.2796679e-06	0.00030677230	0.0092206013	0.14294564	1.1315328	4.8039396	12.680611	24.476415	38.950918	54.840815	70.770212	85.046726	95.637398	100.41389	97.630773	86.639376	68.656919	46.672941	25.749197	11.479129	4.0153254	1.0902186	0.23556452	0.043254922	0.0073188902	0.0012157211	0.00020576265	3.6128989e-05	6.6129010e-06	1.2611405e-06	1.7837890e-07	0.0000000	0.0000000	0.0000000	0.0000000	0.0000000	0.0000000	0.0000000	0.0000000
13.8900	0.0000000	0.0000000	0.0000000	0.0000000	0.0000000	0.0000000	0.0000000	0.0000000	0.0000000	0.0000000	0.0000000	0.0000000	0.0000000	0.0000000	0.0000000	0.0000000	0.0000000	0.0000000	0.0000000	0.0000000	0.0000000	0.0000000	0.0000000	0.0000000	0.0000000	0.0000000	0.0000000	0.0000000	0.0000000	0.0000000	0.0000000	0.0000000	0.0000000	0.0000000	0.0000000	0.0000000	0.0000000	0.0000000	0.0000000	0.0000000	0.0000000	1.3313721e-08	1.7381920e-06	0.00011502422	0.0039183966	0.068512859	0.60821246	2.8712722	8.3210602	17.403476	29.645936	44.190451	59.807240	74.804426	87.001281	93.846722	93.048214	83.516417	66.396214	45.476709	25.984916	11.970288	4.3191200	1.2079600	0.26855464	0.050695634	0.0088107054	0.0015019199	0.00026064685	4.6887327e-05	8.8979577e-06	1.7778726e-06	2.6279106e-07	0.0000000	0.0000000	0.0000000	0.0000000	0.0000000	0.0000000	0.0000000	0.0000000
16.0040	0.0000000	0.0000000	0.0000000	0.0000000	0.0000000	0.0000000	0.0000000	0.0000000	0.0000000	0.0000000	0.0000000	0.0000000	0.0000000	0.0000000	0.0000000	0.0000000	0.0000000	0.0000000	0.0000000	0.0000000	0.0000000	0.0000000	0.0000000	0.0000000	0.0000000	0.0000000	0.0000000	0.0000000	0.0000000	0.0000000	0.0000000	0.0000000	0.0000000	0.0000000	0.0000000	0.0000000	0.0000000	0.0000000	0.0000000	0.0000000	0.0000000	2.8960335e-08	3.4914554e-06	0.00021396758	0.0067523373	0.10935400	0.90037885	3.9616830	10.804222	21.480781	35.072568	50.418634	66.053222	80.075247	90.240125	94.318220	90.667668	78.993800	61.060871	40.748368	22.718510	10.218729	3.6003301	0.98308173	0.21330626	0.039275375	0.0066543059	0.0011052832	0.00018680511	3.2705307e-05	5.9588621e-06	1.1290285e-06	1.5830860e-07	0.0000000	0.0000000	0.0000000	0.0000000	0.0000000	0.0000000	0.0000000	0.0000000
10.7700	0.0000000	0.0000000	0.0000000	0.0000000	0.0000000	0.0000000	0.0000000	0.0000000	0.0000000	0.0000000	0.0000000	0.0000000	0.0000000	0.0000000	0.0000000	0.0000000	0.0000000	0.0000000	0.0000000	0.0000000	0.0000000	0.0000000	0.0000000	0.0000000	0.0000000	0.0000000	0.0000000	0.0000000	0.0000000	0.0000000	0.0000000	0.0000000	0.0000000	0.0000000	0.0000000	0.0000000	0.0000000	0.0000000	0.0000000	0.0000000	0.0000000	2.3533399e-09	4.0245259e-07	3.2893230e-05	0.0013493021	0.028738784	0.31455360	1.8403412	6.5962391	16.871834	34.518605	60.719752	95.410411	134.83304	172.84089	203.58946	218.66563	211.20513	179.76291	131.30282	79.720121	38.883984	14.801916	4.3514934	1.0131212	0.19951633	0.036025694	0.0063530628	0.0011357444	0.00020961434	4.0148426e-05	7.9803887e-06	1.1654208e-06	0.0000000	0.0000000	0.0000000	0.0000000	0.0000000	0.0000000	0.0000000	0.0000000
10.6570	0.0000000	0.0000000	0.0000000	0.0000000	0.0000000	0.0000000	0.0000000	0.0000000	0.0000000	0.0000000	0.0000000	0.0000000	0.0000000	0.0000000	0.0000000	0.0000000	0.0000000	0.0000000	0.0000000	0.0000000	0.0000000	0.0000000	0.0000000	0.0000000	0.0000000	0.0000000	0.0000000	0.0000000	0.0000000	0.0000000	0.0000000	0.0000000	0.0000000	0.0000000	0.0000000	0.0000000	0.0000000	0.0000000	0.0000000	0.0000000	0.0000000	1.2757090e-09	2.3099090e-07	2.0311506e-05	0.00088342969	0.019013156	0.20114974	1.1019379	3.6326091	8.5131252	16.079154	26.423810	40.342819	56.328681	72.344948	85.341357	95.461160	99.023464	92.475692	74.492457	45.180700	22.003547	8.3590113	2.4511534	0.56896399	0.11168327	0.020106707	0.0035379671	0.00063174216	0.00011659630	2.2360430e-05	4.4557753e-06	6.5701426e-07	0.0000000	0.0000000	0.0000000	0.0000000	0.0000000	0.0000000	0.0000000	0.0000000
12.6800	0.0000000	0.0000000	0.0000000	0.0000000	0.0000000	0.0000000	0.0000000	0.0000000	0.0000000	0.0000000	0.0000000	0.0000000	0.0000000	0.0000000	0.0000000	0.0000000	0.0000000	0.0000000	0.0000000	0.0000000	0.0000000	0.0000000	0.0000000	0.0000000	0.0000000	0.0000000	0.0000000	0.0000000	0.0000000	0.0000000	0.0000000	0.0000000	0.0000000	0.0000000	0.0000000	0.0000000	0.0000000	0.0000000	0.0000000	0.0000000	0.0000000	5.0911425e-09	7.4130658e-07	5.2964794e-05	0.0019003427	0.034306799	0.30917622	1.4604993	4.2070362	8.7218989	14.712804	22.108568	30.150353	38.048889	44.658428	48.609096	48.611548	43.964916	35.182657	24.260627	13.962824	6.4816008	2.3808580	0.68054536	0.15469259	0.029843888	0.0052953495	0.00092014308	0.00016246151	2.9668316e-05	5.6303701e-06	1.1100004e-06	1.6187332e-07	0.0000000	0.0000000	0.0000000	0.0000000	0.0000000	0.0000000	0.0000000	0.0000000
11.0230	0.0000000	0.0000000	0.0000000	0.0000000	0.0000000	0.0000000	0.0000000	0.0000000	0.0000000	0.0000000	0.0000000	0.0000000	0.0000000	0.0000000	0.0000000	0.0000000	0.0000000	0.0000000	0.0000000	0.0000000	0.0000000	0.0000000	0.0000000	0.0000000	0.0000000	0.0000000	0.0000000	0.0000000	0.0000000	0.0000000	0.0000000	0.0000000	0.0000000	0.0000000	0.0000000	0.0000000	0.0000000	0.0000000	0.0000000	0.0000000	0.0000000	8.8266699e-10	1.5710769e-07	1.3732527e-05	0.00059756099	0.012899184	0.13727184	0.75973760	2.5459246	6.1040162	11.851584	20.037763	30.585205	42.830713	55.290998	65.647353	71.153204	69.473240	59.907728	44.448490	27.487177	13.683971	5.3223138	1.5989800	0.38026271	0.076518374	0.014137878	0.0025531916	0.00046784417	8.8596077e-05	1.7425261e-05	3.5357765e-06	5.2837996e-07	0.0000000	0.0000000	0.0000000	0.0000000	0.0000000	0.0000000	0.0000000	0.0000000
10.1150	0.0000000	0.0000000	0.0000000	0.0000000	0.0000000	0.0000000	0.0000000	0.0000000	0.0000000	0.0000000	0.0000000	0.0000000	0.0000000	0.0000000	0.0000000	0.0000000	0.0000000	0.0000000	0.0000000	0.0000000	0.0000000	0.0000000	0.0000000	0.0000000	0.0000000	0.0000000	0.0000000	0.0000000	0.0000000	0.0000000	0.0000000	0.0000000	0.0000000	0.0000000	0.0000000	0.0000000	0.0000000	0.0000000	0.0000000	0.0000000	0.0000000	1.0110604e-10	2.0000491e-08	1.9157030e-06	9.0580850e-05	0.0021172900	0.024328307	0.14483264	0.51914377	1.3205194	2.6937612	4.7421377	7.4826039	10.775846	14.261499	17.333052	19.194016	19.093163	16.712523	12.532261	7.7974855	3.8934536	1.5167585	0.45640124	0.10881519	0.021960598	0.0040662892	0.00073549448	0.00013484201	2.5511787e-05	5.0062570e-06	1.0188031e-06	1.5311748e-07	0.0000000	0.0000000	0.0000000	0.0000000	0.0000000	0.0000000	0.0000000	0.0000000
