# DO NOT EDIT: written Thu Mar 14 18:48:37 2019 by wrt_emiss_fe17.pro
# faked emissivities [1e-23 ergs cm^3/s] for Fe17 lines from Del Zanna 2011, A&A 536, A59
# emissivities include ion balance, but not abundance, and are spline and ion balance jittered off of emiss_Fe17_00000.txt
# line 6 -- SEED, LOGT
# lines 7+ -- WVL, EMISSIVITY
      466880	4.00	4.05	4.10	4.15	4.20	4.25	4.30	4.35	4.40	4.45	4.50	4.55	4.60	4.65	4.70	4.75	4.80	4.85	4.90	4.95	5.00	5.05	5.10	5.15	5.20	5.25	5.30	5.35	5.40	5.45	5.50	5.55	5.60	5.65	5.70	5.75	5.80	5.85	5.90	5.95	6.00	6.05	6.10	6.15	6.20	6.25	6.30	6.35	6.40	6.45	6.50	6.55	6.60	6.65	6.70	6.75	6.80	6.85	6.90	6.95	7.00	7.05	7.10	7.15	7.20	7.25	7.30	7.35	7.40	7.45	7.50	7.55	7.60	7.65	7.70	7.75	7.80	7.85	7.90	7.95	8.00
15.0130	0.0000000	0.0000000	0.0000000	0.0000000	0.0000000	0.0000000	0.0000000	0.0000000	0.0000000	0.0000000	0.0000000	0.0000000	0.0000000	0.0000000	0.0000000	0.0000000	0.0000000	0.0000000	0.0000000	0.0000000	0.0000000	0.0000000	0.0000000	0.0000000	0.0000000	0.0000000	0.0000000	0.0000000	0.0000000	0.0000000	0.0000000	0.0000000	0.0000000	0.0000000	0.0000000	0.0000000	0.0000000	0.0000000	0.0000000	0.0000000	0.0000000	1.3170209e-06	0.00016557809	0.010641997	0.35201051	5.9391773	50.156554	221.14726	599.38458	1200.9444	2003.4842	2960.9190	3995.6336	4988.8921	5783.2701	6205.6529	6102.7600	5408.9824	4219.2607	2809.8668	1539.9607	669.32405	224.86234	58.713572	12.485651	2.3273608	0.40905014	0.071422322	0.012766050	0.0023654448	0.00045601520	9.1290487e-05	6.5855125e-06	0.0000000	0.0000000	0.0000000	0.0000000	0.0000000	0.0000000	0.0000000	0.0000000
17.0510	0.0000000	0.0000000	0.0000000	0.0000000	0.0000000	0.0000000	0.0000000	0.0000000	0.0000000	0.0000000	0.0000000	0.0000000	0.0000000	0.0000000	0.0000000	0.0000000	0.0000000	0.0000000	0.0000000	0.0000000	0.0000000	0.0000000	0.0000000	0.0000000	0.0000000	0.0000000	0.0000000	0.0000000	0.0000000	0.0000000	0.0000000	0.0000000	0.0000000	0.0000000	0.0000000	0.0000000	0.0000000	0.0000000	0.0000000	0.0000000	0.0000000	2.9131572e-06	0.00032855084	0.019010339	0.56694147	8.6406847	66.097072	265.08851	657.33171	1213.8607	1882.4362	2606.5418	3315.3308	3918.2306	4310.4971	4394.6683	4109.1606	3464.6179	2571.4573	1629.4127	849.67342	351.41341	112.38220	27.961440	5.6750319	1.0116164	0.17040711	0.028583749	0.0049199992	0.00088004065	0.00016412266	3.1836901e-05	2.2284670e-06	0.0000000	0.0000000	0.0000000	0.0000000	0.0000000	0.0000000	0.0000000	0.0000000
17.0960	0.0000000	0.0000000	0.0000000	0.0000000	0.0000000	0.0000000	0.0000000	0.0000000	0.0000000	0.0000000	0.0000000	0.0000000	0.0000000	0.0000000	0.0000000	0.0000000	0.0000000	0.0000000	0.0000000	0.0000000	0.0000000	0.0000000	0.0000000	0.0000000	0.0000000	0.0000000	0.0000000	0.0000000	0.0000000	0.0000000	0.0000000	0.0000000	0.0000000	0.0000000	0.0000000	0.0000000	0.0000000	0.0000000	0.0000000	0.0000000	0.0000000	2.8968982e-06	0.00032543600	0.018670968	0.55089987	8.2921037	62.513388	246.43382	598.91148	1080.8985	1634.3805	2203.4139	2727.2345	3137.7548	3365.3475	3352.3525	3068.6961	2537.1615	1848.7159	1150.7485	589.45179	239.33200	75.069108	18.299612	3.6348545	0.63345447	0.10422807	0.017063245	0.0028639568	0.00049902383	9.0552003e-05	1.7068072e-05	1.1590277e-06	0.0000000	0.0000000	0.0000000	0.0000000	0.0000000	0.0000000	0.0000000	0.0000000
16.7760	0.0000000	0.0000000	0.0000000	0.0000000	0.0000000	0.0000000	0.0000000	0.0000000	0.0000000	0.0000000	0.0000000	0.0000000	0.0000000	0.0000000	0.0000000	0.0000000	0.0000000	0.0000000	0.0000000	0.0000000	0.0000000	0.0000000	0.0000000	0.0000000	0.0000000	0.0000000	0.0000000	0.0000000	0.0000000	0.0000000	0.0000000	0.0000000	0.0000000	0.0000000	0.0000000	0.0000000	0.0000000	0.0000000	0.0000000	0.0000000	0.0000000	2.0368917e-06	0.00023097125	0.013407916	0.40136130	6.1496367	47.381350	191.77215	480.68891	898.10532	1409.4093	1973.7634	2534.7584	3018.9501	3342.2636	3425.5193	3217.2657	2723.3979	2029.0547	1290.5972	675.50410	280.36418	89.946875	22.442120	4.5657319	0.81554524	0.13762668	0.023123110	0.0039860912	0.00071398913	0.00013333015	2.5896821e-05	1.8150411e-06	0.0000000	0.0000000	0.0000000	0.0000000	0.0000000	0.0000000	0.0000000	0.0000000
15.2620	0.0000000	0.0000000	0.0000000	0.0000000	0.0000000	0.0000000	0.0000000	0.0000000	0.0000000	0.0000000	0.0000000	0.0000000	0.0000000	0.0000000	0.0000000	0.0000000	0.0000000	0.0000000	0.0000000	0.0000000	0.0000000	0.0000000	0.0000000	0.0000000	0.0000000	0.0000000	0.0000000	0.0000000	0.0000000	0.0000000	0.0000000	0.0000000	0.0000000	0.0000000	0.0000000	0.0000000	0.0000000	0.0000000	0.0000000	0.0000000	0.0000000	4.0402820e-07	5.0920793e-05	0.0032644079	0.10717195	1.7876388	14.883272	64.637236	172.74658	342.33841	567.66320	838.20746	1134.5219	1424.2929	1661.9020	1794.5793	1774.6809	1580.4273	1237.5656	826.52437	453.77451	197.33695	66.246029	17.260371	3.6573571	0.67827827	0.11841582	0.020502673	0.0036271629	0.00066385097	0.00012612723	2.4825452e-05	1.7585792e-06	0.0000000	0.0000000	0.0000000	0.0000000	0.0000000	0.0000000	0.0000000	0.0000000
12.1240	0.0000000	0.0000000	0.0000000	0.0000000	0.0000000	0.0000000	0.0000000	0.0000000	0.0000000	0.0000000	0.0000000	0.0000000	0.0000000	0.0000000	0.0000000	0.0000000	0.0000000	0.0000000	0.0000000	0.0000000	0.0000000	0.0000000	0.0000000	0.0000000	0.0000000	0.0000000	0.0000000	0.0000000	0.0000000	0.0000000	0.0000000	0.0000000	0.0000000	0.0000000	0.0000000	0.0000000	0.0000000	0.0000000	0.0000000	0.0000000	0.0000000	3.9223334e-08	6.2034111e-06	0.00048509015	0.018939949	0.36741178	3.4886191	16.985794	50.119974	108.12456	192.69062	302.21252	429.87121	561.75380	676.78357	749.63664	756.56592	685.05822	544.11984	368.13446	204.71485	90.260700	30.788970	8.1815603	1.7768144	0.33967810	0.061525716	0.011130198	0.0020700176	0.00039935054	7.9906149e-05	1.6494460e-05	1.2156315e-06	0.0000000	0.0000000	0.0000000	0.0000000	0.0000000	0.0000000	0.0000000	0.0000000
12.2640	0.0000000	0.0000000	0.0000000	0.0000000	0.0000000	0.0000000	0.0000000	0.0000000	0.0000000	0.0000000	0.0000000	0.0000000	0.0000000	0.0000000	0.0000000	0.0000000	0.0000000	0.0000000	0.0000000	0.0000000	0.0000000	0.0000000	0.0000000	0.0000000	0.0000000	0.0000000	0.0000000	0.0000000	0.0000000	0.0000000	0.0000000	0.0000000	0.0000000	0.0000000	0.0000000	0.0000000	0.0000000	0.0000000	0.0000000	0.0000000	0.0000000	3.8485388e-08	5.9225878e-06	0.00045205555	0.017284854	0.32944184	3.0826219	14.827290	43.322261	92.798135	164.67866	257.99279	367.84623	483.69400	588.48454	660.31115	676.84237	623.75141	504.97324	348.38446	197.36730	88.446279	30.548444	8.1766383	1.7766120	0.33697489	0.059963062	0.010537818	0.0018828514	0.00034601199	6.5538450e-05	1.2770284e-05	8.9185936e-07	0.0000000	0.0000000	0.0000000	0.0000000	0.0000000	0.0000000	0.0000000	0.0000000
13.8250	0.0000000	0.0000000	0.0000000	0.0000000	0.0000000	0.0000000	0.0000000	0.0000000	0.0000000	0.0000000	0.0000000	0.0000000	0.0000000	0.0000000	0.0000000	0.0000000	0.0000000	0.0000000	0.0000000	0.0000000	0.0000000	0.0000000	0.0000000	0.0000000	0.0000000	0.0000000	0.0000000	0.0000000	0.0000000	0.0000000	0.0000000	0.0000000	0.0000000	0.0000000	0.0000000	0.0000000	0.0000000	0.0000000	0.0000000	0.0000000	0.0000000	5.8883552e-08	7.9294263e-06	0.00054258708	0.019019979	0.33892082	3.0123290	13.917502	39.298292	81.671965	141.09966	215.87042	301.49334	389.60495	467.30113	517.96783	524.86641	477.82982	381.41676	258.91602	144.18789	63.541163	21.620220	5.7185418	1.2335871	0.23380324	0.041902735	0.0074850256	0.0013734546	0.00026217150	5.2172177e-05	1.0772507e-05	7.9879176e-07	0.0000000	0.0000000	0.0000000	0.0000000	0.0000000	0.0000000	0.0000000	0.0000000
15.4530	0.0000000	0.0000000	0.0000000	0.0000000	0.0000000	0.0000000	0.0000000	0.0000000	0.0000000	0.0000000	0.0000000	0.0000000	0.0000000	0.0000000	0.0000000	0.0000000	0.0000000	0.0000000	0.0000000	0.0000000	0.0000000	0.0000000	0.0000000	0.0000000	0.0000000	0.0000000	0.0000000	0.0000000	0.0000000	0.0000000	0.0000000	0.0000000	0.0000000	0.0000000	0.0000000	0.0000000	0.0000000	0.0000000	0.0000000	0.0000000	0.0000000	1.4535025e-07	1.7633814e-05	0.0010867567	0.034254824	0.54791484	4.3692405	18.146566	46.284178	87.316266	137.42333	191.94912	244.91075	288.82854	315.51103	317.96660	292.66313	242.01499	175.63264	108.53982	55.089617	22.142702	6.8739236	1.6589325	0.32645770	0.056422784	0.0092180444	0.0015005624	0.00025086894	4.3625956e-05	7.9176821e-06	1.4961060e-06	1.0209978e-07	0.0000000	0.0000000	0.0000000	0.0000000	0.0000000	0.0000000	0.0000000	0.0000000
11.2500	0.0000000	0.0000000	0.0000000	0.0000000	0.0000000	0.0000000	0.0000000	0.0000000	0.0000000	0.0000000	0.0000000	0.0000000	0.0000000	0.0000000	0.0000000	0.0000000	0.0000000	0.0000000	0.0000000	0.0000000	0.0000000	0.0000000	0.0000000	0.0000000	0.0000000	0.0000000	0.0000000	0.0000000	0.0000000	0.0000000	0.0000000	0.0000000	0.0000000	0.0000000	0.0000000	0.0000000	0.0000000	0.0000000	0.0000000	0.0000000	0.0000000	7.6495530e-09	1.3130958e-06	0.00011084217	0.0046550279	0.096941101	0.98759213	5.1624049	16.388341	38.153145	73.444590	124.16796	184.52483	251.08754	314.42106	361.22076	377.18254	352.33586	283.08649	181.83905	91.929934	37.435606	12.900855	3.4438976	0.74683631	0.14165542	0.025281145	0.0044735191	0.00080885772	0.00015135448	2.9413029e-05	5.9234957e-06	4.2901321e-07	0.0000000	0.0000000	0.0000000	0.0000000	0.0000000	0.0000000	0.0000000	0.0000000
11.1290	0.0000000	0.0000000	0.0000000	0.0000000	0.0000000	0.0000000	0.0000000	0.0000000	0.0000000	0.0000000	0.0000000	0.0000000	0.0000000	0.0000000	0.0000000	0.0000000	0.0000000	0.0000000	0.0000000	0.0000000	0.0000000	0.0000000	0.0000000	0.0000000	0.0000000	0.0000000	0.0000000	0.0000000	0.0000000	0.0000000	0.0000000	0.0000000	0.0000000	0.0000000	0.0000000	0.0000000	0.0000000	0.0000000	0.0000000	0.0000000	0.0000000	5.7119508e-09	1.0019634e-06	8.5918505e-05	0.0036431884	0.076120900	0.77295255	3.9995892	12.478614	28.353492	53.035543	87.038154	129.19360	175.73765	219.78682	251.96707	262.34220	244.18291	198.57210	136.96308	77.292507	34.415198	11.792792	3.1301061	0.67494750	0.12731432	0.022600188	0.0039784815	0.00071579747	0.00013331586	2.5795206e-05	5.1744501e-06	3.7345997e-07	0.0000000	0.0000000	0.0000000	0.0000000	0.0000000	0.0000000	0.0000000	0.0000000
16.3360	0.0000000	0.0000000	0.0000000	0.0000000	0.0000000	0.0000000	0.0000000	0.0000000	0.0000000	0.0000000	0.0000000	0.0000000	0.0000000	0.0000000	0.0000000	0.0000000	0.0000000	0.0000000	0.0000000	0.0000000	0.0000000	0.0000000	0.0000000	0.0000000	0.0000000	0.0000000	0.0000000	0.0000000	0.0000000	0.0000000	0.0000000	0.0000000	0.0000000	0.0000000	0.0000000	0.0000000	0.0000000	0.0000000	0.0000000	0.0000000	0.0000000	5.8423378e-08	6.6328197e-06	0.00038464340	0.011483770	0.17521368	1.3412540	5.3785705	13.317358	24.502413	37.782547	51.947004	65.552738	76.853227	83.913112	84.989366	79.045701	66.397202	49.182460	31.162775	16.278925	6.7553980	2.1704455	0.54312782	0.11096205	0.019922604	0.0033817489	0.00057177524	9.9203078e-05	1.7879277e-05	3.3568963e-06	6.5470434e-07	4.5991046e-08	0.0000000	0.0000000	0.0000000	0.0000000	0.0000000	0.0000000	0.0000000	0.0000000
13.8900	0.0000000	0.0000000	0.0000000	0.0000000	0.0000000	0.0000000	0.0000000	0.0000000	0.0000000	0.0000000	0.0000000	0.0000000	0.0000000	0.0000000	0.0000000	0.0000000	0.0000000	0.0000000	0.0000000	0.0000000	0.0000000	0.0000000	0.0000000	0.0000000	0.0000000	0.0000000	0.0000000	0.0000000	0.0000000	0.0000000	0.0000000	0.0000000	0.0000000	0.0000000	0.0000000	0.0000000	0.0000000	0.0000000	0.0000000	0.0000000	0.0000000	2.0458475e-08	2.6494556e-06	0.00017416857	0.0058638510	0.10038679	0.85748644	3.8060887	10.309284	20.524471	33.952635	49.769658	66.677471	82.799390	95.665801	102.39042	100.40517	88.630633	68.697966	45.315483	24.526232	10.501447	3.4692839	0.88999877	0.18592937	0.034060653	0.0058874989	0.0010120596	0.00017830670	3.2605048e-05	6.2083558e-06	1.2279834e-06	8.7520641e-08	0.0000000	0.0000000	0.0000000	0.0000000	0.0000000	0.0000000	0.0000000	0.0000000
16.0040	0.0000000	0.0000000	0.0000000	0.0000000	0.0000000	0.0000000	0.0000000	0.0000000	0.0000000	0.0000000	0.0000000	0.0000000	0.0000000	0.0000000	0.0000000	0.0000000	0.0000000	0.0000000	0.0000000	0.0000000	0.0000000	0.0000000	0.0000000	0.0000000	0.0000000	0.0000000	0.0000000	0.0000000	0.0000000	0.0000000	0.0000000	0.0000000	0.0000000	0.0000000	0.0000000	0.0000000	0.0000000	0.0000000	0.0000000	0.0000000	0.0000000	4.1271910e-08	4.9179556e-06	0.00029819256	0.0092557757	0.14590260	1.1474550	4.7038217	11.851142	22.083507	34.287716	47.146083	59.454146	69.855950	76.643857	78.197360	73.414408	62.338253	46.713704	29.947083	15.822268	6.6361436	2.1531849	0.54374941	0.11203956	0.020276429	0.0034673630	0.00059033856	0.00010309428	1.8693517e-05	3.5289995e-06	6.9151750e-07	4.8761952e-08	0.0000000	0.0000000	0.0000000	0.0000000	0.0000000	0.0000000	0.0000000	0.0000000
10.7700	0.0000000	0.0000000	0.0000000	0.0000000	0.0000000	0.0000000	0.0000000	0.0000000	0.0000000	0.0000000	0.0000000	0.0000000	0.0000000	0.0000000	0.0000000	0.0000000	0.0000000	0.0000000	0.0000000	0.0000000	0.0000000	0.0000000	0.0000000	0.0000000	0.0000000	0.0000000	0.0000000	0.0000000	0.0000000	0.0000000	0.0000000	0.0000000	0.0000000	0.0000000	0.0000000	0.0000000	0.0000000	0.0000000	0.0000000	0.0000000	0.0000000	2.7497521e-09	4.9582756e-07	4.3762940e-05	0.0019130800	0.041269720	0.43307414	2.3155736	7.4530519	17.425946	33.448247	56.083868	84.541208	115.92817	145.45381	167.29282	175.44160	165.15754	136.27190	95.583839	54.938318	24.936412	8.7129228	2.3573170	0.51763972	0.099288783	0.017884992	0.0031859391	0.00057801655	0.00010810150	2.0898546e-05	4.1667759e-06	2.9801081e-07	0.0000000	0.0000000	0.0000000	0.0000000	0.0000000	0.0000000	0.0000000	0.0000000
10.6570	0.0000000	0.0000000	0.0000000	0.0000000	0.0000000	0.0000000	0.0000000	0.0000000	0.0000000	0.0000000	0.0000000	0.0000000	0.0000000	0.0000000	0.0000000	0.0000000	0.0000000	0.0000000	0.0000000	0.0000000	0.0000000	0.0000000	0.0000000	0.0000000	0.0000000	0.0000000	0.0000000	0.0000000	0.0000000	0.0000000	0.0000000	0.0000000	0.0000000	0.0000000	0.0000000	0.0000000	0.0000000	0.0000000	0.0000000	0.0000000	0.0000000	1.3246811e-09	2.4166694e-07	2.1499867e-05	0.00094414810	0.020396031	0.21369586	1.1380382	3.6428548	8.4637839	16.143887	26.962100	40.672271	56.182699	71.330817	82.987943	87.628234	82.640757	68.020909	47.434415	27.033744	12.142816	4.1930336	1.1622928	0.26039752	0.050644439	0.0092015764	0.0016457671	0.00029853798	5.5598372e-05	1.0680123e-05	2.1170425e-06	1.5065522e-07	0.0000000	0.0000000	0.0000000	0.0000000	0.0000000	0.0000000	0.0000000	0.0000000
12.6800	0.0000000	0.0000000	0.0000000	0.0000000	0.0000000	0.0000000	0.0000000	0.0000000	0.0000000	0.0000000	0.0000000	0.0000000	0.0000000	0.0000000	0.0000000	0.0000000	0.0000000	0.0000000	0.0000000	0.0000000	0.0000000	0.0000000	0.0000000	0.0000000	0.0000000	0.0000000	0.0000000	0.0000000	0.0000000	0.0000000	0.0000000	0.0000000	0.0000000	0.0000000	0.0000000	0.0000000	0.0000000	0.0000000	0.0000000	0.0000000	0.0000000	7.6625021e-09	1.0784955e-06	7.6639835e-05	0.0027756814	0.050815364	0.46014245	2.1382241	6.0026133	12.290983	20.652990	30.520934	41.124772	51.344498	59.573256	63.951673	62.817710	55.455313	42.925644	28.277506	15.292706	6.5473692	2.1647372	0.55632301	0.11651237	0.021405206	0.0037017691	0.00062678131	0.00010829626	1.9323185e-05	3.5736327e-06	6.8500503e-07	4.7353770e-08	0.0000000	0.0000000	0.0000000	0.0000000	0.0000000	0.0000000	0.0000000	0.0000000
11.0230	0.0000000	0.0000000	0.0000000	0.0000000	0.0000000	0.0000000	0.0000000	0.0000000	0.0000000	0.0000000	0.0000000	0.0000000	0.0000000	0.0000000	0.0000000	0.0000000	0.0000000	0.0000000	0.0000000	0.0000000	0.0000000	0.0000000	0.0000000	0.0000000	0.0000000	0.0000000	0.0000000	0.0000000	0.0000000	0.0000000	0.0000000	0.0000000	0.0000000	0.0000000	0.0000000	0.0000000	0.0000000	0.0000000	0.0000000	0.0000000	0.0000000	1.0635592e-09	1.8979128e-07	1.6677235e-05	0.00072661949	0.015574010	0.16186095	0.85552276	2.7226568	6.3095343	12.058608	20.265096	30.856216	43.103822	55.377882	65.178454	69.626894	66.469681	55.436198	39.222663	22.715563	10.379995	3.6473561	0.99123771	0.21839668	0.042001392	0.0075865039	0.0013565185	0.00024773403	4.6852457e-05	9.2146690e-06	1.8812387e-06	1.3834544e-07	0.0000000	0.0000000	0.0000000	0.0000000	0.0000000	0.0000000	0.0000000	0.0000000
10.1150	0.0000000	0.0000000	0.0000000	0.0000000	0.0000000	0.0000000	0.0000000	0.0000000	0.0000000	0.0000000	0.0000000	0.0000000	0.0000000	0.0000000	0.0000000	0.0000000	0.0000000	0.0000000	0.0000000	0.0000000	0.0000000	0.0000000	0.0000000	0.0000000	0.0000000	0.0000000	0.0000000	0.0000000	0.0000000	0.0000000	0.0000000	0.0000000	0.0000000	0.0000000	0.0000000	0.0000000	0.0000000	0.0000000	0.0000000	0.0000000	0.0000000	1.5099111e-10	2.9662242e-08	2.8271364e-06	0.00013241718	0.0030395468	0.033731034	0.18967411	0.63879951	1.5546784	3.0924095	5.3654026	8.3834813	11.971732	15.699224	18.862491	20.565099	20.015800	16.987231	12.198003	7.1482967	3.2995693	1.1710256	0.32180549	0.071843018	0.014035465	0.0025810949	0.00047058045	8.7625681e-05	1.6873649e-05	3.3713962e-06	6.9736112e-07	5.1813466e-08	0.0000000	0.0000000	0.0000000	0.0000000	0.0000000	0.0000000	0.0000000	0.0000000
