# DO NOT EDIT: written Thu Mar 14 18:48:37 2019 by wrt_emiss_fe17.pro
# faked emissivities [1e-23 ergs cm^3/s] for Fe17 lines from Del Zanna 2011, A&A 536, A59
# emissivities include ion balance, but not abundance, and are spline and ion balance jittered off of emiss_Fe17_00000.txt
# line 6 -- SEED, LOGT
# lines 7+ -- WVL, EMISSIVITY
      191956	4.00	4.05	4.10	4.15	4.20	4.25	4.30	4.35	4.40	4.45	4.50	4.55	4.60	4.65	4.70	4.75	4.80	4.85	4.90	4.95	5.00	5.05	5.10	5.15	5.20	5.25	5.30	5.35	5.40	5.45	5.50	5.55	5.60	5.65	5.70	5.75	5.80	5.85	5.90	5.95	6.00	6.05	6.10	6.15	6.20	6.25	6.30	6.35	6.40	6.45	6.50	6.55	6.60	6.65	6.70	6.75	6.80	6.85	6.90	6.95	7.00	7.05	7.10	7.15	7.20	7.25	7.30	7.35	7.40	7.45	7.50	7.55	7.60	7.65	7.70	7.75	7.80	7.85	7.90	7.95	8.00
15.0130	0.0000000	0.0000000	0.0000000	0.0000000	0.0000000	0.0000000	0.0000000	0.0000000	0.0000000	0.0000000	0.0000000	0.0000000	0.0000000	0.0000000	0.0000000	0.0000000	0.0000000	0.0000000	0.0000000	0.0000000	0.0000000	0.0000000	0.0000000	0.0000000	0.0000000	0.0000000	0.0000000	0.0000000	0.0000000	0.0000000	0.0000000	0.0000000	0.0000000	0.0000000	0.0000000	0.0000000	0.0000000	0.0000000	0.0000000	0.0000000	0.0000000	1.5496631e-06	0.00019395422	0.012321999	0.39986752	6.5771991	53.809325	228.38188	595.24380	1155.3939	1885.9915	2748.2282	3672.9604	4550.7569	5234.2527	5564.8228	5411.8330	4733.2457	3633.3530	2371.8622	1266.5752	531.82641	170.88267	42.493077	8.7015033	1.5967375	0.28174928	0.049951219	0.0091083244	0.0017216228	0.00033813947	6.8783639e-05	1.2954150e-06	0.0000000	0.0000000	0.0000000	0.0000000	0.0000000	0.0000000	0.0000000	0.0000000
17.0510	0.0000000	0.0000000	0.0000000	0.0000000	0.0000000	0.0000000	0.0000000	0.0000000	0.0000000	0.0000000	0.0000000	0.0000000	0.0000000	0.0000000	0.0000000	0.0000000	0.0000000	0.0000000	0.0000000	0.0000000	0.0000000	0.0000000	0.0000000	0.0000000	0.0000000	0.0000000	0.0000000	0.0000000	0.0000000	0.0000000	0.0000000	0.0000000	0.0000000	0.0000000	0.0000000	0.0000000	0.0000000	0.0000000	0.0000000	0.0000000	0.0000000	2.6246325e-06	0.00029978608	0.018132869	0.56926807	9.1042397	70.672800	280.01568	677.23939	1224.6149	1888.3038	2658.6075	3510.4256	4373.1092	4816.5854	4902.3110	4570.0244	3832.9794	2819.8015	1761.3729	897.90265	358.85484	109.44441	25.795488	5.0061893	0.87148978	0.14616194	0.024695494	0.0043058304	0.00078092569	0.00014759964	2.8957112e-05	5.2687207e-07	0.0000000	0.0000000	0.0000000	0.0000000	0.0000000	0.0000000	0.0000000	0.0000000
17.0960	0.0000000	0.0000000	0.0000000	0.0000000	0.0000000	0.0000000	0.0000000	0.0000000	0.0000000	0.0000000	0.0000000	0.0000000	0.0000000	0.0000000	0.0000000	0.0000000	0.0000000	0.0000000	0.0000000	0.0000000	0.0000000	0.0000000	0.0000000	0.0000000	0.0000000	0.0000000	0.0000000	0.0000000	0.0000000	0.0000000	0.0000000	0.0000000	0.0000000	0.0000000	0.0000000	0.0000000	0.0000000	0.0000000	0.0000000	0.0000000	0.0000000	3.1097955e-06	0.00034349868	0.019481333	0.57002759	8.5218623	63.741810	248.40971	596.48745	1069.6494	1617.1141	2187.4894	2719.3292	3139.4162	3370.2585	3348.0763	3043.7795	2487.6245	1781.6945	1082.3489	535.88908	207.69911	61.338342	13.981381	2.6215119	0.44063782	0.071346543	0.011640810	0.0019608882	0.00034380667	6.2870130e-05	1.1944547e-05	2.1067567e-07	0.0000000	0.0000000	0.0000000	0.0000000	0.0000000	0.0000000	0.0000000	0.0000000
16.7760	0.0000000	0.0000000	0.0000000	0.0000000	0.0000000	0.0000000	0.0000000	0.0000000	0.0000000	0.0000000	0.0000000	0.0000000	0.0000000	0.0000000	0.0000000	0.0000000	0.0000000	0.0000000	0.0000000	0.0000000	0.0000000	0.0000000	0.0000000	0.0000000	0.0000000	0.0000000	0.0000000	0.0000000	0.0000000	0.0000000	0.0000000	0.0000000	0.0000000	0.0000000	0.0000000	0.0000000	0.0000000	0.0000000	0.0000000	0.0000000	0.0000000	2.2540291e-06	0.00025393020	0.014655073	0.43577718	6.6199960	50.369423	200.11824	491.16386	902.35209	1399.8772	1944.4507	2480.8026	2937.1518	3232.1815	3290.8697	3066.6553	2570.2324	1889.6165	1179.8719	601.40369	240.38435	73.330045	17.287893	3.3558156	0.58432916	0.098039924	0.016576152	0.0028931891	0.00052549444	9.9517623e-05	1.9574262e-05	3.5731829e-07	0.0000000	0.0000000	0.0000000	0.0000000	0.0000000	0.0000000	0.0000000	0.0000000
15.2620	0.0000000	0.0000000	0.0000000	0.0000000	0.0000000	0.0000000	0.0000000	0.0000000	0.0000000	0.0000000	0.0000000	0.0000000	0.0000000	0.0000000	0.0000000	0.0000000	0.0000000	0.0000000	0.0000000	0.0000000	0.0000000	0.0000000	0.0000000	0.0000000	0.0000000	0.0000000	0.0000000	0.0000000	0.0000000	0.0000000	0.0000000	0.0000000	0.0000000	0.0000000	0.0000000	0.0000000	0.0000000	0.0000000	0.0000000	0.0000000	0.0000000	4.8602915e-07	5.9913179e-05	0.0037586167	0.12066253	1.9650035	15.917954	66.911791	172.82721	332.79991	539.77366	783.22074	1044.8590	1295.4943	1495.0102	1598.1361	1565.0861	1379.6365	1067.6017	702.20765	377.35667	159.15189	51.264943	12.765250	2.6168780	0.48414074	0.087829092	0.016107352	0.0029038982	0.00054355812	0.00010587968	2.1387806e-05	4.0043318e-07	0.0000000	0.0000000	0.0000000	0.0000000	0.0000000	0.0000000	0.0000000	0.0000000
12.1240	0.0000000	0.0000000	0.0000000	0.0000000	0.0000000	0.0000000	0.0000000	0.0000000	0.0000000	0.0000000	0.0000000	0.0000000	0.0000000	0.0000000	0.0000000	0.0000000	0.0000000	0.0000000	0.0000000	0.0000000	0.0000000	0.0000000	0.0000000	0.0000000	0.0000000	0.0000000	0.0000000	0.0000000	0.0000000	0.0000000	0.0000000	0.0000000	0.0000000	0.0000000	0.0000000	0.0000000	0.0000000	0.0000000	0.0000000	0.0000000	0.0000000	3.7812278e-08	5.9630414e-06	0.00046581546	0.018183918	0.35277793	3.3455013	16.221900	47.723437	103.46247	186.89602	298.96354	435.43115	583.22695	718.47701	809.17532	822.86146	741.05910	575.10239	371.98767	193.03110	77.304369	24.693413	6.1851831	1.2713750	0.23358554	0.041196289	0.0072933702	0.0013278525	0.00025064319	4.9154242e-05	9.9786291e-06	1.8746451e-07	0.0000000	0.0000000	0.0000000	0.0000000	0.0000000	0.0000000	0.0000000	0.0000000
12.2640	0.0000000	0.0000000	0.0000000	0.0000000	0.0000000	0.0000000	0.0000000	0.0000000	0.0000000	0.0000000	0.0000000	0.0000000	0.0000000	0.0000000	0.0000000	0.0000000	0.0000000	0.0000000	0.0000000	0.0000000	0.0000000	0.0000000	0.0000000	0.0000000	0.0000000	0.0000000	0.0000000	0.0000000	0.0000000	0.0000000	0.0000000	0.0000000	0.0000000	0.0000000	0.0000000	0.0000000	0.0000000	0.0000000	0.0000000	0.0000000	0.0000000	3.3182615e-08	5.1305861e-06	0.00039408860	0.015163383	0.29045361	2.7215318	13.031204	37.801670	81.794190	149.99293	242.47553	355.36190	477.59766	589.67672	665.80476	680.62190	619.80310	490.99265	328.10023	178.04061	75.470903	24.356617	6.0676906	1.2443055	0.22891394	0.040548829	0.0072248685	0.0013252788	0.00025208611	4.9784590e-05	1.0163438e-05	1.9173633e-07	0.0000000	0.0000000	0.0000000	0.0000000	0.0000000	0.0000000	0.0000000	0.0000000
13.8250	0.0000000	0.0000000	0.0000000	0.0000000	0.0000000	0.0000000	0.0000000	0.0000000	0.0000000	0.0000000	0.0000000	0.0000000	0.0000000	0.0000000	0.0000000	0.0000000	0.0000000	0.0000000	0.0000000	0.0000000	0.0000000	0.0000000	0.0000000	0.0000000	0.0000000	0.0000000	0.0000000	0.0000000	0.0000000	0.0000000	0.0000000	0.0000000	0.0000000	0.0000000	0.0000000	0.0000000	0.0000000	0.0000000	0.0000000	0.0000000	0.0000000	6.1293893e-08	8.5845069e-06	0.00060984911	0.021935099	0.39550158	3.5096300	15.976749	44.102736	89.625539	151.79000	228.03068	313.10155	398.39280	471.59652	517.17873	519.48423	469.29128	371.64254	249.77786	137.04562	59.017475	19.425898	4.9467147	1.0376004	0.19516275	0.035323009	0.0064274847	0.0012033918	0.00023346972	4.6986282e-05	9.7629089e-06	1.8614437e-07	0.0000000	0.0000000	0.0000000	0.0000000	0.0000000	0.0000000	0.0000000	0.0000000
15.4530	0.0000000	0.0000000	0.0000000	0.0000000	0.0000000	0.0000000	0.0000000	0.0000000	0.0000000	0.0000000	0.0000000	0.0000000	0.0000000	0.0000000	0.0000000	0.0000000	0.0000000	0.0000000	0.0000000	0.0000000	0.0000000	0.0000000	0.0000000	0.0000000	0.0000000	0.0000000	0.0000000	0.0000000	0.0000000	0.0000000	0.0000000	0.0000000	0.0000000	0.0000000	0.0000000	0.0000000	0.0000000	0.0000000	0.0000000	0.0000000	0.0000000	1.4641321e-07	1.7580468e-05	0.0010734649	0.033511512	0.53020098	4.1682356	16.977378	42.394378	78.700240	122.65250	170.38384	216.78169	255.29846	278.64988	280.54076	257.70582	212.25384	152.88166	93.257547	46.326838	18.012885	5.3381629	1.2216292	0.23012061	0.038887743	0.0063344634	0.0010404272	0.00017655762	3.1208609e-05	5.7574624e-06	1.1042036e-06	1.9670620e-08	0.0000000	0.0000000	0.0000000	0.0000000	0.0000000	0.0000000	0.0000000	0.0000000
11.2500	0.0000000	0.0000000	0.0000000	0.0000000	0.0000000	0.0000000	0.0000000	0.0000000	0.0000000	0.0000000	0.0000000	0.0000000	0.0000000	0.0000000	0.0000000	0.0000000	0.0000000	0.0000000	0.0000000	0.0000000	0.0000000	0.0000000	0.0000000	0.0000000	0.0000000	0.0000000	0.0000000	0.0000000	0.0000000	0.0000000	0.0000000	0.0000000	0.0000000	0.0000000	0.0000000	0.0000000	0.0000000	0.0000000	0.0000000	0.0000000	0.0000000	7.8263903e-09	1.3344796e-06	0.00011245445	0.0047257905	0.098355776	0.99556265	5.1179857	15.838300	35.841311	67.112795	110.59286	165.03357	225.71280	283.65094	326.38439	340.47703	316.68002	256.33166	174.96614	96.868730	41.811368	13.701013	3.4529296	0.71327291	0.13157322	0.023276685	0.0041299335	0.00075290106	0.00014218356	2.7874355e-05	5.6521434e-06	1.0595880e-07	0.0000000	0.0000000	0.0000000	0.0000000	0.0000000	0.0000000	0.0000000	0.0000000
11.1290	0.0000000	0.0000000	0.0000000	0.0000000	0.0000000	0.0000000	0.0000000	0.0000000	0.0000000	0.0000000	0.0000000	0.0000000	0.0000000	0.0000000	0.0000000	0.0000000	0.0000000	0.0000000	0.0000000	0.0000000	0.0000000	0.0000000	0.0000000	0.0000000	0.0000000	0.0000000	0.0000000	0.0000000	0.0000000	0.0000000	0.0000000	0.0000000	0.0000000	0.0000000	0.0000000	0.0000000	0.0000000	0.0000000	0.0000000	0.0000000	0.0000000	4.9747648e-09	8.6074858e-07	7.2977770e-05	0.0030618423	0.063271196	0.63370466	3.2186155	10.543953	25.136531	48.928822	82.543505	124.60934	171.06271	214.84808	246.78989	257.12971	238.97907	193.36522	131.97532	73.080274	31.557214	10.347743	2.6101159	0.53973743	0.099678446	0.017654646	0.0031356513	0.00057208669	0.00010808314	2.1188379e-05	4.2938358e-06	8.0391696e-08	0.0000000	0.0000000	0.0000000	0.0000000	0.0000000	0.0000000	0.0000000	0.0000000
16.3360	0.0000000	0.0000000	0.0000000	0.0000000	0.0000000	0.0000000	0.0000000	0.0000000	0.0000000	0.0000000	0.0000000	0.0000000	0.0000000	0.0000000	0.0000000	0.0000000	0.0000000	0.0000000	0.0000000	0.0000000	0.0000000	0.0000000	0.0000000	0.0000000	0.0000000	0.0000000	0.0000000	0.0000000	0.0000000	0.0000000	0.0000000	0.0000000	0.0000000	0.0000000	0.0000000	0.0000000	0.0000000	0.0000000	0.0000000	0.0000000	0.0000000	7.0094034e-08	8.0344758e-06	0.00047051962	0.014163754	0.21725283	1.6629597	6.6165856	16.179182	29.444688	45.010967	61.343726	76.630076	88.785086	95.646580	95.448020	87.361595	72.129051	52.432964	32.531270	16.580757	6.6769631	2.0695691	0.49977983	0.099882486	0.017858262	0.0029733781	0.00049918602	8.6562575e-05	1.5627057e-05	2.9420337e-06	5.7522043e-07	1.0433819e-08	0.0000000	0.0000000	0.0000000	0.0000000	0.0000000	0.0000000	0.0000000	0.0000000
13.8900	0.0000000	0.0000000	0.0000000	0.0000000	0.0000000	0.0000000	0.0000000	0.0000000	0.0000000	0.0000000	0.0000000	0.0000000	0.0000000	0.0000000	0.0000000	0.0000000	0.0000000	0.0000000	0.0000000	0.0000000	0.0000000	0.0000000	0.0000000	0.0000000	0.0000000	0.0000000	0.0000000	0.0000000	0.0000000	0.0000000	0.0000000	0.0000000	0.0000000	0.0000000	0.0000000	0.0000000	0.0000000	0.0000000	0.0000000	0.0000000	0.0000000	2.3737869e-08	3.1051731e-06	0.00020610875	0.0069926702	0.12025962	1.0267608	4.5245905	12.127891	23.961073	39.460326	57.613779	76.799025	94.729437	108.50169	114.87829	111.16976	96.557324	73.344726	47.144186	24.657602	10.087257	3.1436224	0.75616999	0.14964218	0.026548729	0.0045359735	0.00078051037	0.00013855113	2.5572954e-05	4.9164593e-06	9.8050312e-07	1.8121339e-08	0.0000000	0.0000000	0.0000000	0.0000000	0.0000000	0.0000000	0.0000000	0.0000000
16.0040	0.0000000	0.0000000	0.0000000	0.0000000	0.0000000	0.0000000	0.0000000	0.0000000	0.0000000	0.0000000	0.0000000	0.0000000	0.0000000	0.0000000	0.0000000	0.0000000	0.0000000	0.0000000	0.0000000	0.0000000	0.0000000	0.0000000	0.0000000	0.0000000	0.0000000	0.0000000	0.0000000	0.0000000	0.0000000	0.0000000	0.0000000	0.0000000	0.0000000	0.0000000	0.0000000	0.0000000	0.0000000	0.0000000	0.0000000	0.0000000	0.0000000	4.2155724e-08	4.9618250e-06	0.00029697803	0.0090863974	0.14101737	1.0897082	4.3775537	10.832890	20.037016	31.295532	43.836984	56.544417	67.842794	75.793668	78.442994	74.347972	63.356368	47.292888	29.916773	15.404017	6.1982243	1.8974121	0.44782013	0.086872835	0.015096554	0.0025255085	0.00042553508	7.3999887e-05	1.3389694e-05	2.5256379e-06	4.9464032e-07	8.9867853e-09	0.0000000	0.0000000	0.0000000	0.0000000	0.0000000	0.0000000	0.0000000	0.0000000
10.7700	0.0000000	0.0000000	0.0000000	0.0000000	0.0000000	0.0000000	0.0000000	0.0000000	0.0000000	0.0000000	0.0000000	0.0000000	0.0000000	0.0000000	0.0000000	0.0000000	0.0000000	0.0000000	0.0000000	0.0000000	0.0000000	0.0000000	0.0000000	0.0000000	0.0000000	0.0000000	0.0000000	0.0000000	0.0000000	0.0000000	0.0000000	0.0000000	0.0000000	0.0000000	0.0000000	0.0000000	0.0000000	0.0000000	0.0000000	0.0000000	0.0000000	3.6749101e-09	6.5903344e-07	5.7843477e-05	0.0025104404	0.053624620	0.55454753	2.9020751	9.1116872	20.849875	39.364164	65.258926	97.836455	134.36869	169.62123	196.12891	205.62836	192.20582	156.30459	107.13875	59.542295	25.597971	8.3380973	2.0868997	0.42774816	0.078231224	0.013709482	0.0024069082	0.00043363641	8.0814617e-05	1.5610253e-05	3.1153413e-06	5.7497104e-08	0.0000000	0.0000000	0.0000000	0.0000000	0.0000000	0.0000000	0.0000000	0.0000000
10.6570	0.0000000	0.0000000	0.0000000	0.0000000	0.0000000	0.0000000	0.0000000	0.0000000	0.0000000	0.0000000	0.0000000	0.0000000	0.0000000	0.0000000	0.0000000	0.0000000	0.0000000	0.0000000	0.0000000	0.0000000	0.0000000	0.0000000	0.0000000	0.0000000	0.0000000	0.0000000	0.0000000	0.0000000	0.0000000	0.0000000	0.0000000	0.0000000	0.0000000	0.0000000	0.0000000	0.0000000	0.0000000	0.0000000	0.0000000	0.0000000	0.0000000	1.7188829e-09	3.1389643e-07	2.7973526e-05	0.0012297139	0.026550611	0.27703645	1.4612053	4.6230929	10.665246	20.311958	33.988786	51.455511	71.369197	90.959185	106.13577	112.21723	105.69387	86.538584	59.677247	33.338209	14.501842	4.7833942	1.2082844	0.24976908	0.046109645	0.0081685666	0.0014527210	0.00026576849	5.0431996e-05	9.9480001e-06	2.0323295e-06	3.8264024e-08	0.0000000	0.0000000	0.0000000	0.0000000	0.0000000	0.0000000	0.0000000	0.0000000
12.6800	0.0000000	0.0000000	0.0000000	0.0000000	0.0000000	0.0000000	0.0000000	0.0000000	0.0000000	0.0000000	0.0000000	0.0000000	0.0000000	0.0000000	0.0000000	0.0000000	0.0000000	0.0000000	0.0000000	0.0000000	0.0000000	0.0000000	0.0000000	0.0000000	0.0000000	0.0000000	0.0000000	0.0000000	0.0000000	0.0000000	0.0000000	0.0000000	0.0000000	0.0000000	0.0000000	0.0000000	0.0000000	0.0000000	0.0000000	0.0000000	0.0000000	8.8827669e-09	1.2405237e-06	8.7439245e-05	0.0031359781	0.056710531	0.50500629	2.2931895	6.2739285	12.571461	20.898785	30.721318	41.234318	51.300626	59.294727	63.355274	61.847316	54.131150	39.761557	24.641736	12.481245	4.9728151	1.5199595	0.36130877	0.071133330	0.012624372	0.0021671450	0.00037589962	6.7416935e-05	1.2589285e-05	2.4500694e-06	4.9460491e-07	9.2496296e-09	0.0000000	0.0000000	0.0000000	0.0000000	0.0000000	0.0000000	0.0000000	0.0000000
11.0230	0.0000000	0.0000000	0.0000000	0.0000000	0.0000000	0.0000000	0.0000000	0.0000000	0.0000000	0.0000000	0.0000000	0.0000000	0.0000000	0.0000000	0.0000000	0.0000000	0.0000000	0.0000000	0.0000000	0.0000000	0.0000000	0.0000000	0.0000000	0.0000000	0.0000000	0.0000000	0.0000000	0.0000000	0.0000000	0.0000000	0.0000000	0.0000000	0.0000000	0.0000000	0.0000000	0.0000000	0.0000000	0.0000000	0.0000000	0.0000000	0.0000000	1.2295559e-09	2.1546828e-07	1.8620656e-05	0.00079830221	0.016827930	0.17155504	0.88528401	2.7472360	6.2415394	11.770202	19.603088	29.657359	41.225889	52.744580	61.822197	65.711449	62.295515	51.414408	35.800141	20.230681	8.9141495	2.9802746	0.76543840	0.16088095	0.030147082	0.0054103129	0.00097270359	0.00017968836	3.4424958e-05	6.8591589e-06	1.4166938e-06	2.7110879e-08	0.0000000	0.0000000	0.0000000	0.0000000	0.0000000	0.0000000	0.0000000	0.0000000
10.1150	0.0000000	0.0000000	0.0000000	0.0000000	0.0000000	0.0000000	0.0000000	0.0000000	0.0000000	0.0000000	0.0000000	0.0000000	0.0000000	0.0000000	0.0000000	0.0000000	0.0000000	0.0000000	0.0000000	0.0000000	0.0000000	0.0000000	0.0000000	0.0000000	0.0000000	0.0000000	0.0000000	0.0000000	0.0000000	0.0000000	0.0000000	0.0000000	0.0000000	0.0000000	0.0000000	0.0000000	0.0000000	0.0000000	0.0000000	0.0000000	0.0000000	1.7841512e-10	3.4936573e-08	3.3074539e-06	0.00015327043	0.0034673752	0.037736691	0.20687929	0.67795227	1.6130529	3.1550418	5.4031931	8.3502208	11.805459	15.331230	18.236903	19.666211	18.897071	15.783358	11.097836	6.3184367	2.8022845	0.94358574	0.24451982	0.051992904	0.0098868915	0.0018055178	0.00033095241	6.2355655e-05	1.2171595e-05	2.4661553e-06	5.1671087e-07	1.0004960e-08	0.0000000	0.0000000	0.0000000	0.0000000	0.0000000	0.0000000	0.0000000	0.0000000
