# DO NOT EDIT: written Thu Mar 14 18:48:37 2019 by wrt_emiss_fe17.pro
# faked emissivities [1e-23 ergs cm^3/s] for Fe17 lines from Del Zanna 2011, A&A 536, A59
# emissivities include ion balance, but not abundance, and are spline and ion balance jittered off of emiss_Fe17_00000.txt
# line 6 -- SEED, LOGT
# lines 7+ -- WVL, EMISSIVITY
       80783	4.00	4.05	4.10	4.15	4.20	4.25	4.30	4.35	4.40	4.45	4.50	4.55	4.60	4.65	4.70	4.75	4.80	4.85	4.90	4.95	5.00	5.05	5.10	5.15	5.20	5.25	5.30	5.35	5.40	5.45	5.50	5.55	5.60	5.65	5.70	5.75	5.80	5.85	5.90	5.95	6.00	6.05	6.10	6.15	6.20	6.25	6.30	6.35	6.40	6.45	6.50	6.55	6.60	6.65	6.70	6.75	6.80	6.85	6.90	6.95	7.00	7.05	7.10	7.15	7.20	7.25	7.30	7.35	7.40	7.45	7.50	7.55	7.60	7.65	7.70	7.75	7.80	7.85	7.90	7.95	8.00
15.0130	0.0000000	0.0000000	0.0000000	0.0000000	0.0000000	0.0000000	0.0000000	0.0000000	0.0000000	0.0000000	0.0000000	0.0000000	0.0000000	0.0000000	0.0000000	0.0000000	0.0000000	0.0000000	0.0000000	0.0000000	0.0000000	0.0000000	0.0000000	0.0000000	0.0000000	0.0000000	0.0000000	0.0000000	0.0000000	0.0000000	0.0000000	0.0000000	0.0000000	0.0000000	0.0000000	0.0000000	0.0000000	0.0000000	0.0000000	0.0000000	2.1778980e-07	3.2141142e-05	0.0023585910	0.088673847	1.7178501	17.215563	93.898625	311.86472	722.27416	1326.9172	2105.5738	3015.8996	3980.2066	4876.3227	5541.3484	5801.1197	5523.4014	4692.6817	3467.9983	2159.7807	1092.6645	433.46835	132.01484	31.384050	6.2190755	1.1191138	0.19571167	0.034617831	0.0063197765	0.0011975605	0.00023578093	4.2212427e-05	0.0000000	0.0000000	0.0000000	0.0000000	0.0000000	0.0000000	0.0000000	0.0000000	0.0000000
17.0510	0.0000000	0.0000000	0.0000000	0.0000000	0.0000000	0.0000000	0.0000000	0.0000000	0.0000000	0.0000000	0.0000000	0.0000000	0.0000000	0.0000000	0.0000000	0.0000000	0.0000000	0.0000000	0.0000000	0.0000000	0.0000000	0.0000000	0.0000000	0.0000000	0.0000000	0.0000000	0.0000000	0.0000000	0.0000000	0.0000000	0.0000000	0.0000000	0.0000000	0.0000000	0.0000000	0.0000000	0.0000000	0.0000000	0.0000000	0.0000000	5.3111712e-07	6.8374458e-05	0.0044345446	0.14882265	2.5926675	23.512258	116.70824	354.80073	756.64836	1286.9410	1898.9713	2537.3093	3129.8759	3588.4950	3820.5362	3752.0376	3356.6195	2684.2971	1870.6962	1100.8418	527.51255	198.78830	57.701910	13.121693	2.4967503	0.43304732	0.073260455	0.012578099	0.0022357932	0.00041367566	7.9697736e-05	1.3981881e-05	0.0000000	0.0000000	0.0000000	0.0000000	0.0000000	0.0000000	0.0000000	0.0000000	0.0000000
17.0960	0.0000000	0.0000000	0.0000000	0.0000000	0.0000000	0.0000000	0.0000000	0.0000000	0.0000000	0.0000000	0.0000000	0.0000000	0.0000000	0.0000000	0.0000000	0.0000000	0.0000000	0.0000000	0.0000000	0.0000000	0.0000000	0.0000000	0.0000000	0.0000000	0.0000000	0.0000000	0.0000000	0.0000000	0.0000000	0.0000000	0.0000000	0.0000000	0.0000000	0.0000000	0.0000000	0.0000000	0.0000000	0.0000000	0.0000000	0.0000000	5.2356391e-07	6.6801888e-05	0.0043001031	0.14364443	2.4992417	22.679221	112.62747	341.72575	724.17945	1217.1811	1764.8419	2304.8436	2764.7158	3067.1507	3144.8491	2960.7693	2527.6436	1920.2512	1293.7602	743.83175	346.92666	126.69813	35.483141	7.7555484	1.4139974	0.23446491	0.037869713	0.0062039611	0.0010522871	0.00018589362	3.4231653e-05	5.7491656e-06	0.0000000	0.0000000	0.0000000	0.0000000	0.0000000	0.0000000	0.0000000	0.0000000	0.0000000
16.7760	0.0000000	0.0000000	0.0000000	0.0000000	0.0000000	0.0000000	0.0000000	0.0000000	0.0000000	0.0000000	0.0000000	0.0000000	0.0000000	0.0000000	0.0000000	0.0000000	0.0000000	0.0000000	0.0000000	0.0000000	0.0000000	0.0000000	0.0000000	0.0000000	0.0000000	0.0000000	0.0000000	0.0000000	0.0000000	0.0000000	0.0000000	0.0000000	0.0000000	0.0000000	0.0000000	0.0000000	0.0000000	0.0000000	0.0000000	0.0000000	4.0359755e-07	5.2111475e-05	0.0033861674	0.11399876	1.9992597	18.327012	92.322858	285.88030	622.84944	1084.4128	1639.5743	2244.6773	2833.0929	3317.2311	3600.6713	3599.2030	3271.7201	2650.6721	1864.5229	1105.7422	532.96295	201.54011	58.548401	13.292896	2.5200382	0.43475944	0.073068447	0.012452623	0.0021960622	0.00040304283	7.6916220e-05	1.3309895e-05	0.0000000	0.0000000	0.0000000	0.0000000	0.0000000	0.0000000	0.0000000	0.0000000	0.0000000
15.2620	0.0000000	0.0000000	0.0000000	0.0000000	0.0000000	0.0000000	0.0000000	0.0000000	0.0000000	0.0000000	0.0000000	0.0000000	0.0000000	0.0000000	0.0000000	0.0000000	0.0000000	0.0000000	0.0000000	0.0000000	0.0000000	0.0000000	0.0000000	0.0000000	0.0000000	0.0000000	0.0000000	0.0000000	0.0000000	0.0000000	0.0000000	0.0000000	0.0000000	0.0000000	0.0000000	0.0000000	0.0000000	0.0000000	0.0000000	0.0000000	6.7643227e-08	9.6878537e-06	0.00069322242	0.025522255	0.48590475	4.7980714	25.836575	84.902180	195.03400	356.14138	562.61679	803.18421	1056.8252	1290.5232	1461.2805	1523.9939	1445.3972	1223.2620	900.62895	558.90115	281.83899	111.49000	33.875002	8.0393207	1.5915625	0.28633019	0.050091812	0.0088681181	0.0016210558	0.00030768155	6.0691723e-05	1.0887313e-05	0.0000000	0.0000000	0.0000000	0.0000000	0.0000000	0.0000000	0.0000000	0.0000000	0.0000000
12.1240	0.0000000	0.0000000	0.0000000	0.0000000	0.0000000	0.0000000	0.0000000	0.0000000	0.0000000	0.0000000	0.0000000	0.0000000	0.0000000	0.0000000	0.0000000	0.0000000	0.0000000	0.0000000	0.0000000	0.0000000	0.0000000	0.0000000	0.0000000	0.0000000	0.0000000	0.0000000	0.0000000	0.0000000	0.0000000	0.0000000	0.0000000	0.0000000	0.0000000	0.0000000	0.0000000	0.0000000	0.0000000	0.0000000	0.0000000	0.0000000	4.5365543e-09	8.4315081e-07	7.6009675e-05	0.0034355156	0.078507737	0.91250802	5.6879680	21.331755	55.241531	112.42560	195.79136	304.85106	432.96805	564.96147	677.11267	740.85511	731.32585	639.82119	484.14917	307.25701	157.78375	63.338509	19.477027	4.6707229	0.93371780	0.16963612	0.029994136	0.0053739643	0.00099510549	0.00019140542	3.8246155e-05	6.9418476e-06	0.0000000	0.0000000	0.0000000	0.0000000	0.0000000	0.0000000	0.0000000	0.0000000	0.0000000
12.2640	0.0000000	0.0000000	0.0000000	0.0000000	0.0000000	0.0000000	0.0000000	0.0000000	0.0000000	0.0000000	0.0000000	0.0000000	0.0000000	0.0000000	0.0000000	0.0000000	0.0000000	0.0000000	0.0000000	0.0000000	0.0000000	0.0000000	0.0000000	0.0000000	0.0000000	0.0000000	0.0000000	0.0000000	0.0000000	0.0000000	0.0000000	0.0000000	0.0000000	0.0000000	0.0000000	0.0000000	0.0000000	0.0000000	0.0000000	0.0000000	4.8155321e-09	8.8210439e-07	7.8529292e-05	0.0035104172	0.079429171	0.91490022	5.6531151	21.003693	53.827041	108.33785	186.58243	287.48890	404.65890	524.48576	625.94040	683.63626	675.00078	591.42997	448.46664	285.29024	146.87091	59.099520	18.209878	4.3722468	0.87399995	0.15846324	0.027887747	0.0049582605	0.00090884914	0.00017275168	3.4078337e-05	6.1050203e-06	0.0000000	0.0000000	0.0000000	0.0000000	0.0000000	0.0000000	0.0000000	0.0000000	0.0000000
13.8250	0.0000000	0.0000000	0.0000000	0.0000000	0.0000000	0.0000000	0.0000000	0.0000000	0.0000000	0.0000000	0.0000000	0.0000000	0.0000000	0.0000000	0.0000000	0.0000000	0.0000000	0.0000000	0.0000000	0.0000000	0.0000000	0.0000000	0.0000000	0.0000000	0.0000000	0.0000000	0.0000000	0.0000000	0.0000000	0.0000000	0.0000000	0.0000000	0.0000000	0.0000000	0.0000000	0.0000000	0.0000000	0.0000000	0.0000000	0.0000000	8.9102904e-09	1.3807749e-06	0.00010664939	0.0042373758	0.087142441	0.93037414	5.4144007	19.164656	47.092595	91.255998	151.82076	226.71247	310.38532	392.93139	460.05632	494.76817	482.36134	418.01287	313.72315	197.52947	100.66435	40.120582	12.257608	2.9228068	0.58159812	0.10532275	0.018588329	0.0033291995	0.00061748254	0.00011922114	2.3965308e-05	4.3854920e-06	0.0000000	0.0000000	0.0000000	0.0000000	0.0000000	0.0000000	0.0000000	0.0000000	0.0000000
15.4530	0.0000000	0.0000000	0.0000000	0.0000000	0.0000000	0.0000000	0.0000000	0.0000000	0.0000000	0.0000000	0.0000000	0.0000000	0.0000000	0.0000000	0.0000000	0.0000000	0.0000000	0.0000000	0.0000000	0.0000000	0.0000000	0.0000000	0.0000000	0.0000000	0.0000000	0.0000000	0.0000000	0.0000000	0.0000000	0.0000000	0.0000000	0.0000000	0.0000000	0.0000000	0.0000000	0.0000000	0.0000000	0.0000000	0.0000000	0.0000000	2.8635662e-08	3.9521350e-06	0.00027217570	0.0096303387	0.17597654	1.6660415	8.5932921	27.017256	59.286310	103.21941	155.12203	210.13218	261.67437	301.57198	321.34621	314.49254	261.15977	190.17486	119.83288	64.490259	30.174829	11.061351	3.1121012	0.68398952	0.12552219	0.020969834	0.0034149412	0.00056444707	9.6654303e-05	1.7247035e-05	3.2092420e-06	5.5262280e-07	0.0000000	0.0000000	0.0000000	0.0000000	0.0000000	0.0000000	0.0000000	0.0000000	0.0000000
11.2500	0.0000000	0.0000000	0.0000000	0.0000000	0.0000000	0.0000000	0.0000000	0.0000000	0.0000000	0.0000000	0.0000000	0.0000000	0.0000000	0.0000000	0.0000000	0.0000000	0.0000000	0.0000000	0.0000000	0.0000000	0.0000000	0.0000000	0.0000000	0.0000000	0.0000000	0.0000000	0.0000000	0.0000000	0.0000000	0.0000000	0.0000000	0.0000000	0.0000000	0.0000000	0.0000000	0.0000000	0.0000000	0.0000000	0.0000000	0.0000000	9.8837470e-10	2.0222647e-07	1.9813856e-05	0.00096193017	0.023360927	0.28585596	1.8601760	7.2280985	19.269987	40.171250	71.376566	113.05109	163.00266	215.68009	261.95668	290.44262	290.58088	257.65269	197.55654	127.01076	66.045762	26.827302	8.3385327	2.0182482	0.40650090	0.074250101	0.013163566	0.0023576299	0.00043534471	8.3363651e-05	1.6567940e-05	2.9903092e-06	0.0000000	0.0000000	0.0000000	0.0000000	0.0000000	0.0000000	0.0000000	0.0000000	0.0000000
11.1290	0.0000000	0.0000000	0.0000000	0.0000000	0.0000000	0.0000000	0.0000000	0.0000000	0.0000000	0.0000000	0.0000000	0.0000000	0.0000000	0.0000000	0.0000000	0.0000000	0.0000000	0.0000000	0.0000000	0.0000000	0.0000000	0.0000000	0.0000000	0.0000000	0.0000000	0.0000000	0.0000000	0.0000000	0.0000000	0.0000000	0.0000000	0.0000000	0.0000000	0.0000000	0.0000000	0.0000000	0.0000000	0.0000000	0.0000000	0.0000000	6.3812153e-10	1.3250625e-07	1.3168689e-05	0.00064814424	0.015949844	0.19765870	1.3017806	5.1150601	13.774473	28.971972	51.880611	82.726247	119.93291	158.88404	192.01982	211.26511	209.76236	184.64087	140.57061	89.738200	46.340530	18.697606	5.7752359	1.3898418	0.27852167	0.050657606	0.0089501617	0.0015988936	0.00029475662	5.6405454e-05	1.1214675e-05	2.0272348e-06	0.0000000	0.0000000	0.0000000	0.0000000	0.0000000	0.0000000	0.0000000	0.0000000	0.0000000
16.3360	0.0000000	0.0000000	0.0000000	0.0000000	0.0000000	0.0000000	0.0000000	0.0000000	0.0000000	0.0000000	0.0000000	0.0000000	0.0000000	0.0000000	0.0000000	0.0000000	0.0000000	0.0000000	0.0000000	0.0000000	0.0000000	0.0000000	0.0000000	0.0000000	0.0000000	0.0000000	0.0000000	0.0000000	0.0000000	0.0000000	0.0000000	0.0000000	0.0000000	0.0000000	0.0000000	0.0000000	0.0000000	0.0000000	0.0000000	0.0000000	1.1128168e-08	1.4694747e-06	9.7449164e-05	0.0033392832	0.059460124	0.55184001	2.8033182	8.7107460	18.938026	32.700231	48.750627	65.483270	80.772048	92.080735	96.887959	93.462906	81.648506	63.398936	42.660579	24.112391	11.044759	3.9610379	1.1208240	0.25127610	0.047067300	0.0080288750	0.0013354229	0.00022547009	3.9436298e-05	7.1862227e-06	1.3649936e-06	2.3638788e-07	0.0000000	0.0000000	0.0000000	0.0000000	0.0000000	0.0000000	0.0000000	0.0000000	0.0000000
13.8900	0.0000000	0.0000000	0.0000000	0.0000000	0.0000000	0.0000000	0.0000000	0.0000000	0.0000000	0.0000000	0.0000000	0.0000000	0.0000000	0.0000000	0.0000000	0.0000000	0.0000000	0.0000000	0.0000000	0.0000000	0.0000000	0.0000000	0.0000000	0.0000000	0.0000000	0.0000000	0.0000000	0.0000000	0.0000000	0.0000000	0.0000000	0.0000000	0.0000000	0.0000000	0.0000000	0.0000000	0.0000000	0.0000000	0.0000000	0.0000000	3.9274307e-09	4.4909022e-07	3.2133002e-05	0.0012239649	0.024114137	0.24667281	1.3759579	4.6679529	10.980705	20.341895	32.325646	46.086296	60.240160	72.873125	81.676222	90.911918	91.502826	79.935083	59.004548	35.887269	17.496084	6.6598607	1.9491468	0.44653981	0.085577994	0.014953797	0.0025500920	0.00044169916	7.9282787e-05	1.4827382e-05	2.8902185e-06	5.1351592e-07	0.0000000	0.0000000	0.0000000	0.0000000	0.0000000	0.0000000	0.0000000	0.0000000	0.0000000
16.0040	0.0000000	0.0000000	0.0000000	0.0000000	0.0000000	0.0000000	0.0000000	0.0000000	0.0000000	0.0000000	0.0000000	0.0000000	0.0000000	0.0000000	0.0000000	0.0000000	0.0000000	0.0000000	0.0000000	0.0000000	0.0000000	0.0000000	0.0000000	0.0000000	0.0000000	0.0000000	0.0000000	0.0000000	0.0000000	0.0000000	0.0000000	0.0000000	0.0000000	0.0000000	0.0000000	0.0000000	0.0000000	0.0000000	0.0000000	0.0000000	7.5029122e-09	1.0119610e-06	6.8391422e-05	0.0023804516	0.042873380	0.40091465	2.0474459	6.3918005	13.973011	24.306334	36.581854	49.717014	62.204936	72.154136	77.560107	76.775099	69.120911	55.533275	38.803970	22.843802	10.921802	4.0940353	1.1784777	0.26516301	0.049849451	0.0085359434	0.0014256948	0.00024186188	4.2538295e-05	7.8014173e-06	1.4927370e-06	2.6061027e-07	0.0000000	0.0000000	0.0000000	0.0000000	0.0000000	0.0000000	0.0000000	0.0000000	0.0000000
10.7700	0.0000000	0.0000000	0.0000000	0.0000000	0.0000000	0.0000000	0.0000000	0.0000000	0.0000000	0.0000000	0.0000000	0.0000000	0.0000000	0.0000000	0.0000000	0.0000000	0.0000000	0.0000000	0.0000000	0.0000000	0.0000000	0.0000000	0.0000000	0.0000000	0.0000000	0.0000000	0.0000000	0.0000000	0.0000000	0.0000000	0.0000000	0.0000000	0.0000000	0.0000000	0.0000000	0.0000000	0.0000000	0.0000000	0.0000000	0.0000000	3.6034904e-10	7.7646890e-08	7.9848170e-06	0.00040575603	0.010288890	0.13110585	0.88538036	3.5530624	9.7172175	20.633541	37.135753	59.355405	86.194386	114.77358	140.28751	156.54938	157.62114	140.60344	108.39924	70.021521	36.563457	14.911008	4.6538813	1.1316235	0.22915359	0.042129720	0.0075267515	0.0013596378	0.00025332967	4.8951029e-05	9.8143635e-06	1.7858889e-06	0.0000000	0.0000000	0.0000000	0.0000000	0.0000000	0.0000000	0.0000000	0.0000000	0.0000000
10.6570	0.0000000	0.0000000	0.0000000	0.0000000	0.0000000	0.0000000	0.0000000	0.0000000	0.0000000	0.0000000	0.0000000	0.0000000	0.0000000	0.0000000	0.0000000	0.0000000	0.0000000	0.0000000	0.0000000	0.0000000	0.0000000	0.0000000	0.0000000	0.0000000	0.0000000	0.0000000	0.0000000	0.0000000	0.0000000	0.0000000	0.0000000	0.0000000	0.0000000	0.0000000	0.0000000	0.0000000	0.0000000	0.0000000	0.0000000	0.0000000	1.8466412e-10	3.9829643e-08	4.0860488e-06	0.00020659080	0.0052030452	0.065784708	0.44071899	1.7562917	4.7820933	10.142456	18.285863	29.347375	42.854198	57.430229	70.677001	79.422183	80.514172	72.287855	56.067017	36.416971	19.107707	7.8225609	2.4481730	0.59613702	0.12071586	0.022162803	0.0039504525	0.00071183352	0.00013235964	2.5548760e-05	5.1240193e-06	9.3430338e-07	0.0000000	0.0000000	0.0000000	0.0000000	0.0000000	0.0000000	0.0000000	0.0000000	0.0000000
12.6800	0.0000000	0.0000000	0.0000000	0.0000000	0.0000000	0.0000000	0.0000000	0.0000000	0.0000000	0.0000000	0.0000000	0.0000000	0.0000000	0.0000000	0.0000000	0.0000000	0.0000000	0.0000000	0.0000000	0.0000000	0.0000000	0.0000000	0.0000000	0.0000000	0.0000000	0.0000000	0.0000000	0.0000000	0.0000000	0.0000000	0.0000000	0.0000000	0.0000000	0.0000000	0.0000000	0.0000000	0.0000000	0.0000000	0.0000000	0.0000000	1.0291538e-09	1.7030854e-07	1.3925801e-05	0.00058198900	0.012524093	0.13912175	0.83523991	2.9744025	7.1680915	13.504564	21.704830	31.194850	41.086929	50.148853	56.722105	59.041550	55.800517	46.927042	34.203157	20.944332	10.395560	4.0399589	1.2046154	0.28051461	0.054508677	0.0096307109	0.0016558509	0.00028833648	5.1887425e-05	9.7040717e-06	1.8873345e-06	3.3397771e-07	0.0000000	0.0000000	0.0000000	0.0000000	0.0000000	0.0000000	0.0000000	0.0000000	0.0000000
11.0230	0.0000000	0.0000000	0.0000000	0.0000000	0.0000000	0.0000000	0.0000000	0.0000000	0.0000000	0.0000000	0.0000000	0.0000000	0.0000000	0.0000000	0.0000000	0.0000000	0.0000000	0.0000000	0.0000000	0.0000000	0.0000000	0.0000000	0.0000000	0.0000000	0.0000000	0.0000000	0.0000000	0.0000000	0.0000000	0.0000000	0.0000000	0.0000000	0.0000000	0.0000000	0.0000000	0.0000000	0.0000000	0.0000000	0.0000000	0.0000000	1.4297235e-10	3.0223937e-08	3.0796379e-06	0.00015610606	0.0039575534	0.050339405	0.33644955	1.2542660	3.1332556	5.9473195	10.677634	17.346999	25.673487	34.881927	43.491742	49.443441	50.654547	45.942457	35.999888	23.636126	12.547320	5.2000094	1.6471144	0.40558081	0.082934419	0.015348643	0.0027523188	0.00049791373	9.2851955e-05	1.7974524e-05	3.6178123e-06	6.6274512e-07	0.0000000	0.0000000	0.0000000	0.0000000	0.0000000	0.0000000	0.0000000	0.0000000	0.0000000
10.1150	0.0000000	0.0000000	0.0000000	0.0000000	0.0000000	0.0000000	0.0000000	0.0000000	0.0000000	0.0000000	0.0000000	0.0000000	0.0000000	0.0000000	0.0000000	0.0000000	0.0000000	0.0000000	0.0000000	0.0000000	0.0000000	0.0000000	0.0000000	0.0000000	0.0000000	0.0000000	0.0000000	0.0000000	0.0000000	0.0000000	0.0000000	0.0000000	0.0000000	0.0000000	0.0000000	0.0000000	0.0000000	0.0000000	0.0000000	0.0000000	1.5518100e-11	3.6847764e-09	4.1404445e-07	2.2828925e-05	0.00062449157	0.0085451375	0.061747153	0.26444333	0.77036402	1.7380994	3.3128342	5.5875149	8.5306006	11.904816	15.213860	17.719159	18.583092	17.226225	13.763444	9.1853963	4.9395538	2.0693543	0.66226070	0.16488964	0.034150350	0.0064152698	0.0011698781	0.00021546454	4.0890051e-05	8.0410355e-06	1.6397444e-06	3.0339040e-07	0.0000000	0.0000000	0.0000000	0.0000000	0.0000000	0.0000000	0.0000000	0.0000000	0.0000000
