# DO NOT EDIT: written Thu Mar 14 18:48:37 2019 by wrt_emiss_fe17.pro
# faked emissivities [1e-23 ergs cm^3/s] for Fe17 lines from Del Zanna 2011, A&A 536, A59
# emissivities include ion balance, but not abundance, and are spline and ion balance jittered off of emiss_Fe17_00000.txt
# line 6 -- SEED, LOGT
# lines 7+ -- WVL, EMISSIVITY
      533448	4.00	4.05	4.10	4.15	4.20	4.25	4.30	4.35	4.40	4.45	4.50	4.55	4.60	4.65	4.70	4.75	4.80	4.85	4.90	4.95	5.00	5.05	5.10	5.15	5.20	5.25	5.30	5.35	5.40	5.45	5.50	5.55	5.60	5.65	5.70	5.75	5.80	5.85	5.90	5.95	6.00	6.05	6.10	6.15	6.20	6.25	6.30	6.35	6.40	6.45	6.50	6.55	6.60	6.65	6.70	6.75	6.80	6.85	6.90	6.95	7.00	7.05	7.10	7.15	7.20	7.25	7.30	7.35	7.40	7.45	7.50	7.55	7.60	7.65	7.70	7.75	7.80	7.85	7.90	7.95	8.00
15.0130	0.0000000	0.0000000	0.0000000	0.0000000	0.0000000	0.0000000	0.0000000	0.0000000	0.0000000	0.0000000	0.0000000	0.0000000	0.0000000	0.0000000	0.0000000	0.0000000	0.0000000	0.0000000	0.0000000	0.0000000	0.0000000	0.0000000	0.0000000	0.0000000	0.0000000	0.0000000	0.0000000	0.0000000	0.0000000	0.0000000	0.0000000	0.0000000	0.0000000	0.0000000	0.0000000	0.0000000	0.0000000	0.0000000	0.0000000	0.0000000	2.1196725e-09	1.9636895e-06	0.00023050818	0.014118405	0.44876158	7.2914769	59.160443	249.07763	642.78883	1232.8244	1982.7603	2839.1620	3733.1330	4577.3467	5250.4270	5601.3119	5489.5208	4849.1185	3759.5259	2473.3082	1325.4769	555.08669	176.56643	43.224935	8.7159742	1.5839853	0.27859521	0.049445744	0.0090486917	0.0017178284	0.00033883132	6.9099214e-05	0.0000000	0.0000000	0.0000000	0.0000000	0.0000000	0.0000000	0.0000000	0.0000000	0.0000000
17.0510	0.0000000	0.0000000	0.0000000	0.0000000	0.0000000	0.0000000	0.0000000	0.0000000	0.0000000	0.0000000	0.0000000	0.0000000	0.0000000	0.0000000	0.0000000	0.0000000	0.0000000	0.0000000	0.0000000	0.0000000	0.0000000	0.0000000	0.0000000	0.0000000	0.0000000	0.0000000	0.0000000	0.0000000	0.0000000	0.0000000	0.0000000	0.0000000	0.0000000	0.0000000	0.0000000	0.0000000	0.0000000	0.0000000	0.0000000	0.0000000	4.2037149e-09	3.3497046e-06	0.00034609586	0.019029434	0.55185027	8.2954440	63.031394	251.30523	620.60463	1150.3387	1804.7245	2539.2367	3287.5246	3954.9556	4423.3436	4574.3610	4323.4507	3666.5917	2718.8390	1705.7659	869.68303	345.81225	104.10016	24.079753	4.5956098	0.79222052	0.13251216	0.022429612	0.0039255471	0.00071179639	0.00013433498	2.6249827e-05	0.0000000	0.0000000	0.0000000	0.0000000	0.0000000	0.0000000	0.0000000	0.0000000	0.0000000
17.0960	0.0000000	0.0000000	0.0000000	0.0000000	0.0000000	0.0000000	0.0000000	0.0000000	0.0000000	0.0000000	0.0000000	0.0000000	0.0000000	0.0000000	0.0000000	0.0000000	0.0000000	0.0000000	0.0000000	0.0000000	0.0000000	0.0000000	0.0000000	0.0000000	0.0000000	0.0000000	0.0000000	0.0000000	0.0000000	0.0000000	0.0000000	0.0000000	0.0000000	0.0000000	0.0000000	0.0000000	0.0000000	0.0000000	0.0000000	0.0000000	4.4914618e-09	3.6193580e-06	0.00037462643	0.020490377	0.58828179	8.7175183	65.016155	253.26480	608.31935	1092.1223	1653.7546	2240.0135	2786.0378	3214.3612	3443.6801	3408.5339	3081.6554	2499.1722	1771.4432	1061.7611	517.58859	197.35130	57.375821	12.917595	2.4099895	0.40745307	0.066996951	0.011163064	0.0019243326	0.00034500500	6.4359954e-05	1.2416624e-05	0.0000000	0.0000000	0.0000000	0.0000000	0.0000000	0.0000000	0.0000000	0.0000000	0.0000000
16.7760	0.0000000	0.0000000	0.0000000	0.0000000	0.0000000	0.0000000	0.0000000	0.0000000	0.0000000	0.0000000	0.0000000	0.0000000	0.0000000	0.0000000	0.0000000	0.0000000	0.0000000	0.0000000	0.0000000	0.0000000	0.0000000	0.0000000	0.0000000	0.0000000	0.0000000	0.0000000	0.0000000	0.0000000	0.0000000	0.0000000	0.0000000	0.0000000	0.0000000	0.0000000	0.0000000	0.0000000	0.0000000	0.0000000	0.0000000	0.0000000	3.7348887e-09	3.0621608e-06	0.00032010713	0.017571175	0.50401330	7.4441865	55.315380	215.02824	516.90398	932.08076	1423.1153	1951.0254	2464.7017	2899.0100	3178.5992	3232.5242	3014.7513	2532.4481	1867.5028	1169.5483	597.19804	238.49573	72.408524	16.941650	3.2706239	0.57021150	0.096422780	0.016490081	0.0029141306	0.00053532448	0.00010233334	2.0245497e-05	0.0000000	0.0000000	0.0000000	0.0000000	0.0000000	0.0000000	0.0000000	0.0000000	0.0000000
15.2620	0.0000000	0.0000000	0.0000000	0.0000000	0.0000000	0.0000000	0.0000000	0.0000000	0.0000000	0.0000000	0.0000000	0.0000000	0.0000000	0.0000000	0.0000000	0.0000000	0.0000000	0.0000000	0.0000000	0.0000000	0.0000000	0.0000000	0.0000000	0.0000000	0.0000000	0.0000000	0.0000000	0.0000000	0.0000000	0.0000000	0.0000000	0.0000000	0.0000000	0.0000000	0.0000000	0.0000000	0.0000000	0.0000000	0.0000000	0.0000000	6.1007174e-10	5.5560112e-07	6.4307645e-05	0.0038949583	0.12274152	1.9812650	15.999100	67.205250	173.62215	334.84332	544.62973	793.15281	1062.4666	1323.1432	1533.6828	1646.0968	1617.2277	1428.2983	1105.2424	725.02431	387.12741	161.40561	51.075543	12.430257	2.4901856	0.44935764	0.078435730	0.013808966	0.0025055840	0.00047140286	9.2104286e-05	1.8595285e-05	0.0000000	0.0000000	0.0000000	0.0000000	0.0000000	0.0000000	0.0000000	0.0000000	0.0000000
12.1240	0.0000000	0.0000000	0.0000000	0.0000000	0.0000000	0.0000000	0.0000000	0.0000000	0.0000000	0.0000000	0.0000000	0.0000000	0.0000000	0.0000000	0.0000000	0.0000000	0.0000000	0.0000000	0.0000000	0.0000000	0.0000000	0.0000000	0.0000000	0.0000000	0.0000000	0.0000000	0.0000000	0.0000000	0.0000000	0.0000000	0.0000000	0.0000000	0.0000000	0.0000000	0.0000000	0.0000000	0.0000000	0.0000000	0.0000000	0.0000000	3.9806554e-11	4.6903526e-08	6.8105370e-06	0.00050350219	0.018907111	0.35620737	3.2985818	15.655412	45.123275	95.976601	170.31990	267.84314	383.66812	506.24830	616.69684	690.88566	704.54108	642.93323	512.20466	344.92671	188.64480	80.430683	26.003594	6.4659241	1.3243418	0.24430512	0.043523644	0.0077968309	0.0014331679	0.00027158973	5.3129934e-05	1.0696482e-05	0.0000000	0.0000000	0.0000000	0.0000000	0.0000000	0.0000000	0.0000000	0.0000000	0.0000000
12.2640	0.0000000	0.0000000	0.0000000	0.0000000	0.0000000	0.0000000	0.0000000	0.0000000	0.0000000	0.0000000	0.0000000	0.0000000	0.0000000	0.0000000	0.0000000	0.0000000	0.0000000	0.0000000	0.0000000	0.0000000	0.0000000	0.0000000	0.0000000	0.0000000	0.0000000	0.0000000	0.0000000	0.0000000	0.0000000	0.0000000	0.0000000	0.0000000	0.0000000	0.0000000	0.0000000	0.0000000	0.0000000	0.0000000	0.0000000	0.0000000	4.2501561e-11	5.0353007e-08	7.3801668e-06	0.00055265194	0.021079991	0.40420938	3.7621880	17.895001	51.628844	109.78973	194.59883	305.45616	436.62914	575.00470	699.05547	781.22053	793.98728	721.19252	570.96406	381.50725	206.74984	87.240877	27.882985	6.8464693	1.3831509	0.25159915	0.044256174	0.0078502420	0.0014351555	0.00027211877	5.3595171e-05	1.0910757e-05	0.0000000	0.0000000	0.0000000	0.0000000	0.0000000	0.0000000	0.0000000	0.0000000	0.0000000
13.8250	0.0000000	0.0000000	0.0000000	0.0000000	0.0000000	0.0000000	0.0000000	0.0000000	0.0000000	0.0000000	0.0000000	0.0000000	0.0000000	0.0000000	0.0000000	0.0000000	0.0000000	0.0000000	0.0000000	0.0000000	0.0000000	0.0000000	0.0000000	0.0000000	0.0000000	0.0000000	0.0000000	0.0000000	0.0000000	0.0000000	0.0000000	0.0000000	0.0000000	0.0000000	0.0000000	0.0000000	0.0000000	0.0000000	0.0000000	0.0000000	7.1099452e-11	7.0356246e-08	8.8255313e-06	0.00057919910	0.019799670	0.34715494	3.0453427	13.859585	38.559250	79.530176	137.44523	211.39952	297.56275	387.88062	469.15784	523.74566	533.21862	485.82547	385.85627	258.45346	140.30502	59.278674	18.967898	4.6636501	0.94413533	0.17236756	0.030490384	0.0054509707	0.0010066171	0.00019320948	3.8594680e-05	7.9776904e-06	0.0000000	0.0000000	0.0000000	0.0000000	0.0000000	0.0000000	0.0000000	0.0000000	0.0000000
15.4530	0.0000000	0.0000000	0.0000000	0.0000000	0.0000000	0.0000000	0.0000000	0.0000000	0.0000000	0.0000000	0.0000000	0.0000000	0.0000000	0.0000000	0.0000000	0.0000000	0.0000000	0.0000000	0.0000000	0.0000000	0.0000000	0.0000000	0.0000000	0.0000000	0.0000000	0.0000000	0.0000000	0.0000000	0.0000000	0.0000000	0.0000000	0.0000000	0.0000000	0.0000000	0.0000000	0.0000000	0.0000000	0.0000000	0.0000000	0.0000000	2.1182277e-10	1.8607187e-07	2.0747342e-05	0.0012086444	0.036576517	0.56615921	4.3777797	17.577377	43.307249	79.435115	122.49024	168.50663	212.41473	247.92087	268.23706	267.74626	243.87053	199.15067	142.18443	85.912032	42.212996	16.192490	4.7171897	1.0587885	0.19618751	0.032868515	0.0053505616	0.00088296977	0.00015100554	2.6932668e-05	5.0160944e-06	9.7035519e-07	0.0000000	0.0000000	0.0000000	0.0000000	0.0000000	0.0000000	0.0000000	0.0000000	0.0000000
11.2500	0.0000000	0.0000000	0.0000000	0.0000000	0.0000000	0.0000000	0.0000000	0.0000000	0.0000000	0.0000000	0.0000000	0.0000000	0.0000000	0.0000000	0.0000000	0.0000000	0.0000000	0.0000000	0.0000000	0.0000000	0.0000000	0.0000000	0.0000000	0.0000000	0.0000000	0.0000000	0.0000000	0.0000000	0.0000000	0.0000000	0.0000000	0.0000000	0.0000000	0.0000000	0.0000000	0.0000000	0.0000000	0.0000000	0.0000000	0.0000000	8.1770523e-12	1.0712652e-08	1.7116184e-06	0.00013794434	0.0055991992	0.11313972	1.1154977	5.5972920	16.947367	37.656903	69.462643	113.03613	166.87099	226.08135	281.72901	321.68750	333.15448	307.67225	247.20213	167.34134	91.717614	39.074204	12.587645	3.1103500	0.63151346	0.11534653	0.020357755	0.0036210026	0.00066344579	0.00012601749	2.4854058e-05	5.0647932e-06	0.0000000	0.0000000	0.0000000	0.0000000	0.0000000	0.0000000	0.0000000	0.0000000	0.0000000
11.1290	0.0000000	0.0000000	0.0000000	0.0000000	0.0000000	0.0000000	0.0000000	0.0000000	0.0000000	0.0000000	0.0000000	0.0000000	0.0000000	0.0000000	0.0000000	0.0000000	0.0000000	0.0000000	0.0000000	0.0000000	0.0000000	0.0000000	0.0000000	0.0000000	0.0000000	0.0000000	0.0000000	0.0000000	0.0000000	0.0000000	0.0000000	0.0000000	0.0000000	0.0000000	0.0000000	0.0000000	0.0000000	0.0000000	0.0000000	0.0000000	4.6468185e-12	6.1688952e-09	9.9811568e-07	8.1424292e-05	0.0033446351	0.068385979	0.68223599	3.4636837	10.609985	23.851307	44.512949	73.286743	109.46250	150.04639	189.16576	218.47983	228.79475	213.55321	173.30714	118.41080	65.454400	28.103157	9.1173670	2.2671026	0.46286132	0.084949920	0.015054255	0.0026866119	0.00049351579	9.3911187e-05	1.8541515e-05	3.7795577e-06	0.0000000	0.0000000	0.0000000	0.0000000	0.0000000	0.0000000	0.0000000	0.0000000	0.0000000
16.3360	0.0000000	0.0000000	0.0000000	0.0000000	0.0000000	0.0000000	0.0000000	0.0000000	0.0000000	0.0000000	0.0000000	0.0000000	0.0000000	0.0000000	0.0000000	0.0000000	0.0000000	0.0000000	0.0000000	0.0000000	0.0000000	0.0000000	0.0000000	0.0000000	0.0000000	0.0000000	0.0000000	0.0000000	0.0000000	0.0000000	0.0000000	0.0000000	0.0000000	0.0000000	0.0000000	0.0000000	0.0000000	0.0000000	0.0000000	0.0000000	9.4640736e-11	7.8715451e-08	8.3696725e-06	0.00046793108	0.013681937	0.20593838	1.5562137	6.1286931	14.849118	26.843813	40.910628	55.774981	69.855119	81.234237	87.832607	87.869283	80.434510	66.172473	47.684451	29.129821	14.492712	5.6363527	1.6665619	0.38002536	0.071593092	0.012201285	0.0020213651	0.00033959339	5.9137624e-05	1.0741652e-05	2.0377511e-06	4.0161041e-07	0.0000000	0.0000000	0.0000000	0.0000000	0.0000000	0.0000000	0.0000000	0.0000000	0.0000000
13.8900	0.0000000	0.0000000	0.0000000	0.0000000	0.0000000	0.0000000	0.0000000	0.0000000	0.0000000	0.0000000	0.0000000	0.0000000	0.0000000	0.0000000	0.0000000	0.0000000	0.0000000	0.0000000	0.0000000	0.0000000	0.0000000	0.0000000	0.0000000	0.0000000	0.0000000	0.0000000	0.0000000	0.0000000	0.0000000	0.0000000	0.0000000	0.0000000	0.0000000	0.0000000	0.0000000	0.0000000	0.0000000	0.0000000	0.0000000	0.0000000	2.6251814e-11	2.4996774e-08	3.0166248e-06	0.00019048074	0.0062685675	0.10589482	0.89547713	3.9267146	10.503252	20.767043	34.307389	50.317058	67.414585	83.574026	96.153783	102.15510	99.043937	86.006791	65.146282	41.634365	21.576162	8.7083480	2.6643326	0.62711134	0.12170574	0.021334277	0.0036302535	0.00062564933	0.00011164253	2.0753645e-05	4.0238626e-06	8.0935994e-07	0.0000000	0.0000000	0.0000000	0.0000000	0.0000000	0.0000000	0.0000000	0.0000000	0.0000000
16.0040	0.0000000	0.0000000	0.0000000	0.0000000	0.0000000	0.0000000	0.0000000	0.0000000	0.0000000	0.0000000	0.0000000	0.0000000	0.0000000	0.0000000	0.0000000	0.0000000	0.0000000	0.0000000	0.0000000	0.0000000	0.0000000	0.0000000	0.0000000	0.0000000	0.0000000	0.0000000	0.0000000	0.0000000	0.0000000	0.0000000	0.0000000	0.0000000	0.0000000	0.0000000	0.0000000	0.0000000	0.0000000	0.0000000	0.0000000	0.0000000	5.5692334e-11	4.8494603e-08	5.3879075e-06	0.00031377862	0.0095180652	0.14806446	1.1538128	4.6829693	11.701396	21.826962	34.296920	48.156078	62.061485	74.228431	82.564584	85.024484	80.160144	67.943318	50.445786	31.737888	16.244368	6.4887000	1.9667310	0.45879909	0.088235024	0.015209693	0.0025440066	0.00043089826	7.5542197e-05	1.3792127e-05	2.6253464e-06	5.1815924e-07	0.0000000	0.0000000	0.0000000	0.0000000	0.0000000	0.0000000	0.0000000	0.0000000	0.0000000
10.7700	0.0000000	0.0000000	0.0000000	0.0000000	0.0000000	0.0000000	0.0000000	0.0000000	0.0000000	0.0000000	0.0000000	0.0000000	0.0000000	0.0000000	0.0000000	0.0000000	0.0000000	0.0000000	0.0000000	0.0000000	0.0000000	0.0000000	0.0000000	0.0000000	0.0000000	0.0000000	0.0000000	0.0000000	0.0000000	0.0000000	0.0000000	0.0000000	0.0000000	0.0000000	0.0000000	0.0000000	0.0000000	0.0000000	0.0000000	0.0000000	3.2019893e-12	4.3983771e-09	7.3392290e-07	6.1598137e-05	0.0025978944	0.054423846	0.55483811	2.8680233	8.8981717	20.135794	37.616349	61.696627	91.443317	124.01937	154.37793	175.75834	181.27310	166.64325	133.32724	89.951214	49.180423	20.922299	6.7378319	1.6662375	0.33897575	0.062114011	0.011010222	0.0019687117	0.00036289921	6.9394102e-05	1.3785925e-05	2.8310088e-06	0.0000000	0.0000000	0.0000000	0.0000000	0.0000000	0.0000000	0.0000000	0.0000000	0.0000000
10.6570	0.0000000	0.0000000	0.0000000	0.0000000	0.0000000	0.0000000	0.0000000	0.0000000	0.0000000	0.0000000	0.0000000	0.0000000	0.0000000	0.0000000	0.0000000	0.0000000	0.0000000	0.0000000	0.0000000	0.0000000	0.0000000	0.0000000	0.0000000	0.0000000	0.0000000	0.0000000	0.0000000	0.0000000	0.0000000	0.0000000	0.0000000	0.0000000	0.0000000	0.0000000	0.0000000	0.0000000	0.0000000	0.0000000	0.0000000	0.0000000	1.4175043e-12	1.9758481e-09	3.3412111e-07	2.8411684e-05	0.0012143963	0.025795360	0.26680630	1.4007664	4.4227479	10.209717	19.498188	32.750625	49.773693	69.262732	88.458143	103.26901	109.06372	102.43577	83.479214	57.169858	31.622963	13.566349	4.3920777	1.0886984	0.22139487	0.040456388	0.0071393818	0.0012694907	0.00023254583	4.4170345e-05	8.7138979e-06	1.7766645e-06	0.0000000	0.0000000	0.0000000	0.0000000	0.0000000	0.0000000	0.0000000	0.0000000	0.0000000
12.6800	0.0000000	0.0000000	0.0000000	0.0000000	0.0000000	0.0000000	0.0000000	0.0000000	0.0000000	0.0000000	0.0000000	0.0000000	0.0000000	0.0000000	0.0000000	0.0000000	0.0000000	0.0000000	0.0000000	0.0000000	0.0000000	0.0000000	0.0000000	0.0000000	0.0000000	0.0000000	0.0000000	0.0000000	0.0000000	0.0000000	0.0000000	0.0000000	0.0000000	0.0000000	0.0000000	0.0000000	0.0000000	0.0000000	0.0000000	0.0000000	8.9289614e-12	9.2247259e-09	1.1948800e-06	8.0270535e-05	0.0027879005	0.049265694	0.43084475	1.9248934	5.1856064	10.249563	16.844315	24.531072	32.693678	40.493274	46.735533	50.038246	49.138562	43.446701	33.703472	22.220436	11.969611	5.0508201	1.6108129	0.39019427	0.076571055	0.013356873	0.0022296991	0.00037219741	6.3614999e-05	1.1225377e-05	2.0530307e-06	4.0968243e-07	0.0000000	0.0000000	0.0000000	0.0000000	0.0000000	0.0000000	0.0000000	0.0000000	0.0000000
11.0230	0.0000000	0.0000000	0.0000000	0.0000000	0.0000000	0.0000000	0.0000000	0.0000000	0.0000000	0.0000000	0.0000000	0.0000000	0.0000000	0.0000000	0.0000000	0.0000000	0.0000000	0.0000000	0.0000000	0.0000000	0.0000000	0.0000000	0.0000000	0.0000000	0.0000000	0.0000000	0.0000000	0.0000000	0.0000000	0.0000000	0.0000000	0.0000000	0.0000000	0.0000000	0.0000000	0.0000000	0.0000000	0.0000000	0.0000000	0.0000000	1.0897119e-12	1.4670422e-09	2.4190983e-07	2.0160806e-05	0.00084457355	0.017512001	0.17613130	0.89680332	2.7431700	6.1415656	11.412480	18.723156	27.888927	38.152396	48.023627	55.373634	57.904019	54.014383	43.873303	30.065758	16.713541	7.2348634	2.3770083	0.59850513	0.12363353	0.022990695	0.0041429768	0.00075365328	0.00014164421	2.7715038e-05	5.6593526e-06	1.2006095e-06	0.0000000	0.0000000	0.0000000	0.0000000	0.0000000	0.0000000	0.0000000	0.0000000	0.0000000
10.1150	0.0000000	0.0000000	0.0000000	0.0000000	0.0000000	0.0000000	0.0000000	0.0000000	0.0000000	0.0000000	0.0000000	0.0000000	0.0000000	0.0000000	0.0000000	0.0000000	0.0000000	0.0000000	0.0000000	0.0000000	0.0000000	0.0000000	0.0000000	0.0000000	0.0000000	0.0000000	0.0000000	0.0000000	0.0000000	0.0000000	0.0000000	0.0000000	0.0000000	0.0000000	0.0000000	0.0000000	0.0000000	0.0000000	0.0000000	0.0000000	1.3785692e-13	2.1011679e-10	3.8546104e-08	3.5279797e-06	0.00016112229	0.0036330178	0.039656867	0.21849486	0.71968551	1.7220484	3.3887308	5.8375148	9.0682297	12.874467	16.770041	19.981881	21.550820	20.673261	17.200107	12.014591	6.7716907	2.9595756	0.97667190	0.24703405	0.051329431	0.0095968549	0.0017340933	0.00031569259	5.9172770e-05	1.1499218e-05	2.3225999e-06	4.8563876e-07	0.0000000	0.0000000	0.0000000	0.0000000	0.0000000	0.0000000	0.0000000	0.0000000	0.0000000
