# DO NOT EDIT: written Thu Mar 14 18:48:37 2019 by wrt_emiss_fe17.pro
# faked emissivities [1e-23 ergs cm^3/s] for Fe17 lines from Del Zanna 2011, A&A 536, A59
# emissivities include ion balance, but not abundance, and are spline and ion balance jittered off of emiss_Fe17_00000.txt
# line 6 -- SEED, LOGT
# lines 7+ -- WVL, EMISSIVITY
      789279	4.00	4.05	4.10	4.15	4.20	4.25	4.30	4.35	4.40	4.45	4.50	4.55	4.60	4.65	4.70	4.75	4.80	4.85	4.90	4.95	5.00	5.05	5.10	5.15	5.20	5.25	5.30	5.35	5.40	5.45	5.50	5.55	5.60	5.65	5.70	5.75	5.80	5.85	5.90	5.95	6.00	6.05	6.10	6.15	6.20	6.25	6.30	6.35	6.40	6.45	6.50	6.55	6.60	6.65	6.70	6.75	6.80	6.85	6.90	6.95	7.00	7.05	7.10	7.15	7.20	7.25	7.30	7.35	7.40	7.45	7.50	7.55	7.60	7.65	7.70	7.75	7.80	7.85	7.90	7.95	8.00
15.0130	0.0000000	0.0000000	0.0000000	0.0000000	0.0000000	0.0000000	0.0000000	0.0000000	0.0000000	0.0000000	0.0000000	0.0000000	0.0000000	0.0000000	0.0000000	0.0000000	0.0000000	0.0000000	0.0000000	0.0000000	0.0000000	0.0000000	0.0000000	0.0000000	0.0000000	0.0000000	0.0000000	0.0000000	0.0000000	0.0000000	0.0000000	0.0000000	0.0000000	0.0000000	0.0000000	0.0000000	0.0000000	0.0000000	0.0000000	0.0000000	7.7620534e-08	1.2414891e-05	0.00095910079	0.039454276	0.88010939	10.729379	72.085229	277.39090	694.05183	1326.0672	2153.2602	3135.3245	4194.9442	5206.3886	5997.9832	6379.4793	6192.0655	5386.4964	4094.7583	2633.7644	1378.1422	563.77611	175.57772	42.213212	8.3812668	1.5023444	0.26091494	0.045765652	0.0082833020	0.0015565649	0.00030417514	5.9776254e-05	0.0000000	0.0000000	0.0000000	0.0000000	0.0000000	0.0000000	0.0000000	0.0000000	0.0000000
17.0510	0.0000000	0.0000000	0.0000000	0.0000000	0.0000000	0.0000000	0.0000000	0.0000000	0.0000000	0.0000000	0.0000000	0.0000000	0.0000000	0.0000000	0.0000000	0.0000000	0.0000000	0.0000000	0.0000000	0.0000000	0.0000000	0.0000000	0.0000000	0.0000000	0.0000000	0.0000000	0.0000000	0.0000000	0.0000000	0.0000000	0.0000000	0.0000000	0.0000000	0.0000000	0.0000000	0.0000000	0.0000000	0.0000000	0.0000000	0.0000000	1.7000237e-07	2.3902228e-05	0.0016469378	0.061119233	1.2402604	13.845796	85.647629	304.96243	709.41241	1265.9211	1927.8702	2641.9860	3336.5553	3918.0163	4278.8979	4321.5286	3989.2864	3304.8300	2394.7831	1469.2764	733.77654	286.66489	85.321510	19.629813	3.7361161	0.64328440	0.10754554	0.018198397	0.0031844004	0.00057973754	0.00010994308	2.0992389e-05	0.0000000	0.0000000	0.0000000	0.0000000	0.0000000	0.0000000	0.0000000	0.0000000	0.0000000
17.0960	0.0000000	0.0000000	0.0000000	0.0000000	0.0000000	0.0000000	0.0000000	0.0000000	0.0000000	0.0000000	0.0000000	0.0000000	0.0000000	0.0000000	0.0000000	0.0000000	0.0000000	0.0000000	0.0000000	0.0000000	0.0000000	0.0000000	0.0000000	0.0000000	0.0000000	0.0000000	0.0000000	0.0000000	0.0000000	0.0000000	0.0000000	0.0000000	0.0000000	0.0000000	0.0000000	0.0000000	0.0000000	0.0000000	0.0000000	0.0000000	1.8385351e-07	2.4992797e-05	0.0016642762	0.059875840	1.1831202	12.910941	78.277814	273.51946	624.51686	1093.2792	1632.0336	2190.8163	2708.3704	3111.2479	3322.3902	3279.5993	2957.5638	2392.3649	1691.5976	1011.7971	492.02232	186.88886	54.000504	12.044681	2.2199783	0.36985485	0.059807270	0.0097881266	0.0016566681	0.00029179047	5.3558986e-05	9.9047001e-06	0.0000000	0.0000000	0.0000000	0.0000000	0.0000000	0.0000000	0.0000000	0.0000000	0.0000000
16.7760	0.0000000	0.0000000	0.0000000	0.0000000	0.0000000	0.0000000	0.0000000	0.0000000	0.0000000	0.0000000	0.0000000	0.0000000	0.0000000	0.0000000	0.0000000	0.0000000	0.0000000	0.0000000	0.0000000	0.0000000	0.0000000	0.0000000	0.0000000	0.0000000	0.0000000	0.0000000	0.0000000	0.0000000	0.0000000	0.0000000	0.0000000	0.0000000	0.0000000	0.0000000	0.0000000	0.0000000	0.0000000	0.0000000	0.0000000	0.0000000	1.2990738e-07	1.8459474e-05	0.0012801081	0.047709291	0.97263522	10.922869	68.072545	244.54979	574.56924	1035.8642	1593.0765	2202.0661	2798.4596	3298.2794	3607.7279	3642.7709	3356.4610	2771.6948	1999.9127	1220.5419	605.64621	234.76384	69.211172	15.745188	2.9626420	0.50529056	0.084035748	0.014240341	0.0025159272	0.00046551722	9.0087059e-05	1.7581563e-05	0.0000000	0.0000000	0.0000000	0.0000000	0.0000000	0.0000000	0.0000000	0.0000000	0.0000000
15.2620	0.0000000	0.0000000	0.0000000	0.0000000	0.0000000	0.0000000	0.0000000	0.0000000	0.0000000	0.0000000	0.0000000	0.0000000	0.0000000	0.0000000	0.0000000	0.0000000	0.0000000	0.0000000	0.0000000	0.0000000	0.0000000	0.0000000	0.0000000	0.0000000	0.0000000	0.0000000	0.0000000	0.0000000	0.0000000	0.0000000	0.0000000	0.0000000	0.0000000	0.0000000	0.0000000	0.0000000	0.0000000	0.0000000	0.0000000	0.0000000	2.4292901e-08	3.8269695e-06	0.00029200148	0.011886855	0.26264061	3.1704071	21.063728	80.039602	197.49736	371.78276	594.54774	852.66260	1123.9213	1374.6077	1561.0385	1637.2516	1567.7218	1346.0425	1010.5143	642.27784	332.32807	134.53038	41.490770	9.8870753	1.9475840	0.34674661	0.059889024	0.010461914	0.0018887764	0.00035464901	6.9379542e-05	1.3676516e-05	0.0000000	0.0000000	0.0000000	0.0000000	0.0000000	0.0000000	0.0000000	0.0000000	0.0000000
12.1240	0.0000000	0.0000000	0.0000000	0.0000000	0.0000000	0.0000000	0.0000000	0.0000000	0.0000000	0.0000000	0.0000000	0.0000000	0.0000000	0.0000000	0.0000000	0.0000000	0.0000000	0.0000000	0.0000000	0.0000000	0.0000000	0.0000000	0.0000000	0.0000000	0.0000000	0.0000000	0.0000000	0.0000000	0.0000000	0.0000000	0.0000000	0.0000000	0.0000000	0.0000000	0.0000000	0.0000000	0.0000000	0.0000000	0.0000000	0.0000000	1.6089138e-09	2.7281844e-07	2.5285427e-05	0.0012607225	0.033327461	0.47181521	3.6154724	15.629850	43.379165	90.910221	168.85442	281.75342	422.03775	574.71047	714.10972	807.36488	822.71377	743.36512	581.52962	381.78253	202.43262	83.379091	26.001178	6.2326366	1.2297119	0.21847796	0.037537268	0.0065065593	0.0011635009	0.00021617299	4.1829101e-05	8.1579553e-06	0.0000000	0.0000000	0.0000000	0.0000000	0.0000000	0.0000000	0.0000000	0.0000000	0.0000000
12.2640	0.0000000	0.0000000	0.0000000	0.0000000	0.0000000	0.0000000	0.0000000	0.0000000	0.0000000	0.0000000	0.0000000	0.0000000	0.0000000	0.0000000	0.0000000	0.0000000	0.0000000	0.0000000	0.0000000	0.0000000	0.0000000	0.0000000	0.0000000	0.0000000	0.0000000	0.0000000	0.0000000	0.0000000	0.0000000	0.0000000	0.0000000	0.0000000	0.0000000	0.0000000	0.0000000	0.0000000	0.0000000	0.0000000	0.0000000	0.0000000	1.2547341e-09	2.5211553e-07	2.3886382e-05	0.0011793600	0.030965004	0.43639606	3.3334736	14.366480	39.719813	82.865500	145.40369	226.72644	322.30533	422.09690	509.97831	568.01559	597.57921	562.19391	455.59758	302.89743	156.06208	58.861815	18.646804	4.5546143	0.91797035	0.16688468	0.039730646	0.0070538011	0.0012909364	0.00024505374	4.8315786e-05	9.5660453e-06	0.0000000	0.0000000	0.0000000	0.0000000	0.0000000	0.0000000	0.0000000	0.0000000	0.0000000
13.8250	0.0000000	0.0000000	0.0000000	0.0000000	0.0000000	0.0000000	0.0000000	0.0000000	0.0000000	0.0000000	0.0000000	0.0000000	0.0000000	0.0000000	0.0000000	0.0000000	0.0000000	0.0000000	0.0000000	0.0000000	0.0000000	0.0000000	0.0000000	0.0000000	0.0000000	0.0000000	0.0000000	0.0000000	0.0000000	0.0000000	0.0000000	0.0000000	0.0000000	0.0000000	0.0000000	0.0000000	0.0000000	0.0000000	0.0000000	0.0000000	3.0641714e-09	5.1711274e-07	4.2153173e-05	0.0018331538	0.043337971	0.56091121	4.0002810	16.295884	42.917403	85.786179	144.99596	218.89350	302.82579	388.07443	461.33841	505.83865	505.35140	451.38289	351.19888	230.37604	122.56638	50.860758	16.042685	3.9043835	0.78502539	0.14265152	0.025149105	0.0044845793	0.00082638390	0.00015831763	3.1570001e-05	6.3335972e-06	0.0000000	0.0000000	0.0000000	0.0000000	0.0000000	0.0000000	0.0000000	0.0000000	0.0000000
15.4530	0.0000000	0.0000000	0.0000000	0.0000000	0.0000000	0.0000000	0.0000000	0.0000000	0.0000000	0.0000000	0.0000000	0.0000000	0.0000000	0.0000000	0.0000000	0.0000000	0.0000000	0.0000000	0.0000000	0.0000000	0.0000000	0.0000000	0.0000000	0.0000000	0.0000000	0.0000000	0.0000000	0.0000000	0.0000000	0.0000000	0.0000000	0.0000000	0.0000000	0.0000000	0.0000000	0.0000000	0.0000000	0.0000000	0.0000000	0.0000000	8.1351685e-09	1.2378165e-06	9.0837226e-05	0.0035395285	0.074535664	0.85456329	5.3780637	19.313859	44.937673	79.561621	119.31863	159.96627	196.48383	226.36910	244.68470	243.66418	221.01407	179.36361	127.00944	75.995755	36.958481	14.045210	4.0635418	0.90845576	0.16801961	0.028123579	0.0045741336	0.00075381014	0.00012862446	2.2865731e-05	4.2400215e-06	7.9262861e-07	0.0000000	0.0000000	0.0000000	0.0000000	0.0000000	0.0000000	0.0000000	0.0000000	0.0000000
11.2500	0.0000000	0.0000000	0.0000000	0.0000000	0.0000000	0.0000000	0.0000000	0.0000000	0.0000000	0.0000000	0.0000000	0.0000000	0.0000000	0.0000000	0.0000000	0.0000000	0.0000000	0.0000000	0.0000000	0.0000000	0.0000000	0.0000000	0.0000000	0.0000000	0.0000000	0.0000000	0.0000000	0.0000000	0.0000000	0.0000000	0.0000000	0.0000000	0.0000000	0.0000000	0.0000000	0.0000000	0.0000000	0.0000000	0.0000000	0.0000000	2.4803825e-10	6.6569911e-08	7.1105534e-06	0.00032575214	0.0089905840	0.13562000	1.0996108	4.9964850	14.489302	31.569284	57.622816	93.112455	136.65913	184.08500	227.95350	258.38059	265.26030	242.44478	192.50073	128.64703	69.616373	29.330200	9.3737371	2.3063915	0.46769044	0.085476693	0.015111157	0.0026939125	0.00049483789	9.4245534e-05	1.8638099e-05	3.7002610e-06	0.0000000	0.0000000	0.0000000	0.0000000	0.0000000	0.0000000	0.0000000	0.0000000	0.0000000
11.1290	0.0000000	0.0000000	0.0000000	0.0000000	0.0000000	0.0000000	0.0000000	0.0000000	0.0000000	0.0000000	0.0000000	0.0000000	0.0000000	0.0000000	0.0000000	0.0000000	0.0000000	0.0000000	0.0000000	0.0000000	0.0000000	0.0000000	0.0000000	0.0000000	0.0000000	0.0000000	0.0000000	0.0000000	0.0000000	0.0000000	0.0000000	0.0000000	0.0000000	0.0000000	0.0000000	0.0000000	0.0000000	0.0000000	0.0000000	0.0000000	1.7691218e-10	4.0117627e-08	4.2243460e-06	0.00022865010	0.0065018562	0.098193905	0.79653641	3.6184240	10.481992	22.798740	41.523463	67.110327	98.694618	133.16467	165.12512	187.37273	192.52460	176.07017	139.84779	93.469725	50.577590	21.305805	6.8080135	1.6765017	0.34273626	0.063261920	0.011315326	0.0020446903	0.00038141942	7.3916352e-05	1.4903496e-05	3.0228356e-06	0.0000000	0.0000000	0.0000000	0.0000000	0.0000000	0.0000000	0.0000000	0.0000000	0.0000000
16.3360	0.0000000	0.0000000	0.0000000	0.0000000	0.0000000	0.0000000	0.0000000	0.0000000	0.0000000	0.0000000	0.0000000	0.0000000	0.0000000	0.0000000	0.0000000	0.0000000	0.0000000	0.0000000	0.0000000	0.0000000	0.0000000	0.0000000	0.0000000	0.0000000	0.0000000	0.0000000	0.0000000	0.0000000	0.0000000	0.0000000	0.0000000	0.0000000	0.0000000	0.0000000	0.0000000	0.0000000	0.0000000	0.0000000	0.0000000	0.0000000	3.6590673e-09	5.2274344e-07	3.6388140e-05	0.0013589103	0.027725512	0.31122352	1.9348578	6.9162161	16.122065	28.749869	43.636912	59.472282	74.567213	86.831816	93.978217	94.027632	85.972002	70.541056	50.625919	30.767185	15.226357	5.8976030	1.7412833	0.39768205	0.075194799	0.012872964	0.0021419246	0.00036112961	6.3029746e-05	1.1456122e-05	2.1705044e-06	4.1421275e-07	0.0000000	0.0000000	0.0000000	0.0000000	0.0000000	0.0000000	0.0000000	0.0000000	0.0000000
13.8900	0.0000000	0.0000000	0.0000000	0.0000000	0.0000000	0.0000000	0.0000000	0.0000000	0.0000000	0.0000000	0.0000000	0.0000000	0.0000000	0.0000000	0.0000000	0.0000000	0.0000000	0.0000000	0.0000000	0.0000000	0.0000000	0.0000000	0.0000000	0.0000000	0.0000000	0.0000000	0.0000000	0.0000000	0.0000000	0.0000000	0.0000000	0.0000000	0.0000000	0.0000000	0.0000000	0.0000000	0.0000000	0.0000000	0.0000000	0.0000000	1.0824598e-09	1.7776445e-07	1.4080890e-05	0.00059441083	0.013634219	0.17118360	1.1838720	4.6706682	11.878257	22.844819	37.024486	53.442780	70.547999	86.189518	97.708899	102.24213	97.580846	83.372665	62.126520	39.068856	19.944662	7.9489290	2.4105120	0.56465711	0.10940441	0.019181197	0.0032669871	0.00056364057	0.00010064575	1.8714801e-05	3.6282127e-06	7.0883364e-07	0.0000000	0.0000000	0.0000000	0.0000000	0.0000000	0.0000000	0.0000000	0.0000000	0.0000000
16.0040	0.0000000	0.0000000	0.0000000	0.0000000	0.0000000	0.0000000	0.0000000	0.0000000	0.0000000	0.0000000	0.0000000	0.0000000	0.0000000	0.0000000	0.0000000	0.0000000	0.0000000	0.0000000	0.0000000	0.0000000	0.0000000	0.0000000	0.0000000	0.0000000	0.0000000	0.0000000	0.0000000	0.0000000	0.0000000	0.0000000	0.0000000	0.0000000	0.0000000	0.0000000	0.0000000	0.0000000	0.0000000	0.0000000	0.0000000	0.0000000	2.4679471e-09	3.6622622e-07	2.6335897e-05	0.0010124438	0.021163840	0.24226206	1.5307465	5.5499227	13.110981	23.692745	36.433895	50.287473	63.818090	75.168624	82.251847	83.187792	76.882095	63.757596	46.240824	28.389576	14.183218	5.5404856	1.6481945	0.37896785	0.072096835	0.012412195	0.0020760719	0.00035177645	6.1695194e-05	1.1266615e-05	2.1443062e-06	4.1096259e-07	0.0000000	0.0000000	0.0000000	0.0000000	0.0000000	0.0000000	0.0000000	0.0000000	0.0000000
10.7700	0.0000000	0.0000000	0.0000000	0.0000000	0.0000000	0.0000000	0.0000000	0.0000000	0.0000000	0.0000000	0.0000000	0.0000000	0.0000000	0.0000000	0.0000000	0.0000000	0.0000000	0.0000000	0.0000000	0.0000000	0.0000000	0.0000000	0.0000000	0.0000000	0.0000000	0.0000000	0.0000000	0.0000000	0.0000000	0.0000000	0.0000000	0.0000000	0.0000000	0.0000000	0.0000000	0.0000000	0.0000000	0.0000000	0.0000000	0.0000000	1.1283208e-10	2.6343424e-08	2.8487720e-06	0.00015813843	0.0046093965	0.071351979	0.59323737	2.7607024	8.1773363	18.133898	33.584706	54.933964	81.485864	110.86356	138.67173	158.78826	164.65422	151.93333	121.69792	81.964204	44.654247	18.922667	6.0772867	1.5013593	0.30544009	0.055980292	0.0099213469	0.0017727601	0.00032634927	6.2294974e-05	1.2349583e-05	2.4586642e-06	0.0000000	0.0000000	0.0000000	0.0000000	0.0000000	0.0000000	0.0000000	0.0000000	0.0000000
10.6570	0.0000000	0.0000000	0.0000000	0.0000000	0.0000000	0.0000000	0.0000000	0.0000000	0.0000000	0.0000000	0.0000000	0.0000000	0.0000000	0.0000000	0.0000000	0.0000000	0.0000000	0.0000000	0.0000000	0.0000000	0.0000000	0.0000000	0.0000000	0.0000000	0.0000000	0.0000000	0.0000000	0.0000000	0.0000000	0.0000000	0.0000000	0.0000000	0.0000000	0.0000000	0.0000000	0.0000000	0.0000000	0.0000000	0.0000000	0.0000000	5.4320474e-11	1.3294144e-08	1.5005508e-06	8.6513207e-05	0.0026045370	0.041379119	0.35055759	1.6493675	4.9014455	10.821352	19.810102	31.875484	46.408576	61.998251	76.393428	86.732797	90.044139	84.121072	68.802180	47.569372	26.663928	11.618488	3.8252979	0.96401393	0.19907244	0.036875948	0.0065828320	0.0011814881	0.00021797091	4.1598645e-05	8.2348077e-06	1.6334926e-06	0.0000000	0.0000000	0.0000000	0.0000000	0.0000000	0.0000000	0.0000000	0.0000000	0.0000000
12.6800	0.0000000	0.0000000	0.0000000	0.0000000	0.0000000	0.0000000	0.0000000	0.0000000	0.0000000	0.0000000	0.0000000	0.0000000	0.0000000	0.0000000	0.0000000	0.0000000	0.0000000	0.0000000	0.0000000	0.0000000	0.0000000	0.0000000	0.0000000	0.0000000	0.0000000	0.0000000	0.0000000	0.0000000	0.0000000	0.0000000	0.0000000	0.0000000	0.0000000	0.0000000	0.0000000	0.0000000	0.0000000	0.0000000	0.0000000	0.0000000	3.1841106e-10	5.6701195e-08	4.8250698e-06	0.00021724096	0.0052941990	0.070573055	0.51848881	2.1717342	5.8467835	11.820995	19.911586	29.555355	39.852498	49.536039	56.889684	60.071818	57.647838	49.347942	36.730334	23.042765	11.730885	4.6633802	1.4117229	0.33058659	0.064123998	0.011263695	0.0019224285	0.00033224246	5.9385850e-05	1.1042417e-05	2.1380889e-06	4.1664835e-07	0.0000000	0.0000000	0.0000000	0.0000000	0.0000000	0.0000000	0.0000000	0.0000000	0.0000000
11.0230	0.0000000	0.0000000	0.0000000	0.0000000	0.0000000	0.0000000	0.0000000	0.0000000	0.0000000	0.0000000	0.0000000	0.0000000	0.0000000	0.0000000	0.0000000	0.0000000	0.0000000	0.0000000	0.0000000	0.0000000	0.0000000	0.0000000	0.0000000	0.0000000	0.0000000	0.0000000	0.0000000	0.0000000	0.0000000	0.0000000	0.0000000	0.0000000	0.0000000	0.0000000	0.0000000	0.0000000	0.0000000	0.0000000	0.0000000	0.0000000	4.1645115e-11	9.6785758e-09	1.0502310e-06	5.8758087e-05	0.0017253397	0.026777104	0.22211367	1.0274009	3.0207535	6.6586799	12.300641	20.142248	29.992464	41.026193	51.608774	59.398951	61.892052	57.406862	46.264239	31.397401	17.268487	7.3984527	2.4040867	0.60096287	0.12365719	0.022904261	0.0040994496	0.00073933098	0.00013743870	2.6530728e-05	5.3294995e-06	1.0775131e-06	0.0000000	0.0000000	0.0000000	0.0000000	0.0000000	0.0000000	0.0000000	0.0000000	0.0000000
10.1150	0.0000000	0.0000000	0.0000000	0.0000000	0.0000000	0.0000000	0.0000000	0.0000000	0.0000000	0.0000000	0.0000000	0.0000000	0.0000000	0.0000000	0.0000000	0.0000000	0.0000000	0.0000000	0.0000000	0.0000000	0.0000000	0.0000000	0.0000000	0.0000000	0.0000000	0.0000000	0.0000000	0.0000000	0.0000000	0.0000000	0.0000000	0.0000000	0.0000000	0.0000000	0.0000000	0.0000000	0.0000000	0.0000000	0.0000000	0.0000000	5.1931477e-12	1.3603400e-09	1.6354947e-07	1.0010485e-05	0.00031929080	0.0053701386	0.048183168	0.24038116	0.75858000	1.7808179	3.4693311	5.9352268	9.1614639	12.912607	16.667523	19.628709	20.866269	19.684390	16.082168	11.027653	6.1101214	2.6346236	0.86277057	0.21807785	0.045588172	0.0086179609	0.0015795442	0.00029221991	5.5687869e-05	1.0988421e-05	2.2461329e-06	4.5942947e-07	0.0000000	0.0000000	0.0000000	0.0000000	0.0000000	0.0000000	0.0000000	0.0000000	0.0000000
