# DO NOT EDIT: written Thu Mar 14 18:48:37 2019 by wrt_emiss_fe17.pro
# faked emissivities [1e-23 ergs cm^3/s] for Fe17 lines from Del Zanna 2011, A&A 536, A59
# emissivities include ion balance, but not abundance, and are spline and ion balance jittered off of emiss_Fe17_00000.txt
# line 6 -- SEED, LOGT
# lines 7+ -- WVL, EMISSIVITY
      880343	4.00	4.05	4.10	4.15	4.20	4.25	4.30	4.35	4.40	4.45	4.50	4.55	4.60	4.65	4.70	4.75	4.80	4.85	4.90	4.95	5.00	5.05	5.10	5.15	5.20	5.25	5.30	5.35	5.40	5.45	5.50	5.55	5.60	5.65	5.70	5.75	5.80	5.85	5.90	5.95	6.00	6.05	6.10	6.15	6.20	6.25	6.30	6.35	6.40	6.45	6.50	6.55	6.60	6.65	6.70	6.75	6.80	6.85	6.90	6.95	7.00	7.05	7.10	7.15	7.20	7.25	7.30	7.35	7.40	7.45	7.50	7.55	7.60	7.65	7.70	7.75	7.80	7.85	7.90	7.95	8.00
15.0130	0.0000000	0.0000000	0.0000000	0.0000000	0.0000000	0.0000000	0.0000000	0.0000000	0.0000000	0.0000000	0.0000000	0.0000000	0.0000000	0.0000000	0.0000000	0.0000000	0.0000000	0.0000000	0.0000000	0.0000000	0.0000000	0.0000000	0.0000000	0.0000000	0.0000000	0.0000000	0.0000000	0.0000000	0.0000000	0.0000000	0.0000000	0.0000000	0.0000000	0.0000000	0.0000000	0.0000000	0.0000000	0.0000000	0.0000000	0.0000000	9.9956420e-08	1.4839567e-05	0.0011543879	0.047076462	1.0204104	11.903949	76.585624	286.75343	707.22680	1338.3388	2153.5086	3104.0027	4104.8998	5027.8744	5708.5899	5976.9058	5705.5753	4878.5925	3645.0907	2305.7036	1188.3377	480.10674	148.18728	35.439574	7.0217206	1.2592574	0.21925354	0.038621489	0.0070298313	0.0013301166	0.00026197973	5.1258461e-05	0.0000000	0.0000000	0.0000000	0.0000000	0.0000000	0.0000000	0.0000000	0.0000000	0.0000000
17.0510	0.0000000	0.0000000	0.0000000	0.0000000	0.0000000	0.0000000	0.0000000	0.0000000	0.0000000	0.0000000	0.0000000	0.0000000	0.0000000	0.0000000	0.0000000	0.0000000	0.0000000	0.0000000	0.0000000	0.0000000	0.0000000	0.0000000	0.0000000	0.0000000	0.0000000	0.0000000	0.0000000	0.0000000	0.0000000	0.0000000	0.0000000	0.0000000	0.0000000	0.0000000	0.0000000	0.0000000	0.0000000	0.0000000	0.0000000	0.0000000	1.9542289e-07	2.7455321e-05	0.0019174091	0.071020830	1.4121635	15.194878	90.429793	314.08490	720.71862	1272.8884	1917.2765	2593.6139	3226.3017	3724.5286	3992.9492	3954.8920	3579.0267	2907.5889	2068.6749	1248.8329	615.31673	237.91131	70.341352	16.137324	3.0728537	0.53073874	0.089194159	0.015198058	0.0026815948	0.00049282981	9.4428979e-05	1.7990622e-05	0.0000000	0.0000000	0.0000000	0.0000000	0.0000000	0.0000000	0.0000000	0.0000000	0.0000000
17.0960	0.0000000	0.0000000	0.0000000	0.0000000	0.0000000	0.0000000	0.0000000	0.0000000	0.0000000	0.0000000	0.0000000	0.0000000	0.0000000	0.0000000	0.0000000	0.0000000	0.0000000	0.0000000	0.0000000	0.0000000	0.0000000	0.0000000	0.0000000	0.0000000	0.0000000	0.0000000	0.0000000	0.0000000	0.0000000	0.0000000	0.0000000	0.0000000	0.0000000	0.0000000	0.0000000	0.0000000	0.0000000	0.0000000	0.0000000	0.0000000	2.2559285e-07	3.0603785e-05	0.0020572460	0.073581880	1.4215323	14.967324	87.707389	301.01408	683.61455	1195.4005	1782.2026	2385.0208	2932.4745	3342.1909	3532.4468	3443.2749	3059.6103	2433.7553	1689.4342	990.85526	472.26061	175.91059	49.923221	10.961039	1.9931226	0.32829497	0.052595840	0.0085477749	0.0014402504	0.00025324470	4.6541925e-05	8.5317616e-06	0.0000000	0.0000000	0.0000000	0.0000000	0.0000000	0.0000000	0.0000000	0.0000000	0.0000000
16.7760	0.0000000	0.0000000	0.0000000	0.0000000	0.0000000	0.0000000	0.0000000	0.0000000	0.0000000	0.0000000	0.0000000	0.0000000	0.0000000	0.0000000	0.0000000	0.0000000	0.0000000	0.0000000	0.0000000	0.0000000	0.0000000	0.0000000	0.0000000	0.0000000	0.0000000	0.0000000	0.0000000	0.0000000	0.0000000	0.0000000	0.0000000	0.0000000	0.0000000	0.0000000	0.0000000	0.0000000	0.0000000	0.0000000	0.0000000	0.0000000	1.6326245e-07	2.1726527e-05	0.0014306999	0.050101209	0.94859273	9.8158744	56.787410	193.81914	447.56881	799.92653	1224.3391	1687.5520	2140.9364	2520.9629	2756.5752	2783.7669	2566.4011	2121.3163	1532.9441	937.75592	467.09750	182.16449	54.529010	12.895274	2.5356018	0.45296335	0.078765230	0.013874055	0.0025253273	0.00047728897	9.3674144e-05	1.8193856e-05	0.0000000	0.0000000	0.0000000	0.0000000	0.0000000	0.0000000	0.0000000	0.0000000	0.0000000
15.2620	0.0000000	0.0000000	0.0000000	0.0000000	0.0000000	0.0000000	0.0000000	0.0000000	0.0000000	0.0000000	0.0000000	0.0000000	0.0000000	0.0000000	0.0000000	0.0000000	0.0000000	0.0000000	0.0000000	0.0000000	0.0000000	0.0000000	0.0000000	0.0000000	0.0000000	0.0000000	0.0000000	0.0000000	0.0000000	0.0000000	0.0000000	0.0000000	0.0000000	0.0000000	0.0000000	0.0000000	0.0000000	0.0000000	0.0000000	0.0000000	3.1510710e-08	4.7267758e-06	0.00034771156	0.013483624	0.28013996	3.1511138	19.633035	71.461648	171.95519	318.62425	503.90489	716.72399	939.01022	1146.3925	1308.4827	1379.1884	1326.7068	1143.7220	861.56932	549.18320	285.22324	117.41303	37.011653	9.0639182	1.8443973	0.34079747	0.061342728	0.011193804	0.0020897206	0.00039905395	7.8329425e-05	1.5130038e-05	0.0000000	0.0000000	0.0000000	0.0000000	0.0000000	0.0000000	0.0000000	0.0000000	0.0000000
12.1240	0.0000000	0.0000000	0.0000000	0.0000000	0.0000000	0.0000000	0.0000000	0.0000000	0.0000000	0.0000000	0.0000000	0.0000000	0.0000000	0.0000000	0.0000000	0.0000000	0.0000000	0.0000000	0.0000000	0.0000000	0.0000000	0.0000000	0.0000000	0.0000000	0.0000000	0.0000000	0.0000000	0.0000000	0.0000000	0.0000000	0.0000000	0.0000000	0.0000000	0.0000000	0.0000000	0.0000000	0.0000000	0.0000000	0.0000000	0.0000000	2.3037178e-09	4.5457463e-07	4.2683070e-05	0.0020569009	0.051871277	0.69393475	5.0535634	21.185710	57.973168	120.73380	212.21167	331.81216	472.84488	620.00163	748.96762	829.65512	833.59858	746.53697	581.38937	381.43362	202.84799	84.109404	26.506569	6.4440731	1.2929828	0.23398411	0.040969748	0.0072342386	0.0013159622	0.00024816140	4.8588353e-05	9.4266638e-06	0.0000000	0.0000000	0.0000000	0.0000000	0.0000000	0.0000000	0.0000000	0.0000000	0.0000000
12.2640	0.0000000	0.0000000	0.0000000	0.0000000	0.0000000	0.0000000	0.0000000	0.0000000	0.0000000	0.0000000	0.0000000	0.0000000	0.0000000	0.0000000	0.0000000	0.0000000	0.0000000	0.0000000	0.0000000	0.0000000	0.0000000	0.0000000	0.0000000	0.0000000	0.0000000	0.0000000	0.0000000	0.0000000	0.0000000	0.0000000	0.0000000	0.0000000	0.0000000	0.0000000	0.0000000	0.0000000	0.0000000	0.0000000	0.0000000	0.0000000	2.0140050e-09	3.9678884e-07	3.7377116e-05	0.0018147662	0.046277475	0.62777261	4.6434973	19.777585	54.554352	113.01018	197.54387	307.24691	435.84015	569.55170	686.45780	759.26760	762.07629	681.87962	530.54347	347.80178	184.90046	76.696169	24.201422	5.8975056	1.1873648	0.21580351	0.037980734	0.0067458368	0.0012351703	0.00023458834	4.6274371e-05	9.0460777e-06	0.0000000	0.0000000	0.0000000	0.0000000	0.0000000	0.0000000	0.0000000	0.0000000	0.0000000
13.8250	0.0000000	0.0000000	0.0000000	0.0000000	0.0000000	0.0000000	0.0000000	0.0000000	0.0000000	0.0000000	0.0000000	0.0000000	0.0000000	0.0000000	0.0000000	0.0000000	0.0000000	0.0000000	0.0000000	0.0000000	0.0000000	0.0000000	0.0000000	0.0000000	0.0000000	0.0000000	0.0000000	0.0000000	0.0000000	0.0000000	0.0000000	0.0000000	0.0000000	0.0000000	0.0000000	0.0000000	0.0000000	0.0000000	0.0000000	0.0000000	4.0416776e-09	6.6559066e-07	5.3534384e-05	0.0022666294	0.051428246	0.63214878	4.3024254	17.056785	44.428795	88.505226	149.53321	225.92450	312.96390	401.69811	478.38188	525.53706	526.10727	470.87969	367.05793	241.19176	128.55469	53.474838	16.927310	4.1395141	0.83695232	0.15295131	0.027105252	0.0048542928	0.00089727080	0.00017217120	3.4326063e-05	6.7816968e-06	0.0000000	0.0000000	0.0000000	0.0000000	0.0000000	0.0000000	0.0000000	0.0000000	0.0000000
15.4530	0.0000000	0.0000000	0.0000000	0.0000000	0.0000000	0.0000000	0.0000000	0.0000000	0.0000000	0.0000000	0.0000000	0.0000000	0.0000000	0.0000000	0.0000000	0.0000000	0.0000000	0.0000000	0.0000000	0.0000000	0.0000000	0.0000000	0.0000000	0.0000000	0.0000000	0.0000000	0.0000000	0.0000000	0.0000000	0.0000000	0.0000000	0.0000000	0.0000000	0.0000000	0.0000000	0.0000000	0.0000000	0.0000000	0.0000000	0.0000000	1.1409341e-08	1.6889867e-06	0.00012254741	0.0046821272	0.095718172	1.0578786	6.4650509	23.028287	54.056904	97.333840	148.87947	203.67587	255.08883	294.96422	314.88504	308.50516	274.08763	216.88320	149.16653	86.433508	40.637013	14.927276	4.1809589	0.90756736	0.16362034	0.026880275	0.0043726688	0.00072089928	0.00012306812	2.1889214e-05	4.0825042e-06	7.7802663e-07	0.0000000	0.0000000	0.0000000	0.0000000	0.0000000	0.0000000	0.0000000	0.0000000	0.0000000
11.2500	0.0000000	0.0000000	0.0000000	0.0000000	0.0000000	0.0000000	0.0000000	0.0000000	0.0000000	0.0000000	0.0000000	0.0000000	0.0000000	0.0000000	0.0000000	0.0000000	0.0000000	0.0000000	0.0000000	0.0000000	0.0000000	0.0000000	0.0000000	0.0000000	0.0000000	0.0000000	0.0000000	0.0000000	0.0000000	0.0000000	0.0000000	0.0000000	0.0000000	0.0000000	0.0000000	0.0000000	0.0000000	0.0000000	0.0000000	0.0000000	4.0904205e-10	8.9360842e-08	9.1950437e-06	0.00048114726	0.013066161	0.18680167	1.4434248	6.3767257	18.274430	39.645389	72.245888	116.62024	170.93225	229.78968	283.73487	320.36254	327.25216	297.26219	234.31356	155.31598	83.331670	34.820541	11.049133	2.7031074	0.54565290	0.099346784	0.017503751	0.0031106724	0.00056968455	0.00010819195	2.1337824e-05	4.1701741e-06	0.0000000	0.0000000	0.0000000	0.0000000	0.0000000	0.0000000	0.0000000	0.0000000	0.0000000
11.1290	0.0000000	0.0000000	0.0000000	0.0000000	0.0000000	0.0000000	0.0000000	0.0000000	0.0000000	0.0000000	0.0000000	0.0000000	0.0000000	0.0000000	0.0000000	0.0000000	0.0000000	0.0000000	0.0000000	0.0000000	0.0000000	0.0000000	0.0000000	0.0000000	0.0000000	0.0000000	0.0000000	0.0000000	0.0000000	0.0000000	0.0000000	0.0000000	0.0000000	0.0000000	0.0000000	0.0000000	0.0000000	0.0000000	0.0000000	0.0000000	2.5686336e-10	5.6858720e-08	5.9176342e-06	0.00031273000	0.0085663151	0.12340033	0.95983897	4.2644103	12.278371	26.740956	48.893160	79.165548	116.38036	156.92554	194.36442	220.14354	225.58711	205.55811	162.53092	108.06146	58.152592	24.372838	7.7576773	1.9038481	0.38555777	0.070431360	0.012450383	0.0022197825	0.00040778384	7.7667292e-05	1.5357654e-05	3.0083077e-06	0.0000000	0.0000000	0.0000000	0.0000000	0.0000000	0.0000000	0.0000000	0.0000000	0.0000000
16.3360	0.0000000	0.0000000	0.0000000	0.0000000	0.0000000	0.0000000	0.0000000	0.0000000	0.0000000	0.0000000	0.0000000	0.0000000	0.0000000	0.0000000	0.0000000	0.0000000	0.0000000	0.0000000	0.0000000	0.0000000	0.0000000	0.0000000	0.0000000	0.0000000	0.0000000	0.0000000	0.0000000	0.0000000	0.0000000	0.0000000	0.0000000	0.0000000	0.0000000	0.0000000	0.0000000	0.0000000	0.0000000	0.0000000	0.0000000	0.0000000	4.4218613e-09	6.0614880e-07	4.1088399e-05	0.0014794321	0.028774138	0.30548378	1.8089961	6.2928760	14.530472	25.894451	39.430011	54.006447	68.101102	79.767276	86.817798	87.300434	80.151036	65.961684	47.425361	28.845283	14.278845	5.5326582	1.6355211	0.37440985	0.071022301	0.012202286	0.0020376144	0.00034470371	6.0344103e-05	1.0996391e-05	2.0877468e-06	3.9382827e-07	0.0000000	0.0000000	0.0000000	0.0000000	0.0000000	0.0000000	0.0000000	0.0000000	0.0000000
13.8900	0.0000000	0.0000000	0.0000000	0.0000000	0.0000000	0.0000000	0.0000000	0.0000000	0.0000000	0.0000000	0.0000000	0.0000000	0.0000000	0.0000000	0.0000000	0.0000000	0.0000000	0.0000000	0.0000000	0.0000000	0.0000000	0.0000000	0.0000000	0.0000000	0.0000000	0.0000000	0.0000000	0.0000000	0.0000000	0.0000000	0.0000000	0.0000000	0.0000000	0.0000000	0.0000000	0.0000000	0.0000000	0.0000000	0.0000000	0.0000000	1.4635401e-09	2.3411458e-07	1.8326801e-05	0.00075692882	0.016799566	0.20261278	1.3566885	5.2939586	13.531579	26.308144	42.887136	61.874001	81.697436	99.860438	111.00817	112.17980	101.53120	80.489890	54.904443	33.295799	16.955340	6.7437507	2.0431461	0.54260040	0.12518512	0.022079350	0.0037679528	0.00065119486	0.00011642984	2.1665758e-05	4.2004951e-06	8.0933049e-07	0.0000000	0.0000000	0.0000000	0.0000000	0.0000000	0.0000000	0.0000000	0.0000000	0.0000000
16.0040	0.0000000	0.0000000	0.0000000	0.0000000	0.0000000	0.0000000	0.0000000	0.0000000	0.0000000	0.0000000	0.0000000	0.0000000	0.0000000	0.0000000	0.0000000	0.0000000	0.0000000	0.0000000	0.0000000	0.0000000	0.0000000	0.0000000	0.0000000	0.0000000	0.0000000	0.0000000	0.0000000	0.0000000	0.0000000	0.0000000	0.0000000	0.0000000	0.0000000	0.0000000	0.0000000	0.0000000	0.0000000	0.0000000	0.0000000	0.0000000	2.8225911e-09	4.0608839e-07	2.8818825e-05	0.0010818613	0.021819191	0.23889388	1.4527697	5.1743191	12.209589	22.208229	34.465489	48.027247	61.492062	72.985046	80.355165	81.627303	75.622635	62.730740	45.409987	27.768771	13.794318	5.3520314	1.5810064	0.36110923	0.068267076	0.011680326	0.0019416370	0.00032700053	5.7013658e-05	1.0355187e-05	1.9614390e-06	3.6958778e-07	0.0000000	0.0000000	0.0000000	0.0000000	0.0000000	0.0000000	0.0000000	0.0000000	0.0000000
10.7700	0.0000000	0.0000000	0.0000000	0.0000000	0.0000000	0.0000000	0.0000000	0.0000000	0.0000000	0.0000000	0.0000000	0.0000000	0.0000000	0.0000000	0.0000000	0.0000000	0.0000000	0.0000000	0.0000000	0.0000000	0.0000000	0.0000000	0.0000000	0.0000000	0.0000000	0.0000000	0.0000000	0.0000000	0.0000000	0.0000000	0.0000000	0.0000000	0.0000000	0.0000000	0.0000000	0.0000000	0.0000000	0.0000000	0.0000000	0.0000000	1.3762373e-10	3.1344845e-08	3.3486903e-06	0.00018138964	0.0050878762	0.074987685	0.59604840	2.7005665	7.9025015	17.418873	32.117666	52.295476	77.164995	104.34474	129.61714	147.28967	151.47892	138.57643	110.04095	73.504628	39.764108	16.768488	5.3765215	1.3311242	0.27240267	0.050360631	0.0090201325	0.0016306844	0.00030386268	5.8705427e-05	1.1771178e-05	2.3366853e-06	0.0000000	0.0000000	0.0000000	0.0000000	0.0000000	0.0000000	0.0000000	0.0000000	0.0000000
10.6570	0.0000000	0.0000000	0.0000000	0.0000000	0.0000000	0.0000000	0.0000000	0.0000000	0.0000000	0.0000000	0.0000000	0.0000000	0.0000000	0.0000000	0.0000000	0.0000000	0.0000000	0.0000000	0.0000000	0.0000000	0.0000000	0.0000000	0.0000000	0.0000000	0.0000000	0.0000000	0.0000000	0.0000000	0.0000000	0.0000000	0.0000000	0.0000000	0.0000000	0.0000000	0.0000000	0.0000000	0.0000000	0.0000000	0.0000000	0.0000000	6.2396825e-11	1.4524524e-08	1.5818747e-06	8.7143217e-05	0.0024806642	0.037031996	0.29759045	1.3612443	4.0193014	8.9401391	16.637286	27.346156	40.732587	55.579782	69.610375	79.669779	82.414186	75.718611	60.287784	40.484299	22.363291	9.5872655	3.1099641	0.77489938	0.15870586	0.029218448	0.0051933497	0.00092973509	0.00017140383	3.2765481e-05	6.5070244e-06	1.2816341e-06	0.0000000	0.0000000	0.0000000	0.0000000	0.0000000	0.0000000	0.0000000	0.0000000	0.0000000
12.6800	0.0000000	0.0000000	0.0000000	0.0000000	0.0000000	0.0000000	0.0000000	0.0000000	0.0000000	0.0000000	0.0000000	0.0000000	0.0000000	0.0000000	0.0000000	0.0000000	0.0000000	0.0000000	0.0000000	0.0000000	0.0000000	0.0000000	0.0000000	0.0000000	0.0000000	0.0000000	0.0000000	0.0000000	0.0000000	0.0000000	0.0000000	0.0000000	0.0000000	0.0000000	0.0000000	0.0000000	0.0000000	0.0000000	0.0000000	0.0000000	5.0957657e-10	8.7657341e-08	7.3027668e-06	0.00031822275	0.0073910772	0.092431612	0.63420173	2.4996337	6.3901986	12.365644	20.125145	29.122071	38.548536	47.298537	53.862643	56.599611	54.204154	46.402743	34.594738	21.764174	11.122943	4.4438267	1.3536206	0.31921508	0.062359088	0.011028517	0.0018943513	0.00032936100	5.9207784e-05	1.1071244e-05	2.1558529e-06	4.1690715e-07	0.0000000	0.0000000	0.0000000	0.0000000	0.0000000	0.0000000	0.0000000	0.0000000	0.0000000
11.0230	0.0000000	0.0000000	0.0000000	0.0000000	0.0000000	0.0000000	0.0000000	0.0000000	0.0000000	0.0000000	0.0000000	0.0000000	0.0000000	0.0000000	0.0000000	0.0000000	0.0000000	0.0000000	0.0000000	0.0000000	0.0000000	0.0000000	0.0000000	0.0000000	0.0000000	0.0000000	0.0000000	0.0000000	0.0000000	0.0000000	0.0000000	0.0000000	0.0000000	0.0000000	0.0000000	0.0000000	0.0000000	0.0000000	0.0000000	0.0000000	5.5585571e-11	1.2519997e-08	1.3327122e-06	7.2187512e-05	0.0020216163	0.029565879	0.23168861	1.0305320	2.9589352	6.4216193	11.736689	19.103357	28.436652	39.166067	50.040478	58.971728	63.215690	60.408468	50.084578	34.835755	19.546810	8.5133494	2.7913304	0.69750689	0.14359184	0.026618747	0.0047680522	0.00086036830	0.00015995372	3.0863987e-05	6.1935838e-06	1.2337855e-06	0.0000000	0.0000000	0.0000000	0.0000000	0.0000000	0.0000000	0.0000000	0.0000000	0.0000000
10.1150	0.0000000	0.0000000	0.0000000	0.0000000	0.0000000	0.0000000	0.0000000	0.0000000	0.0000000	0.0000000	0.0000000	0.0000000	0.0000000	0.0000000	0.0000000	0.0000000	0.0000000	0.0000000	0.0000000	0.0000000	0.0000000	0.0000000	0.0000000	0.0000000	0.0000000	0.0000000	0.0000000	0.0000000	0.0000000	0.0000000	0.0000000	0.0000000	0.0000000	0.0000000	0.0000000	0.0000000	0.0000000	0.0000000	0.0000000	0.0000000	6.0785659e-12	1.5321729e-09	1.8002146e-07	1.0672621e-05	0.00032648194	0.0052349811	0.045201988	0.22231239	0.70605974	1.6887243	3.3721326	5.8439861	8.9640169	12.390249	15.574537	17.851849	18.580142	17.301239	14.049211	9.6281980	5.3547950	2.3251587	0.76847099	0.19618493	0.041380125	0.0078784531	0.0014511838	0.00026917685	5.1316401e-05	1.0116511e-05	2.0653619e-06	4.1672065e-07	0.0000000	0.0000000	0.0000000	0.0000000	0.0000000	0.0000000	0.0000000	0.0000000	0.0000000
