# DO NOT EDIT: written Thu Mar 14 18:48:37 2019 by wrt_emiss_fe17.pro
# faked emissivities [1e-23 ergs cm^3/s] for Fe17 lines from Del Zanna 2011, A&A 536, A59
# emissivities include ion balance, but not abundance, and are spline and ion balance jittered off of emiss_Fe17_00000.txt
# line 6 -- SEED, LOGT
# lines 7+ -- WVL, EMISSIVITY
       98346	4.00	4.05	4.10	4.15	4.20	4.25	4.30	4.35	4.40	4.45	4.50	4.55	4.60	4.65	4.70	4.75	4.80	4.85	4.90	4.95	5.00	5.05	5.10	5.15	5.20	5.25	5.30	5.35	5.40	5.45	5.50	5.55	5.60	5.65	5.70	5.75	5.80	5.85	5.90	5.95	6.00	6.05	6.10	6.15	6.20	6.25	6.30	6.35	6.40	6.45	6.50	6.55	6.60	6.65	6.70	6.75	6.80	6.85	6.90	6.95	7.00	7.05	7.10	7.15	7.20	7.25	7.30	7.35	7.40	7.45	7.50	7.55	7.60	7.65	7.70	7.75	7.80	7.85	7.90	7.95	8.00
15.0130	0.0000000	0.0000000	0.0000000	0.0000000	0.0000000	0.0000000	0.0000000	0.0000000	0.0000000	0.0000000	0.0000000	0.0000000	0.0000000	0.0000000	0.0000000	0.0000000	0.0000000	0.0000000	0.0000000	0.0000000	0.0000000	0.0000000	0.0000000	0.0000000	0.0000000	0.0000000	0.0000000	0.0000000	0.0000000	0.0000000	0.0000000	0.0000000	0.0000000	0.0000000	0.0000000	0.0000000	0.0000000	0.0000000	0.0000000	0.0000000	0.0000000	1.3156882e-06	0.00016569602	0.010581413	0.34604071	5.7642005	48.227440	212.32285	577.09754	1156.6159	1926.4848	2844.9807	3842.8601	4810.9678	5599.0865	6036.1042	5966.9645	5313.9624	4159.3442	2773.6678	1530.7922	689.30413	246.99974	69.569804	15.792016	3.0731688	0.55333194	0.097738507	0.017530221	0.0032443621	0.00062266251	0.00012387148	1.3689708e-05	0.0000000	0.0000000	0.0000000	0.0000000	0.0000000	0.0000000	0.0000000	0.0000000
17.0510	0.0000000	0.0000000	0.0000000	0.0000000	0.0000000	0.0000000	0.0000000	0.0000000	0.0000000	0.0000000	0.0000000	0.0000000	0.0000000	0.0000000	0.0000000	0.0000000	0.0000000	0.0000000	0.0000000	0.0000000	0.0000000	0.0000000	0.0000000	0.0000000	0.0000000	0.0000000	0.0000000	0.0000000	0.0000000	0.0000000	0.0000000	0.0000000	0.0000000	0.0000000	0.0000000	0.0000000	0.0000000	0.0000000	0.0000000	0.0000000	0.0000000	2.7482113e-06	0.00030818872	0.017728917	0.52675448	8.0267444	61.786087	251.58459	635.69484	1190.2970	1860.7935	2589.5220	3307.2832	3925.9087	4342.1529	4457.3055	4205.1421	3587.8528	2705.7799	1751.9887	940.83461	404.50635	135.61858	35.398554	7.4506697	1.3536803	0.22912636	0.038281662	0.0065304835	0.0011551791	0.00021275189	4.0738490e-05	4.3452605e-06	0.0000000	0.0000000	0.0000000	0.0000000	0.0000000	0.0000000	0.0000000	0.0000000
17.0960	0.0000000	0.0000000	0.0000000	0.0000000	0.0000000	0.0000000	0.0000000	0.0000000	0.0000000	0.0000000	0.0000000	0.0000000	0.0000000	0.0000000	0.0000000	0.0000000	0.0000000	0.0000000	0.0000000	0.0000000	0.0000000	0.0000000	0.0000000	0.0000000	0.0000000	0.0000000	0.0000000	0.0000000	0.0000000	0.0000000	0.0000000	0.0000000	0.0000000	0.0000000	0.0000000	0.0000000	0.0000000	0.0000000	0.0000000	0.0000000	0.0000000	2.5422585e-06	0.00028665492	0.016589124	0.49636830	7.6154398	58.895420	239.95203	603.68576	1119.7022	1725.2417	2355.6924	2940.1102	3398.5973	3649.9425	3629.6472	3311.0428	2727.7428	1984.1914	1238.0078	639.97302	264.59567	85.238983	21.369910	4.3208206	0.75467526	0.12297586	0.019821172	0.0032698031	0.00056077859	0.00010041250	1.8748314e-05	1.9549826e-06	0.0000000	0.0000000	0.0000000	0.0000000	0.0000000	0.0000000	0.0000000	0.0000000
16.7760	0.0000000	0.0000000	0.0000000	0.0000000	0.0000000	0.0000000	0.0000000	0.0000000	0.0000000	0.0000000	0.0000000	0.0000000	0.0000000	0.0000000	0.0000000	0.0000000	0.0000000	0.0000000	0.0000000	0.0000000	0.0000000	0.0000000	0.0000000	0.0000000	0.0000000	0.0000000	0.0000000	0.0000000	0.0000000	0.0000000	0.0000000	0.0000000	0.0000000	0.0000000	0.0000000	0.0000000	0.0000000	0.0000000	0.0000000	0.0000000	0.0000000	1.9770351e-06	0.00022228817	0.012796302	0.38070357	5.8183456	45.003105	184.47094	469.93546	887.84709	1400.6400	1965.8084	2528.0782	3016.8034	3351.0545	3453.2462	3270.4790	2802.6052	2124.8617	1384.2353	748.10454	323.62285	109.11141	28.626007	6.0536238	1.1047762	0.18782228	0.031523303	0.0054034041	0.00096076809	0.00017795749	3.4293610e-05	3.6826258e-06	0.0000000	0.0000000	0.0000000	0.0000000	0.0000000	0.0000000	0.0000000	0.0000000
15.2620	0.0000000	0.0000000	0.0000000	0.0000000	0.0000000	0.0000000	0.0000000	0.0000000	0.0000000	0.0000000	0.0000000	0.0000000	0.0000000	0.0000000	0.0000000	0.0000000	0.0000000	0.0000000	0.0000000	0.0000000	0.0000000	0.0000000	0.0000000	0.0000000	0.0000000	0.0000000	0.0000000	0.0000000	0.0000000	0.0000000	0.0000000	0.0000000	0.0000000	0.0000000	0.0000000	0.0000000	0.0000000	0.0000000	0.0000000	0.0000000	0.0000000	3.9481091e-07	4.9418303e-05	0.0031429802	0.10246510	1.7010581	14.165965	61.986519	167.25360	332.52190	549.31851	804.90467	1079.4679	1342.7708	1554.0933	1667.7955	1643.8116	1464.6389	1153.4487	780.09620	437.69900	196.67692	68.920021	18.793784	4.1290324	0.78220569	0.13788700	0.023966202	0.0042488301	0.00078038884	0.00014918286	2.9657205e-05	3.2847262e-06	0.0000000	0.0000000	0.0000000	0.0000000	0.0000000	0.0000000	0.0000000	0.0000000
12.1240	0.0000000	0.0000000	0.0000000	0.0000000	0.0000000	0.0000000	0.0000000	0.0000000	0.0000000	0.0000000	0.0000000	0.0000000	0.0000000	0.0000000	0.0000000	0.0000000	0.0000000	0.0000000	0.0000000	0.0000000	0.0000000	0.0000000	0.0000000	0.0000000	0.0000000	0.0000000	0.0000000	0.0000000	0.0000000	0.0000000	0.0000000	0.0000000	0.0000000	0.0000000	0.0000000	0.0000000	0.0000000	0.0000000	0.0000000	0.0000000	0.0000000	3.0835880e-08	4.4832436e-06	0.00034890019	0.013596443	0.26448664	2.5382922	12.626069	38.285904	84.651047	153.99564	246.13905	356.83176	475.68724	585.35648	663.15329	685.62968	637.22903	520.86753	363.98126	210.13926	96.791385	34.651971	9.6281084	2.1506195	0.41334930	0.073777525	0.012958659	0.0023173505	0.00043792849	9.0184522e-05	1.8926651e-05	2.1703541e-06	0.0000000	0.0000000	0.0000000	0.0000000	0.0000000	0.0000000	0.0000000	0.0000000
12.2640	0.0000000	0.0000000	0.0000000	0.0000000	0.0000000	0.0000000	0.0000000	0.0000000	0.0000000	0.0000000	0.0000000	0.0000000	0.0000000	0.0000000	0.0000000	0.0000000	0.0000000	0.0000000	0.0000000	0.0000000	0.0000000	0.0000000	0.0000000	0.0000000	0.0000000	0.0000000	0.0000000	0.0000000	0.0000000	0.0000000	0.0000000	0.0000000	0.0000000	0.0000000	0.0000000	0.0000000	0.0000000	0.0000000	0.0000000	0.0000000	0.0000000	3.1117456e-08	4.8264629e-06	0.00037169326	0.014381581	0.27849820	2.6650703	13.223278	39.974518	88.073520	159.62388	254.22345	367.46482	488.93782	601.09071	680.72252	703.68297	653.83007	534.10108	372.91279	215.12321	99.032905	35.449602	9.8533776	2.2027437	0.42381487	0.075729413	0.013315207	0.0023831917	0.00044105840	8.4773316e-05	1.6904720e-05	1.8742747e-06	0.0000000	0.0000000	0.0000000	0.0000000	0.0000000	0.0000000	0.0000000	0.0000000
13.8250	0.0000000	0.0000000	0.0000000	0.0000000	0.0000000	0.0000000	0.0000000	0.0000000	0.0000000	0.0000000	0.0000000	0.0000000	0.0000000	0.0000000	0.0000000	0.0000000	0.0000000	0.0000000	0.0000000	0.0000000	0.0000000	0.0000000	0.0000000	0.0000000	0.0000000	0.0000000	0.0000000	0.0000000	0.0000000	0.0000000	0.0000000	0.0000000	0.0000000	0.0000000	0.0000000	0.0000000	0.0000000	0.0000000	0.0000000	0.0000000	0.0000000	5.1188158e-08	6.9142117e-06	0.00047445092	0.016709240	0.30012583	2.7060038	12.797893	37.141033	78.971580	138.80257	215.39511	304.83557	399.21849	485.64011	546.60676	563.42517	523.06444	427.28957	298.32422	172.06655	79.202886	28.357142	7.8877731	1.7664166	0.34105348	0.061282309	0.010859410	0.0019630304	0.00036754817	7.1544541e-05	1.4452838e-05	1.6220684e-06	0.0000000	0.0000000	0.0000000	0.0000000	0.0000000	0.0000000	0.0000000	0.0000000
15.4530	0.0000000	0.0000000	0.0000000	0.0000000	0.0000000	0.0000000	0.0000000	0.0000000	0.0000000	0.0000000	0.0000000	0.0000000	0.0000000	0.0000000	0.0000000	0.0000000	0.0000000	0.0000000	0.0000000	0.0000000	0.0000000	0.0000000	0.0000000	0.0000000	0.0000000	0.0000000	0.0000000	0.0000000	0.0000000	0.0000000	0.0000000	0.0000000	0.0000000	0.0000000	0.0000000	0.0000000	0.0000000	0.0000000	0.0000000	0.0000000	0.0000000	1.2419351e-07	1.4860117e-05	0.00090384881	0.028206674	0.44883365	3.5876795	15.085555	39.136070	74.801332	118.70389	166.85225	214.27597	254.65899	280.85065	286.38220	267.44034	225.16698	167.13033	106.27896	55.955756	23.556481	7.7255884	1.9712628	0.40547843	0.071997907	0.011914021	0.0019472849	0.00032523420	5.6377810e-05	1.0184498e-05	1.9147406e-06	2.0068388e-07	0.0000000	0.0000000	0.0000000	0.0000000	0.0000000	0.0000000	0.0000000	0.0000000
11.2500	0.0000000	0.0000000	0.0000000	0.0000000	0.0000000	0.0000000	0.0000000	0.0000000	0.0000000	0.0000000	0.0000000	0.0000000	0.0000000	0.0000000	0.0000000	0.0000000	0.0000000	0.0000000	0.0000000	0.0000000	0.0000000	0.0000000	0.0000000	0.0000000	0.0000000	0.0000000	0.0000000	0.0000000	0.0000000	0.0000000	0.0000000	0.0000000	0.0000000	0.0000000	0.0000000	0.0000000	0.0000000	0.0000000	0.0000000	0.0000000	0.0000000	7.1107993e-09	1.2305577e-06	0.00010443186	0.0044033562	0.092007451	0.94189411	4.9638872	15.847525	36.688171	69.529862	115.23475	172.47595	236.41676	297.88494	344.08893	361.16430	339.27488	279.02966	195.28528	112.38879	51.350989	18.141479	4.9460912	1.0787839	0.20237577	0.035390523	0.0061179710	0.0010816268	0.00019864950	3.8062910e-05	7.5997492e-06	8.4698034e-07	0.0000000	0.0000000	0.0000000	0.0000000	0.0000000	0.0000000	0.0000000	0.0000000
11.1290	0.0000000	0.0000000	0.0000000	0.0000000	0.0000000	0.0000000	0.0000000	0.0000000	0.0000000	0.0000000	0.0000000	0.0000000	0.0000000	0.0000000	0.0000000	0.0000000	0.0000000	0.0000000	0.0000000	0.0000000	0.0000000	0.0000000	0.0000000	0.0000000	0.0000000	0.0000000	0.0000000	0.0000000	0.0000000	0.0000000	0.0000000	0.0000000	0.0000000	0.0000000	0.0000000	0.0000000	0.0000000	0.0000000	0.0000000	0.0000000	0.0000000	5.0961340e-09	8.8568543e-07	7.5341863e-05	0.0031792574	0.066395734	0.67860885	3.5671011	11.348448	26.163650	49.363284	81.449426	121.41315	165.86492	208.49371	240.54952	252.55159	237.70599	196.25977	138.20785	80.249780	37.117841	13.331636	3.7151487	0.83262891	0.16073370	0.028848174	0.0050993027	0.00091808743	0.00017096315	3.3062281e-05	6.6310330e-06	7.3872573e-07	0.0000000	0.0000000	0.0000000	0.0000000	0.0000000	0.0000000	0.0000000	0.0000000
16.3360	0.0000000	0.0000000	0.0000000	0.0000000	0.0000000	0.0000000	0.0000000	0.0000000	0.0000000	0.0000000	0.0000000	0.0000000	0.0000000	0.0000000	0.0000000	0.0000000	0.0000000	0.0000000	0.0000000	0.0000000	0.0000000	0.0000000	0.0000000	0.0000000	0.0000000	0.0000000	0.0000000	0.0000000	0.0000000	0.0000000	0.0000000	0.0000000	0.0000000	0.0000000	0.0000000	0.0000000	0.0000000	0.0000000	0.0000000	0.0000000	0.0000000	5.2548663e-08	6.0340147e-06	0.00035395662	0.010711637	0.16620842	1.3016259	5.3835146	13.784529	26.067440	41.018155	57.286496	73.242317	86.865048	95.855055	98.064114	92.121142	78.206599	58.648124	37.749757	20.153826	8.6175839	2.8747696	0.74704389	0.15664252	0.028370538	0.0047907084	0.00079923765	0.00013627395	2.4116963e-05	4.4478239e-06	8.5354940e-07	9.1263329e-08	0.0000000	0.0000000	0.0000000	0.0000000	0.0000000	0.0000000	0.0000000	0.0000000
13.8900	0.0000000	0.0000000	0.0000000	0.0000000	0.0000000	0.0000000	0.0000000	0.0000000	0.0000000	0.0000000	0.0000000	0.0000000	0.0000000	0.0000000	0.0000000	0.0000000	0.0000000	0.0000000	0.0000000	0.0000000	0.0000000	0.0000000	0.0000000	0.0000000	0.0000000	0.0000000	0.0000000	0.0000000	0.0000000	0.0000000	0.0000000	0.0000000	0.0000000	0.0000000	0.0000000	0.0000000	0.0000000	0.0000000	0.0000000	0.0000000	0.0000000	1.8896684e-08	2.3926428e-06	0.00015288879	0.0049883940	0.082789636	0.70568036	3.2051314	8.9129235	18.106840	30.324685	44.739354	60.105038	74.686221	86.257653	98.715859	106.82384	101.90551	80.387517	52.030681	27.180066	11.276826	3.6706999	0.93785250	0.19942356	0.037037825	0.0064103477	0.0010957387	0.00019136302	3.4678787e-05	6.5480532e-06	1.2864907e-06	1.4084018e-07	0.0000000	0.0000000	0.0000000	0.0000000	0.0000000	0.0000000	0.0000000	0.0000000
16.0040	0.0000000	0.0000000	0.0000000	0.0000000	0.0000000	0.0000000	0.0000000	0.0000000	0.0000000	0.0000000	0.0000000	0.0000000	0.0000000	0.0000000	0.0000000	0.0000000	0.0000000	0.0000000	0.0000000	0.0000000	0.0000000	0.0000000	0.0000000	0.0000000	0.0000000	0.0000000	0.0000000	0.0000000	0.0000000	0.0000000	0.0000000	0.0000000	0.0000000	0.0000000	0.0000000	0.0000000	0.0000000	0.0000000	0.0000000	0.0000000	0.0000000	2.9367850e-08	3.4839986e-06	0.00021050996	0.0065335897	0.10351880	0.82518804	3.4673394	9.0117767	17.294853	27.605418	39.078001	50.589934	60.688678	67.686885	69.961483	66.388690	56.925808	43.111115	28.012639	15.085227	6.6760921	2.3139764	0.62557660	0.13668160	0.025898642	0.0046176091	0.00081798092	0.00014457398	2.5748272e-05	4.7807068e-06	9.2390719e-07	9.9508506e-08	0.0000000	0.0000000	0.0000000	0.0000000	0.0000000	0.0000000	0.0000000	0.0000000
10.7700	0.0000000	0.0000000	0.0000000	0.0000000	0.0000000	0.0000000	0.0000000	0.0000000	0.0000000	0.0000000	0.0000000	0.0000000	0.0000000	0.0000000	0.0000000	0.0000000	0.0000000	0.0000000	0.0000000	0.0000000	0.0000000	0.0000000	0.0000000	0.0000000	0.0000000	0.0000000	0.0000000	0.0000000	0.0000000	0.0000000	0.0000000	0.0000000	0.0000000	0.0000000	0.0000000	0.0000000	0.0000000	0.0000000	0.0000000	0.0000000	0.0000000	2.9192343e-09	5.2551060e-07	4.6223876e-05	0.0020144553	0.043399886	0.45691556	2.4681078	8.0385779	18.886700	36.167642	60.371148	90.818747	125.02327	158.26764	183.81912	194.18515	183.79823	152.50767	107.85916	62.862557	29.170837	10.504923	2.9326847	0.65775398	0.12691777	0.022739852	0.0040090461	0.00071956497	0.00013357611	2.5761767e-05	5.1571418e-06	5.7416046e-07	0.0000000	0.0000000	0.0000000	0.0000000	0.0000000	0.0000000	0.0000000	0.0000000
10.6570	0.0000000	0.0000000	0.0000000	0.0000000	0.0000000	0.0000000	0.0000000	0.0000000	0.0000000	0.0000000	0.0000000	0.0000000	0.0000000	0.0000000	0.0000000	0.0000000	0.0000000	0.0000000	0.0000000	0.0000000	0.0000000	0.0000000	0.0000000	0.0000000	0.0000000	0.0000000	0.0000000	0.0000000	0.0000000	0.0000000	0.0000000	0.0000000	0.0000000	0.0000000	0.0000000	0.0000000	0.0000000	0.0000000	0.0000000	0.0000000	0.0000000	1.3567120e-09	2.4875578e-07	2.2183055e-05	0.00097550716	0.021103514	0.22216135	1.1968362	3.8854566	9.1111044	17.459919	29.280918	44.481267	62.207763	80.486139	96.017267	104.56915	102.29835	87.874747	64.392818	38.884908	18.604218	6.7211940	1.8808648	0.42250182	0.081594903	0.014628906	0.0025811546	0.00046381563	8.6236910e-05	1.6665003e-05	3.3437809e-06	3.7317804e-07	0.0000000	0.0000000	0.0000000	0.0000000	0.0000000	0.0000000	0.0000000	0.0000000
12.6800	0.0000000	0.0000000	0.0000000	0.0000000	0.0000000	0.0000000	0.0000000	0.0000000	0.0000000	0.0000000	0.0000000	0.0000000	0.0000000	0.0000000	0.0000000	0.0000000	0.0000000	0.0000000	0.0000000	0.0000000	0.0000000	0.0000000	0.0000000	0.0000000	0.0000000	0.0000000	0.0000000	0.0000000	0.0000000	0.0000000	0.0000000	0.0000000	0.0000000	0.0000000	0.0000000	0.0000000	0.0000000	0.0000000	0.0000000	0.0000000	0.0000000	6.6387820e-09	9.2391459e-07	6.4804544e-05	0.0023182266	0.042020688	0.37882938	1.7671030	4.9959450	10.250829	17.260671	25.550768	34.475914	43.156743	50.321109	54.459212	54.132702	48.553284	38.359465	25.934050	14.497279	6.4721630	2.2492019	0.60776938	0.13227968	0.024820552	0.0043328882	0.00074557814	0.00013080738	2.3763002e-05	4.4884664e-06	8.8044987e-07	9.6092795e-08	0.0000000	0.0000000	0.0000000	0.0000000	0.0000000	0.0000000	0.0000000	0.0000000
11.0230	0.0000000	0.0000000	0.0000000	0.0000000	0.0000000	0.0000000	0.0000000	0.0000000	0.0000000	0.0000000	0.0000000	0.0000000	0.0000000	0.0000000	0.0000000	0.0000000	0.0000000	0.0000000	0.0000000	0.0000000	0.0000000	0.0000000	0.0000000	0.0000000	0.0000000	0.0000000	0.0000000	0.0000000	0.0000000	0.0000000	0.0000000	0.0000000	0.0000000	0.0000000	0.0000000	0.0000000	0.0000000	0.0000000	0.0000000	0.0000000	0.0000000	1.0998838e-09	1.9482952e-07	1.6961626e-05	0.00073247163	0.015591732	0.16173878	0.85973126	2.7582794	6.4056112	12.186601	20.312235	30.634289	42.393953	54.018877	63.172265	67.224951	64.156522	53.750092	38.453061	22.717111	10.702174	3.9153183	1.1103232	0.25278970	0.049469899	0.0089833706	0.0016046484	0.00029205295	5.5085163e-05	1.0823274e-05	2.2140058e-06	2.5264380e-07	0.0000000	0.0000000	0.0000000	0.0000000	0.0000000	0.0000000	0.0000000	0.0000000
10.1150	0.0000000	0.0000000	0.0000000	0.0000000	0.0000000	0.0000000	0.0000000	0.0000000	0.0000000	0.0000000	0.0000000	0.0000000	0.0000000	0.0000000	0.0000000	0.0000000	0.0000000	0.0000000	0.0000000	0.0000000	0.0000000	0.0000000	0.0000000	0.0000000	0.0000000	0.0000000	0.0000000	0.0000000	0.0000000	0.0000000	0.0000000	0.0000000	0.0000000	0.0000000	0.0000000	0.0000000	0.0000000	0.0000000	0.0000000	0.0000000	0.0000000	1.4817433e-10	2.9561391e-08	2.8584793e-06	0.00013590171	0.0031707872	0.035894171	0.20700803	0.71470144	1.7660037	3.5288693	6.1068998	9.4766438	13.408114	17.405271	20.709464	22.401269	21.708151	18.445355	13.358464	7.9701984	3.7871523	1.3975521	0.40022012	0.092180493	0.018286626	0.0033712710	0.00061165899	0.00011293169	2.1545463e-05	4.2649006e-06	8.7484983e-07	9.9627068e-08	0.0000000	0.0000000	0.0000000	0.0000000	0.0000000	0.0000000	0.0000000	0.0000000
