# DO NOT EDIT: written Thu Mar 14 18:48:37 2019 by wrt_emiss_fe17.pro
# faked emissivities [1e-23 ergs cm^3/s] for Fe17 lines from Del Zanna 2011, A&A 536, A59
# emissivities include ion balance, but not abundance, and are spline and ion balance jittered off of emiss_Fe17_00000.txt
# line 6 -- SEED, LOGT
# lines 7+ -- WVL, EMISSIVITY
      556653	4.00	4.05	4.10	4.15	4.20	4.25	4.30	4.35	4.40	4.45	4.50	4.55	4.60	4.65	4.70	4.75	4.80	4.85	4.90	4.95	5.00	5.05	5.10	5.15	5.20	5.25	5.30	5.35	5.40	5.45	5.50	5.55	5.60	5.65	5.70	5.75	5.80	5.85	5.90	5.95	6.00	6.05	6.10	6.15	6.20	6.25	6.30	6.35	6.40	6.45	6.50	6.55	6.60	6.65	6.70	6.75	6.80	6.85	6.90	6.95	7.00	7.05	7.10	7.15	7.20	7.25	7.30	7.35	7.40	7.45	7.50	7.55	7.60	7.65	7.70	7.75	7.80	7.85	7.90	7.95	8.00
15.0130	0.0000000	0.0000000	0.0000000	0.0000000	0.0000000	0.0000000	0.0000000	0.0000000	0.0000000	0.0000000	0.0000000	0.0000000	0.0000000	0.0000000	0.0000000	0.0000000	0.0000000	0.0000000	0.0000000	0.0000000	0.0000000	0.0000000	0.0000000	0.0000000	0.0000000	0.0000000	0.0000000	0.0000000	0.0000000	0.0000000	0.0000000	0.0000000	0.0000000	0.0000000	0.0000000	0.0000000	0.0000000	0.0000000	0.0000000	0.0000000	0.0000000	1.2618922e-06	0.00015982667	0.010261670	0.33739322	5.6514893	47.574492	210.90957	577.28719	1163.8802	1947.9706	2888.6916	3916.8002	4921.5579	5748.8486	6221.0630	6177.6732	5542.0196	4392.6477	2989.6427	1688.4258	763.97401	269.66767	74.034761	16.349199	3.1068611	0.54851489	0.095385622	0.016907441	0.0031035622	0.00059271988	0.00011769266	1.3463564e-05	0.0000000	0.0000000	0.0000000	0.0000000	0.0000000	0.0000000	0.0000000	0.0000000
17.0510	0.0000000	0.0000000	0.0000000	0.0000000	0.0000000	0.0000000	0.0000000	0.0000000	0.0000000	0.0000000	0.0000000	0.0000000	0.0000000	0.0000000	0.0000000	0.0000000	0.0000000	0.0000000	0.0000000	0.0000000	0.0000000	0.0000000	0.0000000	0.0000000	0.0000000	0.0000000	0.0000000	0.0000000	0.0000000	0.0000000	0.0000000	0.0000000	0.0000000	0.0000000	0.0000000	0.0000000	0.0000000	0.0000000	0.0000000	0.0000000	0.0000000	2.8756674e-06	0.00032442794	0.018772327	0.56106287	8.6021839	66.660627	273.47689	696.20072	1311.7976	1851.5611	2128.2429	2727.0074	3246.0993	3599.1525	3703.1325	3501.6580	2994.9747	2265.0399	1633.5305	1071.1982	464.16262	156.59821	41.135529	8.7049076	1.5880065	0.26965756	0.045189144	0.0077337440	0.0013732424	0.00025407101	4.8919893e-05	5.1656385e-06	0.0000000	0.0000000	0.0000000	0.0000000	0.0000000	0.0000000	0.0000000	0.0000000
17.0960	0.0000000	0.0000000	0.0000000	0.0000000	0.0000000	0.0000000	0.0000000	0.0000000	0.0000000	0.0000000	0.0000000	0.0000000	0.0000000	0.0000000	0.0000000	0.0000000	0.0000000	0.0000000	0.0000000	0.0000000	0.0000000	0.0000000	0.0000000	0.0000000	0.0000000	0.0000000	0.0000000	0.0000000	0.0000000	0.0000000	0.0000000	0.0000000	0.0000000	0.0000000	0.0000000	0.0000000	0.0000000	0.0000000	0.0000000	0.0000000	0.0000000	2.8268903e-06	0.00031465990	0.017980411	0.53193000	8.0876129	62.198084	253.08884	638.08422	1188.1957	1840.6343	2530.4839	3184.4684	3716.3568	4033.7957	4057.5563	3746.2539	3124.8511	2301.8761	1454.6871	761.86860	319.22790	104.21814	26.451297	5.4019432	0.95028161	0.15556133	0.025133845	0.0041485962	0.00071085089	0.00012700322	2.3634378e-05	2.5378052e-06	0.0000000	0.0000000	0.0000000	0.0000000	0.0000000	0.0000000	0.0000000	0.0000000
16.7760	0.0000000	0.0000000	0.0000000	0.0000000	0.0000000	0.0000000	0.0000000	0.0000000	0.0000000	0.0000000	0.0000000	0.0000000	0.0000000	0.0000000	0.0000000	0.0000000	0.0000000	0.0000000	0.0000000	0.0000000	0.0000000	0.0000000	0.0000000	0.0000000	0.0000000	0.0000000	0.0000000	0.0000000	0.0000000	0.0000000	0.0000000	0.0000000	0.0000000	0.0000000	0.0000000	0.0000000	0.0000000	0.0000000	0.0000000	0.0000000	0.0000000	2.0921803e-06	0.00023679709	0.013711136	0.38302859	5.4940478	40.572596	161.61828	406.52418	768.20807	1224.7298	1750.7455	2304.9686	2822.6495	3216.9637	3392.5492	3272.3926	2836.9572	2162.3115	1410.5511	762.26422	330.01621	111.61379	29.417175	6.2499347	1.1452336	0.19540128	0.032907962	0.0056598095	0.0010097331	0.00018761931	3.6258288e-05	4.0361281e-06	0.0000000	0.0000000	0.0000000	0.0000000	0.0000000	0.0000000	0.0000000	0.0000000
15.2620	0.0000000	0.0000000	0.0000000	0.0000000	0.0000000	0.0000000	0.0000000	0.0000000	0.0000000	0.0000000	0.0000000	0.0000000	0.0000000	0.0000000	0.0000000	0.0000000	0.0000000	0.0000000	0.0000000	0.0000000	0.0000000	0.0000000	0.0000000	0.0000000	0.0000000	0.0000000	0.0000000	0.0000000	0.0000000	0.0000000	0.0000000	0.0000000	0.0000000	0.0000000	0.0000000	0.0000000	0.0000000	0.0000000	0.0000000	0.0000000	0.0000000	3.8611250e-07	4.8246636e-05	0.0030647020	0.099878859	1.6594987	13.854035	60.893934	165.23602	330.31355	548.42068	807.42727	1087.8268	1359.0807	1579.3143	1700.8873	1681.4632	1501.9890	1185.4765	803.39495	451.70630	203.42622	71.453643	19.519573	4.2896130	0.81142806	0.14266357	0.024721379	0.0043700956	0.00080084943	0.00015288086	3.0376099e-05	3.4799693e-06	0.0000000	0.0000000	0.0000000	0.0000000	0.0000000	0.0000000	0.0000000	0.0000000
12.1240	0.0000000	0.0000000	0.0000000	0.0000000	0.0000000	0.0000000	0.0000000	0.0000000	0.0000000	0.0000000	0.0000000	0.0000000	0.0000000	0.0000000	0.0000000	0.0000000	0.0000000	0.0000000	0.0000000	0.0000000	0.0000000	0.0000000	0.0000000	0.0000000	0.0000000	0.0000000	0.0000000	0.0000000	0.0000000	0.0000000	0.0000000	0.0000000	0.0000000	0.0000000	0.0000000	0.0000000	0.0000000	0.0000000	0.0000000	0.0000000	0.0000000	3.3951032e-08	5.2935943e-06	0.00040866394	0.015822593	0.30641504	2.9352032	14.618179	44.475292	98.736273	180.41614	289.78472	422.37573	566.32578	701.09479	799.11280	831.15085	776.93059	638.51137	448.43872	260.12087	120.36614	43.282829	12.068092	2.6996883	0.51848479	0.092309557	0.016154878	0.0028765642	0.00052959707	0.00010127851	2.0102092e-05	2.2953964e-06	0.0000000	0.0000000	0.0000000	0.0000000	0.0000000	0.0000000	0.0000000	0.0000000
12.2640	0.0000000	0.0000000	0.0000000	0.0000000	0.0000000	0.0000000	0.0000000	0.0000000	0.0000000	0.0000000	0.0000000	0.0000000	0.0000000	0.0000000	0.0000000	0.0000000	0.0000000	0.0000000	0.0000000	0.0000000	0.0000000	0.0000000	0.0000000	0.0000000	0.0000000	0.0000000	0.0000000	0.0000000	0.0000000	0.0000000	0.0000000	0.0000000	0.0000000	0.0000000	0.0000000	0.0000000	0.0000000	0.0000000	0.0000000	0.0000000	0.0000000	3.1056492e-08	4.8055286e-06	0.00036902654	0.014236605	0.27494089	2.6256520	13.014850	39.320546	86.522932	156.51630	248.76534	358.92816	476.96101	586.02534	663.86829	687.22261	640.26607	525.18949	368.72471	214.18373	99.412495	35.909701	10.070030	2.2676618	0.43855553	0.078614212	0.013845942	0.0024797869	0.00045891992	8.8159221e-05	1.7565146e-05	2.0120796e-06	0.0000000	0.0000000	0.0000000	0.0000000	0.0000000	0.0000000	0.0000000	0.0000000
13.8250	0.0000000	0.0000000	0.0000000	0.0000000	0.0000000	0.0000000	0.0000000	0.0000000	0.0000000	0.0000000	0.0000000	0.0000000	0.0000000	0.0000000	0.0000000	0.0000000	0.0000000	0.0000000	0.0000000	0.0000000	0.0000000	0.0000000	0.0000000	0.0000000	0.0000000	0.0000000	0.0000000	0.0000000	0.0000000	0.0000000	0.0000000	0.0000000	0.0000000	0.0000000	0.0000000	0.0000000	0.0000000	0.0000000	0.0000000	0.0000000	0.0000000	4.6075243e-08	6.2247825e-06	0.00042957048	0.015314972	0.28054081	2.6005819	12.748261	38.365460	83.888827	150.40231	236.49006	337.24071	442.91166	538.10831	602.73922	616.38870	566.25052	456.76576	314.39861	178.58760	80.910023	28.500058	7.7923715	1.7125706	0.32401751	0.057020848	0.0099018857	0.0017569303	0.00032379212	6.2285080e-05	1.2499194e-05	1.4502530e-06	0.0000000	0.0000000	0.0000000	0.0000000	0.0000000	0.0000000	0.0000000	0.0000000
15.4530	0.0000000	0.0000000	0.0000000	0.0000000	0.0000000	0.0000000	0.0000000	0.0000000	0.0000000	0.0000000	0.0000000	0.0000000	0.0000000	0.0000000	0.0000000	0.0000000	0.0000000	0.0000000	0.0000000	0.0000000	0.0000000	0.0000000	0.0000000	0.0000000	0.0000000	0.0000000	0.0000000	0.0000000	0.0000000	0.0000000	0.0000000	0.0000000	0.0000000	0.0000000	0.0000000	0.0000000	0.0000000	0.0000000	0.0000000	0.0000000	0.0000000	1.3209358e-07	1.5975712e-05	0.00098085776	0.030854971	0.49422028	3.9726567	16.786753	43.701710	83.605871	132.45300	185.44985	236.76101	279.21524	305.01607	307.52923	283.45577	235.23053	172.10069	108.04279	56.339489	23.600481	7.7368137	1.9795816	0.40893510	0.072967751	0.012140056	0.0019961989	0.00033558797	5.8575419e-05	1.0655386e-05	2.0165403e-06	2.1979825e-07	0.0000000	0.0000000	0.0000000	0.0000000	0.0000000	0.0000000	0.0000000	0.0000000
11.2500	0.0000000	0.0000000	0.0000000	0.0000000	0.0000000	0.0000000	0.0000000	0.0000000	0.0000000	0.0000000	0.0000000	0.0000000	0.0000000	0.0000000	0.0000000	0.0000000	0.0000000	0.0000000	0.0000000	0.0000000	0.0000000	0.0000000	0.0000000	0.0000000	0.0000000	0.0000000	0.0000000	0.0000000	0.0000000	0.0000000	0.0000000	0.0000000	0.0000000	0.0000000	0.0000000	0.0000000	0.0000000	0.0000000	0.0000000	0.0000000	0.0000000	6.8591824e-09	1.1851989e-06	0.00010039556	0.0042252130	0.088086033	0.89913272	4.7204544	14.991543	34.459926	64.758821	106.39882	157.98053	215.14519	269.94746	311.47109	327.84098	310.30771	258.59760	184.48686	108.87580	51.315780	18.808161	5.3462278	1.2191109	0.23854460	0.043223349	0.0076860704	0.0013875748	0.00025830409	4.9803180e-05	9.9385369e-06	1.1376837e-06	0.0000000	0.0000000	0.0000000	0.0000000	0.0000000	0.0000000	0.0000000	0.0000000
11.1290	0.0000000	0.0000000	0.0000000	0.0000000	0.0000000	0.0000000	0.0000000	0.0000000	0.0000000	0.0000000	0.0000000	0.0000000	0.0000000	0.0000000	0.0000000	0.0000000	0.0000000	0.0000000	0.0000000	0.0000000	0.0000000	0.0000000	0.0000000	0.0000000	0.0000000	0.0000000	0.0000000	0.0000000	0.0000000	0.0000000	0.0000000	0.0000000	0.0000000	0.0000000	0.0000000	0.0000000	0.0000000	0.0000000	0.0000000	0.0000000	0.0000000	5.4505798e-09	9.4741532e-07	8.0612668e-05	0.0034038724	0.071174751	0.72906213	3.8456160	12.282962	28.411892	53.744350	88.880295	132.78870	181.84081	229.18339	265.21458	279.40774	264.03986	219.03644	155.12101	90.684117	42.277426	15.314071	4.3008984	0.96925635	0.18757796	0.033655670	0.0059354954	0.0010648430	0.00019745922	3.8017475e-05	7.5927739e-06	8.7163672e-07	0.0000000	0.0000000	0.0000000	0.0000000	0.0000000	0.0000000	0.0000000	0.0000000
16.3360	0.0000000	0.0000000	0.0000000	0.0000000	0.0000000	0.0000000	0.0000000	0.0000000	0.0000000	0.0000000	0.0000000	0.0000000	0.0000000	0.0000000	0.0000000	0.0000000	0.0000000	0.0000000	0.0000000	0.0000000	0.0000000	0.0000000	0.0000000	0.0000000	0.0000000	0.0000000	0.0000000	0.0000000	0.0000000	0.0000000	0.0000000	0.0000000	0.0000000	0.0000000	0.0000000	0.0000000	0.0000000	0.0000000	0.0000000	0.0000000	0.0000000	4.4821806e-08	5.1339331e-06	0.00030046468	0.0090760348	0.14065567	1.1012139	4.5589216	11.689063	22.118398	34.796387	48.562895	62.031686	73.495428	81.019946	82.807210	77.722142	65.938345	49.429987	31.819091	16.999806	7.2794318	2.4332109	0.63344179	0.13290513	0.024051948	0.0040546142	0.00067514940	0.00011491696	2.0311209e-05	3.7431613e-06	7.1826654e-07	7.9477355e-08	0.0000000	0.0000000	0.0000000	0.0000000	0.0000000	0.0000000	0.0000000	0.0000000
13.8900	0.0000000	0.0000000	0.0000000	0.0000000	0.0000000	0.0000000	0.0000000	0.0000000	0.0000000	0.0000000	0.0000000	0.0000000	0.0000000	0.0000000	0.0000000	0.0000000	0.0000000	0.0000000	0.0000000	0.0000000	0.0000000	0.0000000	0.0000000	0.0000000	0.0000000	0.0000000	0.0000000	0.0000000	0.0000000	0.0000000	0.0000000	0.0000000	0.0000000	0.0000000	0.0000000	0.0000000	0.0000000	0.0000000	0.0000000	0.0000000	0.0000000	1.7978667e-08	2.3561111e-06	0.00015684210	0.0053633916	0.093685182	0.82279068	3.7938376	10.716974	22.102384	37.548053	56.162971	76.471404	96.282488	112.64760	122.03739	121.20329	108.55444	84.884837	56.750471	31.402155	13.894758	4.7908450	1.2847053	0.27734630	0.051599218	0.0089345529	0.0015267592	0.00026645747	4.8249552e-05	9.1031423e-06	1.7871958e-06	2.0222882e-07	0.0000000	0.0000000	0.0000000	0.0000000	0.0000000	0.0000000	0.0000000	0.0000000
16.0040	0.0000000	0.0000000	0.0000000	0.0000000	0.0000000	0.0000000	0.0000000	0.0000000	0.0000000	0.0000000	0.0000000	0.0000000	0.0000000	0.0000000	0.0000000	0.0000000	0.0000000	0.0000000	0.0000000	0.0000000	0.0000000	0.0000000	0.0000000	0.0000000	0.0000000	0.0000000	0.0000000	0.0000000	0.0000000	0.0000000	0.0000000	0.0000000	0.0000000	0.0000000	0.0000000	0.0000000	0.0000000	0.0000000	0.0000000	0.0000000	0.0000000	3.1558841e-08	3.7468157e-06	0.00022663633	0.0070463045	0.11193352	0.89574310	3.7845659	9.8991947	19.115329	30.692348	43.714117	56.968491	68.846016	77.421497	80.768511	77.446881	67.191790	51.564255	33.998768	18.586163	8.1228952	2.7606354	0.72719742	0.15346947	0.027734521	0.0046282197	0.00075492382	0.00012475288	2.1377242e-05	3.8360662e-06	7.2397401e-07	8.0067223e-08	0.0000000	0.0000000	0.0000000	0.0000000	0.0000000	0.0000000	0.0000000	0.0000000
10.7700	0.0000000	0.0000000	0.0000000	0.0000000	0.0000000	0.0000000	0.0000000	0.0000000	0.0000000	0.0000000	0.0000000	0.0000000	0.0000000	0.0000000	0.0000000	0.0000000	0.0000000	0.0000000	0.0000000	0.0000000	0.0000000	0.0000000	0.0000000	0.0000000	0.0000000	0.0000000	0.0000000	0.0000000	0.0000000	0.0000000	0.0000000	0.0000000	0.0000000	0.0000000	0.0000000	0.0000000	0.0000000	0.0000000	0.0000000	0.0000000	0.0000000	2.6293989e-09	4.7013128e-07	4.1067952e-05	0.0017782173	0.038097879	0.39950073	2.1540613	7.0150842	16.495739	31.653726	53.048775	80.333919	111.67507	143.27132	169.17058	181.78231	174.61766	146.48131	104.38780	61.143890	28.456857	10.258995	2.8604689	0.63878410	0.12234586	0.021708984	0.0037853998	0.00067165853	0.00012329219	2.3533832e-05	4.6698180e-06	5.3411112e-07	0.0000000	0.0000000	0.0000000	0.0000000	0.0000000	0.0000000	0.0000000	0.0000000
10.6570	0.0000000	0.0000000	0.0000000	0.0000000	0.0000000	0.0000000	0.0000000	0.0000000	0.0000000	0.0000000	0.0000000	0.0000000	0.0000000	0.0000000	0.0000000	0.0000000	0.0000000	0.0000000	0.0000000	0.0000000	0.0000000	0.0000000	0.0000000	0.0000000	0.0000000	0.0000000	0.0000000	0.0000000	0.0000000	0.0000000	0.0000000	0.0000000	0.0000000	0.0000000	0.0000000	0.0000000	0.0000000	0.0000000	0.0000000	0.0000000	0.0000000	1.2631514e-09	2.3301270e-07	2.0964094e-05	0.00093290930	0.020486256	0.21946249	1.2046255	3.9802656	9.4655331	18.310723	30.835130	46.753963	64.816158	82.551193	96.383242	102.27550	97.181284	80.928146	57.449712	33.622865	15.676758	5.6749238	1.5920348	0.35833929	0.069285287	0.012430464	0.0021947215	0.00039474794	7.3500024e-05	1.4231186e-05	2.8625815e-06	3.3141145e-07	0.0000000	0.0000000	0.0000000	0.0000000	0.0000000	0.0000000	0.0000000	0.0000000
12.6800	0.0000000	0.0000000	0.0000000	0.0000000	0.0000000	0.0000000	0.0000000	0.0000000	0.0000000	0.0000000	0.0000000	0.0000000	0.0000000	0.0000000	0.0000000	0.0000000	0.0000000	0.0000000	0.0000000	0.0000000	0.0000000	0.0000000	0.0000000	0.0000000	0.0000000	0.0000000	0.0000000	0.0000000	0.0000000	0.0000000	0.0000000	0.0000000	0.0000000	0.0000000	0.0000000	0.0000000	0.0000000	0.0000000	0.0000000	0.0000000	0.0000000	6.0904651e-09	8.5487995e-07	6.0437769e-05	0.0021776554	0.039743475	0.36084977	1.6965459	4.8356067	9.9963337	16.950376	25.271122	34.364873	43.397614	51.115266	55.965976	56.384755	51.214371	40.744860	27.457085	15.092621	6.5574504	2.2058727	0.57660386	0.12183210	0.022289343	0.0038115103	0.00064569136	0.00011210009	2.0272634e-05	3.8254091e-06	7.5313392e-07	8.5717601e-08	0.0000000	0.0000000	0.0000000	0.0000000	0.0000000	0.0000000	0.0000000	0.0000000
11.0230	0.0000000	0.0000000	0.0000000	0.0000000	0.0000000	0.0000000	0.0000000	0.0000000	0.0000000	0.0000000	0.0000000	0.0000000	0.0000000	0.0000000	0.0000000	0.0000000	0.0000000	0.0000000	0.0000000	0.0000000	0.0000000	0.0000000	0.0000000	0.0000000	0.0000000	0.0000000	0.0000000	0.0000000	0.0000000	0.0000000	0.0000000	0.0000000	0.0000000	0.0000000	0.0000000	0.0000000	0.0000000	0.0000000	0.0000000	0.0000000	0.0000000	1.0558127e-09	1.8789404e-07	1.6437717e-05	0.00071374379	0.015289914	0.15983298	0.85763424	2.7803182	6.5227638	12.531031	21.087753	32.111294	44.870373	57.733520	68.176774	73.257630	70.591431	59.711909	43.130162	25.727700	12.238625	4.5195812	1.2919840	0.29572011	0.057992198	0.010521942	0.0018732100	0.00033904493	6.3465440e-05	1.2350424e-05	2.4971242e-06	2.9067747e-07	0.0000000	0.0000000	0.0000000	0.0000000	0.0000000	0.0000000	0.0000000	0.0000000
10.1150	0.0000000	0.0000000	0.0000000	0.0000000	0.0000000	0.0000000	0.0000000	0.0000000	0.0000000	0.0000000	0.0000000	0.0000000	0.0000000	0.0000000	0.0000000	0.0000000	0.0000000	0.0000000	0.0000000	0.0000000	0.0000000	0.0000000	0.0000000	0.0000000	0.0000000	0.0000000	0.0000000	0.0000000	0.0000000	0.0000000	0.0000000	0.0000000	0.0000000	0.0000000	0.0000000	0.0000000	0.0000000	0.0000000	0.0000000	0.0000000	0.0000000	1.5178953e-10	3.0132405e-08	2.8907607e-06	0.00013612404	0.0031436639	0.035245119	0.20164368	0.69177822	1.7007994	3.3867434	5.8491427	9.0700368	12.836110	16.677374	19.865045	21.506892	20.846689	17.700466	12.800484	7.6254170	3.6192050	1.3349087	0.38216648	0.087952938	0.017426347	0.0032090534	0.00058195200	0.00010750363	2.0546693e-05	4.0799615e-06	8.4072305e-07	9.9589802e-08	0.0000000	0.0000000	0.0000000	0.0000000	0.0000000	0.0000000	0.0000000	0.0000000
