# DO NOT EDIT: written Thu Mar 14 18:48:37 2019 by wrt_emiss_fe17.pro
# faked emissivities [1e-23 ergs cm^3/s] for Fe17 lines from Del Zanna 2011, A&A 536, A59
# emissivities include ion balance, but not abundance, and are spline and ion balance jittered off of emiss_Fe17_00000.txt
# line 6 -- SEED, LOGT
# lines 7+ -- WVL, EMISSIVITY
      879853	4.00	4.05	4.10	4.15	4.20	4.25	4.30	4.35	4.40	4.45	4.50	4.55	4.60	4.65	4.70	4.75	4.80	4.85	4.90	4.95	5.00	5.05	5.10	5.15	5.20	5.25	5.30	5.35	5.40	5.45	5.50	5.55	5.60	5.65	5.70	5.75	5.80	5.85	5.90	5.95	6.00	6.05	6.10	6.15	6.20	6.25	6.30	6.35	6.40	6.45	6.50	6.55	6.60	6.65	6.70	6.75	6.80	6.85	6.90	6.95	7.00	7.05	7.10	7.15	7.20	7.25	7.30	7.35	7.40	7.45	7.50	7.55	7.60	7.65	7.70	7.75	7.80	7.85	7.90	7.95	8.00
15.0130	0.0000000	0.0000000	0.0000000	0.0000000	0.0000000	0.0000000	0.0000000	0.0000000	0.0000000	0.0000000	0.0000000	0.0000000	0.0000000	0.0000000	0.0000000	0.0000000	0.0000000	0.0000000	0.0000000	0.0000000	0.0000000	0.0000000	0.0000000	0.0000000	0.0000000	0.0000000	0.0000000	0.0000000	0.0000000	0.0000000	0.0000000	0.0000000	0.0000000	0.0000000	0.0000000	0.0000000	0.0000000	0.0000000	0.0000000	0.0000000	0.0000000	1.4063702e-06	0.00017776936	0.011422383	0.37547845	6.2648569	52.045648	224.46770	594.70175	1173.3510	1946.3503	2881.3053	3911.6600	4923.7349	5755.1582	6217.4298	6140.1112	5446.5102	4232.3300	2789.8580	1499.5927	631.42481	202.68789	50.199902	10.213434	1.8586523	0.32488201	0.057037600	0.010303134	0.0019303841	0.00037597378	7.5858825e-05	1.4690002e-06	0.0000000	0.0000000	0.0000000	0.0000000	0.0000000	0.0000000	0.0000000	0.0000000
17.0510	0.0000000	0.0000000	0.0000000	0.0000000	0.0000000	0.0000000	0.0000000	0.0000000	0.0000000	0.0000000	0.0000000	0.0000000	0.0000000	0.0000000	0.0000000	0.0000000	0.0000000	0.0000000	0.0000000	0.0000000	0.0000000	0.0000000	0.0000000	0.0000000	0.0000000	0.0000000	0.0000000	0.0000000	0.0000000	0.0000000	0.0000000	0.0000000	0.0000000	0.0000000	0.0000000	0.0000000	0.0000000	0.0000000	0.0000000	0.0000000	0.0000000	3.5481055e-06	0.00039846395	0.022974479	0.68229310	10.338481	78.341979	309.51883	727.05621	1275.3766	1909.7144	2588.8987	3257.5197	3836.3610	4224.0179	4316.9760	4040.9988	3395.9331	2492.3919	1543.0226	772.59793	299.68642	87.451174	19.450713	3.7118382	0.64639396	0.10842037	0.018317525	0.0031933317	0.00057906554	0.00010942963	2.1465752e-05	4.0481924e-07	0.0000000	0.0000000	0.0000000	0.0000000	0.0000000	0.0000000	0.0000000	0.0000000
17.0960	0.0000000	0.0000000	0.0000000	0.0000000	0.0000000	0.0000000	0.0000000	0.0000000	0.0000000	0.0000000	0.0000000	0.0000000	0.0000000	0.0000000	0.0000000	0.0000000	0.0000000	0.0000000	0.0000000	0.0000000	0.0000000	0.0000000	0.0000000	0.0000000	0.0000000	0.0000000	0.0000000	0.0000000	0.0000000	0.0000000	0.0000000	0.0000000	0.0000000	0.0000000	0.0000000	0.0000000	0.0000000	0.0000000	0.0000000	0.0000000	0.0000000	3.0841732e-06	0.00034216348	0.019512266	0.57464079	8.6542531	65.260900	256.58185	621.89157	1126.0417	1719.2585	2349.3437	2951.4596	3445.3337	3742.1932	3762.7835	3462.4041	2863.1068	2073.2822	1272.0515	635.22712	247.11007	72.969961	16.629113	3.1164043	0.52333076	0.084621141	0.013647133	0.0022585420	0.00038681100	6.8631261e-05	1.2551848e-05	2.1883240e-07	0.0000000	0.0000000	0.0000000	0.0000000	0.0000000	0.0000000	0.0000000	0.0000000
16.7760	0.0000000	0.0000000	0.0000000	0.0000000	0.0000000	0.0000000	0.0000000	0.0000000	0.0000000	0.0000000	0.0000000	0.0000000	0.0000000	0.0000000	0.0000000	0.0000000	0.0000000	0.0000000	0.0000000	0.0000000	0.0000000	0.0000000	0.0000000	0.0000000	0.0000000	0.0000000	0.0000000	0.0000000	0.0000000	0.0000000	0.0000000	0.0000000	0.0000000	0.0000000	0.0000000	0.0000000	0.0000000	0.0000000	0.0000000	0.0000000	0.0000000	2.3440102e-06	0.00026481115	0.015327355	0.45715999	6.9673294	53.193899	212.10462	522.54020	963.66315	1500.7512	2092.6643	2680.3600	3185.9369	3519.8457	3597.9717	3366.1123	2832.3447	2090.4932	1310.3973	670.53983	269.06762	82.402494	19.501087	3.7985206	0.66327465	0.11151010	0.018875647	0.0032953313	0.00059806423	0.00011303802	2.2160263e-05	4.1731631e-07	0.0000000	0.0000000	0.0000000	0.0000000	0.0000000	0.0000000	0.0000000	0.0000000
15.2620	0.0000000	0.0000000	0.0000000	0.0000000	0.0000000	0.0000000	0.0000000	0.0000000	0.0000000	0.0000000	0.0000000	0.0000000	0.0000000	0.0000000	0.0000000	0.0000000	0.0000000	0.0000000	0.0000000	0.0000000	0.0000000	0.0000000	0.0000000	0.0000000	0.0000000	0.0000000	0.0000000	0.0000000	0.0000000	0.0000000	0.0000000	0.0000000	0.0000000	0.0000000	0.0000000	0.0000000	0.0000000	0.0000000	0.0000000	0.0000000	0.0000000	4.7427788e-07	5.8738929e-05	0.0037080388	0.11991959	1.9686860	16.080379	68.141723	177.30048	343.50746	559.69373	814.37808	1087.1852	1345.8189	1547.1572	1644.1960	1597.7616	1395.1782	1067.8166	693.71765	367.78064	152.87817	48.496789	11.884754	2.3961299	0.43285739	0.075254966	0.013167784	0.0023753496	0.00044530923	8.6952931e-05	1.7622068e-05	3.4338917e-07	0.0000000	0.0000000	0.0000000	0.0000000	0.0000000	0.0000000	0.0000000	0.0000000
12.1240	0.0000000	0.0000000	0.0000000	0.0000000	0.0000000	0.0000000	0.0000000	0.0000000	0.0000000	0.0000000	0.0000000	0.0000000	0.0000000	0.0000000	0.0000000	0.0000000	0.0000000	0.0000000	0.0000000	0.0000000	0.0000000	0.0000000	0.0000000	0.0000000	0.0000000	0.0000000	0.0000000	0.0000000	0.0000000	0.0000000	0.0000000	0.0000000	0.0000000	0.0000000	0.0000000	0.0000000	0.0000000	0.0000000	0.0000000	0.0000000	0.0000000	3.7547685e-08	5.9443952e-06	0.00046681961	0.018344837	0.35846015	3.4215439	16.668935	49.127275	106.28608	190.86304	302.45146	435.06634	574.81003	699.36637	780.85812	792.18103	718.18666	567.93908	379.59036	206.23769	87.553492	28.282780	7.0428173	1.4405163	0.26363222	0.046378371	0.0082048609	0.0014960149	0.00028353739	5.5995522e-05	1.1484408e-05	2.2674757e-07	0.0000000	0.0000000	0.0000000	0.0000000	0.0000000	0.0000000	0.0000000	0.0000000
12.2640	0.0000000	0.0000000	0.0000000	0.0000000	0.0000000	0.0000000	0.0000000	0.0000000	0.0000000	0.0000000	0.0000000	0.0000000	0.0000000	0.0000000	0.0000000	0.0000000	0.0000000	0.0000000	0.0000000	0.0000000	0.0000000	0.0000000	0.0000000	0.0000000	0.0000000	0.0000000	0.0000000	0.0000000	0.0000000	0.0000000	0.0000000	0.0000000	0.0000000	0.0000000	0.0000000	0.0000000	0.0000000	0.0000000	0.0000000	0.0000000	0.0000000	4.1318137e-08	6.3885798e-06	0.00049065340	0.018874483	0.36143023	3.3854803	16.205201	46.993113	100.27354	178.05749	279.74180	400.05357	527.00026	640.92379	716.65804	729.06342	663.27613	526.47868	353.24629	192.70033	82.146454	26.646445	6.6617588	1.3672904	0.25083899	0.044168133	0.0078056117	0.0014183168	0.00026713598	5.2261214e-05	1.0580904e-05	2.0546200e-07	0.0000000	0.0000000	0.0000000	0.0000000	0.0000000	0.0000000	0.0000000	0.0000000
13.8250	0.0000000	0.0000000	0.0000000	0.0000000	0.0000000	0.0000000	0.0000000	0.0000000	0.0000000	0.0000000	0.0000000	0.0000000	0.0000000	0.0000000	0.0000000	0.0000000	0.0000000	0.0000000	0.0000000	0.0000000	0.0000000	0.0000000	0.0000000	0.0000000	0.0000000	0.0000000	0.0000000	0.0000000	0.0000000	0.0000000	0.0000000	0.0000000	0.0000000	0.0000000	0.0000000	0.0000000	0.0000000	0.0000000	0.0000000	0.0000000	0.0000000	6.2913983e-08	8.4178375e-06	0.00057327752	0.020008218	0.35481532	3.1310722	14.302963	39.910644	82.458033	142.58739	219.33161	308.77250	402.69290	487.59222	545.30995	556.71163	509.26769	406.74397	274.50641	150.54162	64.484669	21.012385	5.2763054	1.0879899	0.20071600	0.035582194	0.0063388011	0.0011623297	0.00022110853	4.3710810e-05	8.9436384e-06	1.7539897e-07	0.0000000	0.0000000	0.0000000	0.0000000	0.0000000	0.0000000	0.0000000	0.0000000
15.4530	0.0000000	0.0000000	0.0000000	0.0000000	0.0000000	0.0000000	0.0000000	0.0000000	0.0000000	0.0000000	0.0000000	0.0000000	0.0000000	0.0000000	0.0000000	0.0000000	0.0000000	0.0000000	0.0000000	0.0000000	0.0000000	0.0000000	0.0000000	0.0000000	0.0000000	0.0000000	0.0000000	0.0000000	0.0000000	0.0000000	0.0000000	0.0000000	0.0000000	0.0000000	0.0000000	0.0000000	0.0000000	0.0000000	0.0000000	0.0000000	0.0000000	1.5861561e-07	1.9016303e-05	0.0011580835	0.036015927	0.56694711	4.4295290	17.919128	44.439840	81.971778	127.07036	175.81344	223.07767	262.31019	286.18848	288.32253	265.29686	219.07901	158.35460	97.021615	48.449069	18.949737	5.6520635	1.3021766	0.24691922	0.041983426	0.0068763385	0.0011347998	0.00019332352	3.4271846e-05	6.3336689e-06	1.2152091e-06	2.2414867e-08	0.0000000	0.0000000	0.0000000	0.0000000	0.0000000	0.0000000	0.0000000	0.0000000
11.2500	0.0000000	0.0000000	0.0000000	0.0000000	0.0000000	0.0000000	0.0000000	0.0000000	0.0000000	0.0000000	0.0000000	0.0000000	0.0000000	0.0000000	0.0000000	0.0000000	0.0000000	0.0000000	0.0000000	0.0000000	0.0000000	0.0000000	0.0000000	0.0000000	0.0000000	0.0000000	0.0000000	0.0000000	0.0000000	0.0000000	0.0000000	0.0000000	0.0000000	0.0000000	0.0000000	0.0000000	0.0000000	0.0000000	0.0000000	0.0000000	0.0000000	8.5920842e-09	1.4626931e-06	0.00012219154	0.0050586794	0.10330637	1.0242567	5.1598052	15.683884	34.973104	64.735898	105.78843	157.05185	214.38133	269.76092	311.71375	327.33694	307.07966	251.07737	173.30499	97.098343	42.429731	14.077151	3.5909048	0.75018538	0.13976727	0.024932978	0.0044524708	0.00081522284	0.00015424486	3.0210851e-05	6.1003180e-06	1.1760545e-07	0.0000000	0.0000000	0.0000000	0.0000000	0.0000000	0.0000000	0.0000000	0.0000000
11.1290	0.0000000	0.0000000	0.0000000	0.0000000	0.0000000	0.0000000	0.0000000	0.0000000	0.0000000	0.0000000	0.0000000	0.0000000	0.0000000	0.0000000	0.0000000	0.0000000	0.0000000	0.0000000	0.0000000	0.0000000	0.0000000	0.0000000	0.0000000	0.0000000	0.0000000	0.0000000	0.0000000	0.0000000	0.0000000	0.0000000	0.0000000	0.0000000	0.0000000	0.0000000	0.0000000	0.0000000	0.0000000	0.0000000	0.0000000	0.0000000	0.0000000	6.3262098e-09	1.0702495e-06	8.8441070e-05	0.0036119234	0.072710730	0.71165925	3.5522802	10.764401	24.137165	45.424684	76.446620	118.36456	169.58516	223.85567	259.53184	269.57022	249.82696	201.62305	137.30364	75.891107	32.726394	9.8093108	2.1403716	0.41329821	0.076353126	0.013531830	0.0024059669	0.00043968315	8.3264125e-05	1.6374313e-05	3.3316631e-06	6.4984903e-08	0.0000000	0.0000000	0.0000000	0.0000000	0.0000000	0.0000000	0.0000000	0.0000000
16.3360	0.0000000	0.0000000	0.0000000	0.0000000	0.0000000	0.0000000	0.0000000	0.0000000	0.0000000	0.0000000	0.0000000	0.0000000	0.0000000	0.0000000	0.0000000	0.0000000	0.0000000	0.0000000	0.0000000	0.0000000	0.0000000	0.0000000	0.0000000	0.0000000	0.0000000	0.0000000	0.0000000	0.0000000	0.0000000	0.0000000	0.0000000	0.0000000	0.0000000	0.0000000	0.0000000	0.0000000	0.0000000	0.0000000	0.0000000	0.0000000	0.0000000	7.4821453e-08	8.5309994e-06	0.00049750783	0.014932569	0.22870949	1.7498294	6.7310501	15.817154	27.456733	39.687517	51.130943	62.417442	73.349505	81.102368	91.540066	97.018934	84.408615	61.559235	38.104662	19.247865	7.6237038	2.3049392	0.53758342	0.097852382	0.015929737	0.0025054299	0.00040082854	6.7028897e-05	1.1807132e-05	2.1929507e-06	4.2718736e-07	8.0707037e-09	0.0000000	0.0000000	0.0000000	0.0000000	0.0000000	0.0000000	0.0000000	0.0000000
13.8900	0.0000000	0.0000000	0.0000000	0.0000000	0.0000000	0.0000000	0.0000000	0.0000000	0.0000000	0.0000000	0.0000000	0.0000000	0.0000000	0.0000000	0.0000000	0.0000000	0.0000000	0.0000000	0.0000000	0.0000000	0.0000000	0.0000000	0.0000000	0.0000000	0.0000000	0.0000000	0.0000000	0.0000000	0.0000000	0.0000000	0.0000000	0.0000000	0.0000000	0.0000000	0.0000000	0.0000000	0.0000000	0.0000000	0.0000000	0.0000000	0.0000000	2.3486452e-08	3.0485815e-06	0.00020096215	0.0067784079	0.11604018	0.98732540	4.3398828	11.611452	22.907848	37.678614	54.943463	73.134158	90.049012	102.91306	108.66200	104.79779	90.648348	68.524705	43.805577	22.773134	9.2554324	2.8648426	0.68454806	0.13463044	0.023755669	0.0040418516	0.00069390139	0.00012320528	2.2816760e-05	4.4174768e-06	8.9094457e-07	1.7338338e-08	0.0000000	0.0000000	0.0000000	0.0000000	0.0000000	0.0000000	0.0000000	0.0000000
16.0040	0.0000000	0.0000000	0.0000000	0.0000000	0.0000000	0.0000000	0.0000000	0.0000000	0.0000000	0.0000000	0.0000000	0.0000000	0.0000000	0.0000000	0.0000000	0.0000000	0.0000000	0.0000000	0.0000000	0.0000000	0.0000000	0.0000000	0.0000000	0.0000000	0.0000000	0.0000000	0.0000000	0.0000000	0.0000000	0.0000000	0.0000000	0.0000000	0.0000000	0.0000000	0.0000000	0.0000000	0.0000000	0.0000000	0.0000000	0.0000000	0.0000000	4.3116983e-08	5.0731472e-06	0.00030420413	0.0093426642	0.14570908	1.1319596	4.5697617	11.350300	21.025794	32.788560	45.684986	58.425807	69.341245	76.521374	78.188592	73.190055	61.671523	45.610750	28.660688	14.703425	5.9145407	1.8155887	0.43077310	0.084161534	0.014747418	0.0024896132	0.00042350623	7.4361654e-05	1.3582626e-05	2.5846983e-06	5.1016618e-07	9.6693095e-09	0.0000000	0.0000000	0.0000000	0.0000000	0.0000000	0.0000000	0.0000000	0.0000000
10.7700	0.0000000	0.0000000	0.0000000	0.0000000	0.0000000	0.0000000	0.0000000	0.0000000	0.0000000	0.0000000	0.0000000	0.0000000	0.0000000	0.0000000	0.0000000	0.0000000	0.0000000	0.0000000	0.0000000	0.0000000	0.0000000	0.0000000	0.0000000	0.0000000	0.0000000	0.0000000	0.0000000	0.0000000	0.0000000	0.0000000	0.0000000	0.0000000	0.0000000	0.0000000	0.0000000	0.0000000	0.0000000	0.0000000	0.0000000	0.0000000	0.0000000	2.7228520e-09	4.8944226e-07	4.3070174e-05	0.0018746574	0.040171365	0.41688458	2.1901281	6.9055057	15.873299	30.113793	50.182789	75.653988	104.52618	132.79929	154.61488	163.30775	153.86512	126.19717	87.298169	48.997011	21.451309	7.1354138	1.8270064	0.38369669	0.071962475	0.012935228	0.0023288263	0.00042995972	8.2020010e-05	1.6190142e-05	3.2925135e-06	6.3864341e-08	0.0000000	0.0000000	0.0000000	0.0000000	0.0000000	0.0000000	0.0000000	0.0000000
10.6570	0.0000000	0.0000000	0.0000000	0.0000000	0.0000000	0.0000000	0.0000000	0.0000000	0.0000000	0.0000000	0.0000000	0.0000000	0.0000000	0.0000000	0.0000000	0.0000000	0.0000000	0.0000000	0.0000000	0.0000000	0.0000000	0.0000000	0.0000000	0.0000000	0.0000000	0.0000000	0.0000000	0.0000000	0.0000000	0.0000000	0.0000000	0.0000000	0.0000000	0.0000000	0.0000000	0.0000000	0.0000000	0.0000000	0.0000000	0.0000000	0.0000000	1.7756384e-09	3.2338057e-07	2.8736076e-05	0.0012592996	0.027095266	0.28161799	1.4788147	4.6555817	10.681256	20.221738	33.625410	50.573335	69.676859	88.201780	102.22170	107.35467	100.45065	81.723854	56.016230	31.116022	13.465326	4.4211740	1.1158295	0.23068741	0.042570896	0.0075347815	0.0013381626	0.00024437201	4.6270884e-05	9.1036536e-06	1.8542530e-06	3.6220707e-08	0.0000000	0.0000000	0.0000000	0.0000000	0.0000000	0.0000000	0.0000000	0.0000000
12.6800	0.0000000	0.0000000	0.0000000	0.0000000	0.0000000	0.0000000	0.0000000	0.0000000	0.0000000	0.0000000	0.0000000	0.0000000	0.0000000	0.0000000	0.0000000	0.0000000	0.0000000	0.0000000	0.0000000	0.0000000	0.0000000	0.0000000	0.0000000	0.0000000	0.0000000	0.0000000	0.0000000	0.0000000	0.0000000	0.0000000	0.0000000	0.0000000	0.0000000	0.0000000	0.0000000	0.0000000	0.0000000	0.0000000	0.0000000	0.0000000	0.0000000	7.0662461e-09	9.1618269e-07	6.4578631e-05	0.0023161415	0.046704317	0.50209403	2.2920511	6.2718613	12.568961	20.896347	30.719330	41.233231	51.301062	59.297494	63.361192	57.777430	46.782632	33.219305	20.147434	10.437395	4.3046649	1.3533578	0.32858991	0.065631598	0.011743537	0.0020213906	0.00034997999	6.2431582e-05	1.1565639e-05	2.2291363e-06	4.4528548e-07	8.5413087e-09	0.0000000	0.0000000	0.0000000	0.0000000	0.0000000	0.0000000	0.0000000	0.0000000
11.0230	0.0000000	0.0000000	0.0000000	0.0000000	0.0000000	0.0000000	0.0000000	0.0000000	0.0000000	0.0000000	0.0000000	0.0000000	0.0000000	0.0000000	0.0000000	0.0000000	0.0000000	0.0000000	0.0000000	0.0000000	0.0000000	0.0000000	0.0000000	0.0000000	0.0000000	0.0000000	0.0000000	0.0000000	0.0000000	0.0000000	0.0000000	0.0000000	0.0000000	0.0000000	0.0000000	0.0000000	0.0000000	0.0000000	0.0000000	0.0000000	0.0000000	1.3336149e-09	2.4465728e-07	2.1477453e-05	0.00092915389	0.019720794	0.20202524	1.0457439	3.2500310	7.3841810	13.908104	23.111711	34.858402	48.277497	61.513398	71.788221	75.970956	71.717083	58.959408	40.915004	23.059666	9.7683477	3.0804707	0.73711201	0.14214861	0.025321502	0.0045457618	0.00081766733	0.00015115141	2.8983574e-05	5.7811293e-06	1.1954915e-06	2.3746638e-08	0.0000000	0.0000000	0.0000000	0.0000000	0.0000000	0.0000000	0.0000000	0.0000000
10.1150	0.0000000	0.0000000	0.0000000	0.0000000	0.0000000	0.0000000	0.0000000	0.0000000	0.0000000	0.0000000	0.0000000	0.0000000	0.0000000	0.0000000	0.0000000	0.0000000	0.0000000	0.0000000	0.0000000	0.0000000	0.0000000	0.0000000	0.0000000	0.0000000	0.0000000	0.0000000	0.0000000	0.0000000	0.0000000	0.0000000	0.0000000	0.0000000	0.0000000	0.0000000	0.0000000	0.0000000	0.0000000	0.0000000	0.0000000	0.0000000	0.0000000	1.7879339e-10	3.5085904e-08	3.3438165e-06	0.00015655216	0.0035876241	0.039620416	0.22052815	0.73355442	1.7705086	3.5096801	6.0842299	9.5040730	13.558037	17.730336	21.189178	22.896564	21.982701	18.296097	12.790044	7.2258126	3.1751810	1.0580734	0.27111363	0.056961191	0.010697248	0.0019290186	0.00034924342	6.5024002e-05	1.2551098e-05	2.5169195e-06	5.2248026e-07	1.0402962e-08	0.0000000	0.0000000	0.0000000	0.0000000	0.0000000	0.0000000	0.0000000	0.0000000
