# DO NOT EDIT: written Thu Mar 14 18:48:37 2019 by wrt_emiss_fe17.pro
# faked emissivities [1e-23 ergs cm^3/s] for Fe17 lines from Del Zanna 2011, A&A 536, A59
# emissivities include ion balance, but not abundance, and are spline and ion balance jittered off of emiss_Fe17_00000.txt
# line 6 -- SEED, LOGT
# lines 7+ -- WVL, EMISSIVITY
      809490	4.00	4.05	4.10	4.15	4.20	4.25	4.30	4.35	4.40	4.45	4.50	4.55	4.60	4.65	4.70	4.75	4.80	4.85	4.90	4.95	5.00	5.05	5.10	5.15	5.20	5.25	5.30	5.35	5.40	5.45	5.50	5.55	5.60	5.65	5.70	5.75	5.80	5.85	5.90	5.95	6.00	6.05	6.10	6.15	6.20	6.25	6.30	6.35	6.40	6.45	6.50	6.55	6.60	6.65	6.70	6.75	6.80	6.85	6.90	6.95	7.00	7.05	7.10	7.15	7.20	7.25	7.30	7.35	7.40	7.45	7.50	7.55	7.60	7.65	7.70	7.75	7.80	7.85	7.90	7.95	8.00
15.0130	0.0000000	0.0000000	0.0000000	0.0000000	0.0000000	0.0000000	0.0000000	0.0000000	0.0000000	0.0000000	0.0000000	0.0000000	0.0000000	0.0000000	0.0000000	0.0000000	0.0000000	0.0000000	0.0000000	0.0000000	0.0000000	0.0000000	0.0000000	0.0000000	0.0000000	0.0000000	0.0000000	0.0000000	0.0000000	0.0000000	0.0000000	0.0000000	0.0000000	0.0000000	0.0000000	0.0000000	0.0000000	0.0000000	0.0000000	0.0000000	6.6277315e-08	1.0751020e-05	0.00083768682	0.034915005	0.79266037	9.8591464	67.404816	262.29401	660.74663	1269.0669	2071.0004	3030.8367	4076.0111	5084.6193	5886.4389	6289.2240	6128.7385	5348.5553	4074.8856	2623.3331	1371.5525	559.35894	173.17744	41.253570	8.0897655	1.4295630	0.24466981	0.042337597	0.0075724251	0.0014089890	0.00027325685	5.3620024e-05	0.0000000	0.0000000	0.0000000	0.0000000	0.0000000	0.0000000	0.0000000	0.0000000	0.0000000
17.0510	0.0000000	0.0000000	0.0000000	0.0000000	0.0000000	0.0000000	0.0000000	0.0000000	0.0000000	0.0000000	0.0000000	0.0000000	0.0000000	0.0000000	0.0000000	0.0000000	0.0000000	0.0000000	0.0000000	0.0000000	0.0000000	0.0000000	0.0000000	0.0000000	0.0000000	0.0000000	0.0000000	0.0000000	0.0000000	0.0000000	0.0000000	0.0000000	0.0000000	0.0000000	0.0000000	0.0000000	0.0000000	0.0000000	0.0000000	0.0000000	1.4479717e-07	2.0704042e-05	0.0014428967	0.054412352	1.1269501	12.870080	81.203117	292.93136	686.92982	1232.8974	1886.7144	2597.1180	3293.7921	3883.5674	4257.9026	4316.4864	3998.8912	3324.0863	2416.6115	1487.2890	744.90495	291.73393	86.997567	20.042068	3.8178021	0.65768832	0.10998793	0.018615179	0.0032577097	0.00059310677	0.00011247330	2.1547075e-05	0.0000000	0.0000000	0.0000000	0.0000000	0.0000000	0.0000000	0.0000000	0.0000000	0.0000000
17.0960	0.0000000	0.0000000	0.0000000	0.0000000	0.0000000	0.0000000	0.0000000	0.0000000	0.0000000	0.0000000	0.0000000	0.0000000	0.0000000	0.0000000	0.0000000	0.0000000	0.0000000	0.0000000	0.0000000	0.0000000	0.0000000	0.0000000	0.0000000	0.0000000	0.0000000	0.0000000	0.0000000	0.0000000	0.0000000	0.0000000	0.0000000	0.0000000	0.0000000	0.0000000	0.0000000	0.0000000	0.0000000	0.0000000	0.0000000	0.0000000	1.4385039e-07	2.0306815e-05	0.0013957846	0.051949832	1.0642571	12.044552	75.376783	269.61904	626.22868	1111.4436	1678.9585	2277.8345	2843.1608	3294.9275	3547.0417	3527.5157	3203.1607	2607.7174	1854.9053	1115.5952	545.18363	207.95898	60.290498	13.480390	2.4886032	0.41499814	0.067132636	0.010985735	0.0018583177	0.00032696147	5.9911059e-05	1.1088890e-05	0.0000000	0.0000000	0.0000000	0.0000000	0.0000000	0.0000000	0.0000000	0.0000000	0.0000000
16.7760	0.0000000	0.0000000	0.0000000	0.0000000	0.0000000	0.0000000	0.0000000	0.0000000	0.0000000	0.0000000	0.0000000	0.0000000	0.0000000	0.0000000	0.0000000	0.0000000	0.0000000	0.0000000	0.0000000	0.0000000	0.0000000	0.0000000	0.0000000	0.0000000	0.0000000	0.0000000	0.0000000	0.0000000	0.0000000	0.0000000	0.0000000	0.0000000	0.0000000	0.0000000	0.0000000	0.0000000	0.0000000	0.0000000	0.0000000	0.0000000	1.1590636e-07	1.6584420e-05	0.0011509670	0.043100619	0.88627418	10.058117	63.142583	226.93527	530.76009	950.50864	1451.1450	1991.2767	2513.0024	2942.8457	3200.5168	3215.8817	2951.9064	2431.5651	1752.7660	1070.4557	532.50338	207.32316	61.515107	14.112282	2.6793168	0.46048506	0.076916649	0.013019170	0.0022817871	0.00041666819	7.9377597e-05	1.5303163e-05	0.0000000	0.0000000	0.0000000	0.0000000	0.0000000	0.0000000	0.0000000	0.0000000	0.0000000
15.2620	0.0000000	0.0000000	0.0000000	0.0000000	0.0000000	0.0000000	0.0000000	0.0000000	0.0000000	0.0000000	0.0000000	0.0000000	0.0000000	0.0000000	0.0000000	0.0000000	0.0000000	0.0000000	0.0000000	0.0000000	0.0000000	0.0000000	0.0000000	0.0000000	0.0000000	0.0000000	0.0000000	0.0000000	0.0000000	0.0000000	0.0000000	0.0000000	0.0000000	0.0000000	0.0000000	0.0000000	0.0000000	0.0000000	0.0000000	0.0000000	2.1280739e-08	3.3972740e-06	0.00026114795	0.010756087	0.24145743	2.9678761	20.021403	76.759621	190.26466	359.22735	576.07305	828.81084	1096.6926	1347.5254	1538.6934	1624.1810	1566.7257	1356.5308	1028.0237	660.23870	345.49402	141.54479	44.202830	10.670528	2.1304071	0.38468753	0.067414741	0.011943405	0.0021836963	0.00041426369	8.1609827e-05	1.6190612e-05	0.0000000	0.0000000	0.0000000	0.0000000	0.0000000	0.0000000	0.0000000	0.0000000	0.0000000
12.1240	0.0000000	0.0000000	0.0000000	0.0000000	0.0000000	0.0000000	0.0000000	0.0000000	0.0000000	0.0000000	0.0000000	0.0000000	0.0000000	0.0000000	0.0000000	0.0000000	0.0000000	0.0000000	0.0000000	0.0000000	0.0000000	0.0000000	0.0000000	0.0000000	0.0000000	0.0000000	0.0000000	0.0000000	0.0000000	0.0000000	0.0000000	0.0000000	0.0000000	0.0000000	0.0000000	0.0000000	0.0000000	0.0000000	0.0000000	0.0000000	1.2946838e-09	2.6513158e-07	2.5362298e-05	0.0012658302	0.033652921	0.48052409	3.7064625	16.040831	44.419778	92.856738	163.53148	256.35657	366.84038	483.97130	589.50884	659.94868	671.69102	610.77334	484.01360	323.72408	175.71070	74.377512	23.910277	5.9224099	1.2096073	0.22274281	0.039690176	0.0071342723	0.0013217393	0.00025396245	5.0678027e-05	1.0189009e-05	0.0000000	0.0000000	0.0000000	0.0000000	0.0000000	0.0000000	0.0000000	0.0000000	0.0000000
12.2640	0.0000000	0.0000000	0.0000000	0.0000000	0.0000000	0.0000000	0.0000000	0.0000000	0.0000000	0.0000000	0.0000000	0.0000000	0.0000000	0.0000000	0.0000000	0.0000000	0.0000000	0.0000000	0.0000000	0.0000000	0.0000000	0.0000000	0.0000000	0.0000000	0.0000000	0.0000000	0.0000000	0.0000000	0.0000000	0.0000000	0.0000000	0.0000000	0.0000000	0.0000000	0.0000000	0.0000000	0.0000000	0.0000000	0.0000000	0.0000000	1.3847620e-09	2.8407440e-07	2.7308480e-05	0.0013732290	0.036848879	0.53146746	4.1384035	18.040722	50.147763	104.83114	183.93189	286.30731	405.66752	528.67763	634.53706	697.94552	695.84669	618.03898	477.15291	310.30672	163.57592	67.216510	20.981821	5.0510328	1.0041057	0.18029990	0.031399786	0.0055301886	0.0010064191	0.00019043321	3.7517791e-05	7.4665394e-06	0.0000000	0.0000000	0.0000000	0.0000000	0.0000000	0.0000000	0.0000000	0.0000000	0.0000000
13.8250	0.0000000	0.0000000	0.0000000	0.0000000	0.0000000	0.0000000	0.0000000	0.0000000	0.0000000	0.0000000	0.0000000	0.0000000	0.0000000	0.0000000	0.0000000	0.0000000	0.0000000	0.0000000	0.0000000	0.0000000	0.0000000	0.0000000	0.0000000	0.0000000	0.0000000	0.0000000	0.0000000	0.0000000	0.0000000	0.0000000	0.0000000	0.0000000	0.0000000	0.0000000	0.0000000	0.0000000	0.0000000	0.0000000	0.0000000	0.0000000	2.6363222e-09	4.5658230e-07	3.7853246e-05	0.0016745886	0.040329274	0.53277575	3.8680162	15.938021	42.261017	84.891130	144.12280	218.56179	303.82745	391.39266	467.91794	516.18404	519.04431	466.79672	365.78068	241.68269	129.50404	54.105892	17.171612	4.2015265	0.84859093	0.15477526	0.027365526	0.0048896674	0.00090199299	0.00017280478	3.4419422e-05	6.9125689e-06	0.0000000	0.0000000	0.0000000	0.0000000	0.0000000	0.0000000	0.0000000	0.0000000	0.0000000
15.4530	0.0000000	0.0000000	0.0000000	0.0000000	0.0000000	0.0000000	0.0000000	0.0000000	0.0000000	0.0000000	0.0000000	0.0000000	0.0000000	0.0000000	0.0000000	0.0000000	0.0000000	0.0000000	0.0000000	0.0000000	0.0000000	0.0000000	0.0000000	0.0000000	0.0000000	0.0000000	0.0000000	0.0000000	0.0000000	0.0000000	0.0000000	0.0000000	0.0000000	0.0000000	0.0000000	0.0000000	0.0000000	0.0000000	0.0000000	0.0000000	7.1463445e-09	1.0967288e-06	8.1081461e-05	0.0032128295	0.069409206	0.82140960	5.3373175	19.708781	47.022388	85.351870	131.35845	180.96278	228.70071	267.60604	290.06073	289.67392	263.50255	214.45181	152.26698	91.339008	44.520385	16.949829	4.9099454	1.0983268	0.20314654	0.033991742	0.0055252022	0.00090981420	0.00015509800	2.7543137e-05	5.1016596e-06	9.5591218e-07	0.0000000	0.0000000	0.0000000	0.0000000	0.0000000	0.0000000	0.0000000	0.0000000	0.0000000
11.2500	0.0000000	0.0000000	0.0000000	0.0000000	0.0000000	0.0000000	0.0000000	0.0000000	0.0000000	0.0000000	0.0000000	0.0000000	0.0000000	0.0000000	0.0000000	0.0000000	0.0000000	0.0000000	0.0000000	0.0000000	0.0000000	0.0000000	0.0000000	0.0000000	0.0000000	0.0000000	0.0000000	0.0000000	0.0000000	0.0000000	0.0000000	0.0000000	0.0000000	0.0000000	0.0000000	0.0000000	0.0000000	0.0000000	0.0000000	0.0000000	2.6255519e-10	6.0643564e-08	6.4471900e-06	0.00035284265	0.010159618	0.15530670	1.2684207	5.7505256	16.514190	35.472006	63.645842	100.88161	144.98794	190.98357	231.00354	258.96318	266.12342	243.52627	193.62974	129.60136	70.242470	29.635515	9.4812775	2.3343145	0.47348665	0.086542045	0.015298797	0.0027270712	0.00050086442	9.5380266e-05	1.8860112e-05	3.7569651e-06	0.0000000	0.0000000	0.0000000	0.0000000	0.0000000	0.0000000	0.0000000	0.0000000	0.0000000
11.1290	0.0000000	0.0000000	0.0000000	0.0000000	0.0000000	0.0000000	0.0000000	0.0000000	0.0000000	0.0000000	0.0000000	0.0000000	0.0000000	0.0000000	0.0000000	0.0000000	0.0000000	0.0000000	0.0000000	0.0000000	0.0000000	0.0000000	0.0000000	0.0000000	0.0000000	0.0000000	0.0000000	0.0000000	0.0000000	0.0000000	0.0000000	0.0000000	0.0000000	0.0000000	0.0000000	0.0000000	0.0000000	0.0000000	0.0000000	0.0000000	1.6744578e-10	3.8604940e-08	4.1120546e-06	0.00022632462	0.0065787420	0.10191611	0.84680157	3.9206239	11.541759	25.513244	47.305265	77.820856	116.60691	160.74239	201.52270	228.16158	231.71782	208.23674	162.16342	106.41909	56.710485	23.591660	7.4626632	1.8214846	0.36721467	0.066869516	0.011802956	0.0021047794	0.00038739672	7.4042137e-05	1.4713731e-05	2.9489457e-06	0.0000000	0.0000000	0.0000000	0.0000000	0.0000000	0.0000000	0.0000000	0.0000000	0.0000000
16.3360	0.0000000	0.0000000	0.0000000	0.0000000	0.0000000	0.0000000	0.0000000	0.0000000	0.0000000	0.0000000	0.0000000	0.0000000	0.0000000	0.0000000	0.0000000	0.0000000	0.0000000	0.0000000	0.0000000	0.0000000	0.0000000	0.0000000	0.0000000	0.0000000	0.0000000	0.0000000	0.0000000	0.0000000	0.0000000	0.0000000	0.0000000	0.0000000	0.0000000	0.0000000	0.0000000	0.0000000	0.0000000	0.0000000	0.0000000	0.0000000	3.0486587e-09	4.4368812e-07	3.1274723e-05	0.0011875146	0.024730457	0.28388721	1.7989504	6.5086607	15.277415	27.367619	41.688124	56.999152	71.687495	83.736862	90.915520	91.263091	83.733743	68.956755	49.683479	30.323592	15.076352	5.8683482	1.7414180	0.39969063	0.075938991	0.013061008	0.0021829363	0.00036959363	6.4756107e-05	1.1809952e-05	2.2438968e-06	4.3063817e-07	0.0000000	0.0000000	0.0000000	0.0000000	0.0000000	0.0000000	0.0000000	0.0000000	0.0000000
13.8900	0.0000000	0.0000000	0.0000000	0.0000000	0.0000000	0.0000000	0.0000000	0.0000000	0.0000000	0.0000000	0.0000000	0.0000000	0.0000000	0.0000000	0.0000000	0.0000000	0.0000000	0.0000000	0.0000000	0.0000000	0.0000000	0.0000000	0.0000000	0.0000000	0.0000000	0.0000000	0.0000000	0.0000000	0.0000000	0.0000000	0.0000000	0.0000000	0.0000000	0.0000000	0.0000000	0.0000000	0.0000000	0.0000000	0.0000000	0.0000000	9.9999614e-10	1.6623202e-07	1.3244148e-05	0.00056440422	0.013113248	0.16698243	1.1665652	4.6130946	11.690648	22.341268	35.932644	51.439113	67.320606	81.528561	91.615925	95.036787	89.938526	76.219280	56.357487	35.182946	17.837681	7.0751859	2.1542493	0.50634873	0.098380648	0.017287161	0.0029494998	0.00050948620	9.1037561e-05	1.6929637e-05	3.2802937e-06	6.4227927e-07	0.0000000	0.0000000	0.0000000	0.0000000	0.0000000	0.0000000	0.0000000	0.0000000	0.0000000
16.0040	0.0000000	0.0000000	0.0000000	0.0000000	0.0000000	0.0000000	0.0000000	0.0000000	0.0000000	0.0000000	0.0000000	0.0000000	0.0000000	0.0000000	0.0000000	0.0000000	0.0000000	0.0000000	0.0000000	0.0000000	0.0000000	0.0000000	0.0000000	0.0000000	0.0000000	0.0000000	0.0000000	0.0000000	0.0000000	0.0000000	0.0000000	0.0000000	0.0000000	0.0000000	0.0000000	0.0000000	0.0000000	0.0000000	0.0000000	0.0000000	1.8448471e-09	2.7870992e-07	2.0363105e-05	0.00079903462	0.017122591	0.20137452	1.3033013	4.8068862	11.492391	20.966029	32.510888	45.217218	57.793348	68.534459	75.487491	76.847551	71.495822	59.699206	43.608901	26.975692	13.582806	5.3488865	1.6042899	0.37196588	0.071381832	0.012403216	0.0020943736	0.00035704536	6.2472726e-05	1.1226744e-05	2.0705292e-06	3.8269885e-07	0.0000000	0.0000000	0.0000000	0.0000000	0.0000000	0.0000000	0.0000000	0.0000000	0.0000000
10.7700	0.0000000	0.0000000	0.0000000	0.0000000	0.0000000	0.0000000	0.0000000	0.0000000	0.0000000	0.0000000	0.0000000	0.0000000	0.0000000	0.0000000	0.0000000	0.0000000	0.0000000	0.0000000	0.0000000	0.0000000	0.0000000	0.0000000	0.0000000	0.0000000	0.0000000	0.0000000	0.0000000	0.0000000	0.0000000	0.0000000	0.0000000	0.0000000	0.0000000	0.0000000	0.0000000	0.0000000	0.0000000	0.0000000	0.0000000	0.0000000	8.6735751e-11	2.1137864e-08	2.3744534e-06	0.00013755318	0.0042001730	0.068191798	0.59189327	2.8497388	8.6681049	19.647370	37.081603	61.690768	92.934408	128.24405	162.51486	188.33995	197.48388	184.12310	147.59301	99.463707	54.215238	22.982856	7.3827579	1.8240448	0.37114055	0.068034870	0.012060076	0.0021551068	0.00039668769	7.5685582e-05	1.4989746e-05	2.9898942e-06	0.0000000	0.0000000	0.0000000	0.0000000	0.0000000	0.0000000	0.0000000	0.0000000	0.0000000
10.6570	0.0000000	0.0000000	0.0000000	0.0000000	0.0000000	0.0000000	0.0000000	0.0000000	0.0000000	0.0000000	0.0000000	0.0000000	0.0000000	0.0000000	0.0000000	0.0000000	0.0000000	0.0000000	0.0000000	0.0000000	0.0000000	0.0000000	0.0000000	0.0000000	0.0000000	0.0000000	0.0000000	0.0000000	0.0000000	0.0000000	0.0000000	0.0000000	0.0000000	0.0000000	0.0000000	0.0000000	0.0000000	0.0000000	0.0000000	0.0000000	4.3963362e-11	1.0718871e-08	1.2011372e-06	6.9241963e-05	0.0020998917	0.033807822	0.29064167	1.3852241	4.1732562	9.3819337	17.588306	29.101470	43.651342	60.035454	75.880673	87.773148	91.920964	85.654792	69.293086	47.149830	25.955809	11.111863	3.6035661	0.89835922	0.18431052	0.034044790	0.0060791334	0.0010942284	0.00020288691	3.8993498e-05	7.7785751e-06	1.5622566e-06	0.0000000	0.0000000	0.0000000	0.0000000	0.0000000	0.0000000	0.0000000	0.0000000	0.0000000
12.6800	0.0000000	0.0000000	0.0000000	0.0000000	0.0000000	0.0000000	0.0000000	0.0000000	0.0000000	0.0000000	0.0000000	0.0000000	0.0000000	0.0000000	0.0000000	0.0000000	0.0000000	0.0000000	0.0000000	0.0000000	0.0000000	0.0000000	0.0000000	0.0000000	0.0000000	0.0000000	0.0000000	0.0000000	0.0000000	0.0000000	0.0000000	0.0000000	0.0000000	0.0000000	0.0000000	0.0000000	0.0000000	0.0000000	0.0000000	0.0000000	2.5709673e-10	4.7008162e-08	4.0919174e-06	0.00018959988	0.0047698248	0.065439039	0.48881417	2.0436457	5.4286977	10.815220	18.062762	26.798616	36.371176	45.775472	53.497157	57.722656	56.790356	49.966017	38.291161	24.755554	12.847114	5.1831579	1.5909390	0.37708231	0.073867658	0.013077158	0.0022454656	0.00038980854	6.9891076e-05	1.3020342e-05	2.5232317e-06	4.9341075e-07	0.0000000	0.0000000	0.0000000	0.0000000	0.0000000	0.0000000	0.0000000	0.0000000	0.0000000
11.0230	0.0000000	0.0000000	0.0000000	0.0000000	0.0000000	0.0000000	0.0000000	0.0000000	0.0000000	0.0000000	0.0000000	0.0000000	0.0000000	0.0000000	0.0000000	0.0000000	0.0000000	0.0000000	0.0000000	0.0000000	0.0000000	0.0000000	0.0000000	0.0000000	0.0000000	0.0000000	0.0000000	0.0000000	0.0000000	0.0000000	0.0000000	0.0000000	0.0000000	0.0000000	0.0000000	0.0000000	0.0000000	0.0000000	0.0000000	0.0000000	3.6652743e-11	8.6756776e-09	9.5449867e-07	5.4435368e-05	0.0016374129	0.026103335	0.22181988	1.0442098	3.1089651	6.9227672	12.902183	21.298351	31.953035	44.017932	55.742859	64.563506	67.676963	63.128202	51.144356	34.877320	19.263514	8.2812186	2.6971920	0.67495286	0.13884704	0.025676894	0.0045820943	0.00082291035	0.00015217918	2.9198961e-05	5.8264068e-06	1.1736737e-06	0.0000000	0.0000000	0.0000000	0.0000000	0.0000000	0.0000000	0.0000000	0.0000000	0.0000000
10.1150	0.0000000	0.0000000	0.0000000	0.0000000	0.0000000	0.0000000	0.0000000	0.0000000	0.0000000	0.0000000	0.0000000	0.0000000	0.0000000	0.0000000	0.0000000	0.0000000	0.0000000	0.0000000	0.0000000	0.0000000	0.0000000	0.0000000	0.0000000	0.0000000	0.0000000	0.0000000	0.0000000	0.0000000	0.0000000	0.0000000	0.0000000	0.0000000	0.0000000	0.0000000	0.0000000	0.0000000	0.0000000	0.0000000	0.0000000	0.0000000	4.6929513e-12	1.2477408e-09	1.5129998e-07	9.3746068e-06	0.00030372066	0.0051956202	0.047229013	0.23687322	0.74700492	1.7470761	3.3860217	5.7592185	8.8371221	12.386251	15.914334	18.683300	19.829785	18.698117	15.279762	10.481579	5.8074243	2.5013573	0.81679939	0.20539588	0.042611394	0.0079820630	0.0014489504	0.00026557778	5.0200480e-05	9.8442919e-06	2.0051543e-06	4.1151138e-07	0.0000000	0.0000000	0.0000000	0.0000000	0.0000000	0.0000000	0.0000000	0.0000000	0.0000000
