# DO NOT EDIT: written Thu Mar 14 18:48:37 2019 by wrt_emiss_fe17.pro
# faked emissivities [1e-23 ergs cm^3/s] for Fe17 lines from Del Zanna 2011, A&A 536, A59
# emissivities include ion balance, but not abundance, and are spline and ion balance jittered off of emiss_Fe17_00000.txt
# line 6 -- SEED, LOGT
# lines 7+ -- WVL, EMISSIVITY
      486345	4.00	4.05	4.10	4.15	4.20	4.25	4.30	4.35	4.40	4.45	4.50	4.55	4.60	4.65	4.70	4.75	4.80	4.85	4.90	4.95	5.00	5.05	5.10	5.15	5.20	5.25	5.30	5.35	5.40	5.45	5.50	5.55	5.60	5.65	5.70	5.75	5.80	5.85	5.90	5.95	6.00	6.05	6.10	6.15	6.20	6.25	6.30	6.35	6.40	6.45	6.50	6.55	6.60	6.65	6.70	6.75	6.80	6.85	6.90	6.95	7.00	7.05	7.10	7.15	7.20	7.25	7.30	7.35	7.40	7.45	7.50	7.55	7.60	7.65	7.70	7.75	7.80	7.85	7.90	7.95	8.00
15.0130	0.0000000	0.0000000	0.0000000	0.0000000	0.0000000	0.0000000	0.0000000	0.0000000	0.0000000	0.0000000	0.0000000	0.0000000	0.0000000	0.0000000	0.0000000	0.0000000	0.0000000	0.0000000	0.0000000	0.0000000	0.0000000	0.0000000	0.0000000	0.0000000	0.0000000	0.0000000	0.0000000	0.0000000	0.0000000	0.0000000	0.0000000	0.0000000	0.0000000	0.0000000	0.0000000	0.0000000	0.0000000	0.0000000	0.0000000	0.0000000	0.0000000	1.4913605e-06	0.00018842215	0.012104163	0.39779394	6.6346738	55.113904	237.86508	630.31922	1240.3622	2045.0314	2999.5414	4021.9095	4993.8096	5769.1392	6173.3094	6052.0622	5341.9176	4141.6496	2732.6035	1476.1969	627.97052	204.87124	51.768766	10.722530	1.9722488	0.34600837	0.060714413	0.010940200	0.0020442490	0.00039718507	8.0005804e-05	3.1748311e-06	0.0000000	0.0000000	0.0000000	0.0000000	0.0000000	0.0000000	0.0000000	0.0000000
17.0510	0.0000000	0.0000000	0.0000000	0.0000000	0.0000000	0.0000000	0.0000000	0.0000000	0.0000000	0.0000000	0.0000000	0.0000000	0.0000000	0.0000000	0.0000000	0.0000000	0.0000000	0.0000000	0.0000000	0.0000000	0.0000000	0.0000000	0.0000000	0.0000000	0.0000000	0.0000000	0.0000000	0.0000000	0.0000000	0.0000000	0.0000000	0.0000000	0.0000000	0.0000000	0.0000000	0.0000000	0.0000000	0.0000000	0.0000000	0.0000000	0.0000000	2.8695331e-06	0.00032253312	0.018612782	0.55351048	8.4052246	63.923446	254.01065	623.45557	1143.5828	1768.7552	2448.7940	3117.9131	3689.8284	4063.2609	4143.0808	3868.5542	3249.8520	2396.5454	1506.1713	778.31916	318.94357	101.17507	24.909700	4.9554326	0.85545675	0.13805110	0.021903270	0.0035439113	0.00063964311	0.00012031870	2.3507394e-05	9.0625550e-07	0.0000000	0.0000000	0.0000000	0.0000000	0.0000000	0.0000000	0.0000000	0.0000000
17.0960	0.0000000	0.0000000	0.0000000	0.0000000	0.0000000	0.0000000	0.0000000	0.0000000	0.0000000	0.0000000	0.0000000	0.0000000	0.0000000	0.0000000	0.0000000	0.0000000	0.0000000	0.0000000	0.0000000	0.0000000	0.0000000	0.0000000	0.0000000	0.0000000	0.0000000	0.0000000	0.0000000	0.0000000	0.0000000	0.0000000	0.0000000	0.0000000	0.0000000	0.0000000	0.0000000	0.0000000	0.0000000	0.0000000	0.0000000	0.0000000	0.0000000	2.8904020e-06	0.00031829576	0.018015485	0.52674018	7.8796955	59.084766	231.36720	558.80355	1006.5384	1525.4644	2065.7579	2568.7836	2965.3323	3182.6569	3161.2836	2874.6040	2351.5377	1687.8126	1029.4637	513.30819	201.22759	60.426223	14.050841	2.6799822	0.45464457	0.073738813	0.011997039	0.0020110332	0.00035083120	6.3863334e-05	1.2093028e-05	4.5270199e-07	0.0000000	0.0000000	0.0000000	0.0000000	0.0000000	0.0000000	0.0000000	0.0000000
16.7760	0.0000000	0.0000000	0.0000000	0.0000000	0.0000000	0.0000000	0.0000000	0.0000000	0.0000000	0.0000000	0.0000000	0.0000000	0.0000000	0.0000000	0.0000000	0.0000000	0.0000000	0.0000000	0.0000000	0.0000000	0.0000000	0.0000000	0.0000000	0.0000000	0.0000000	0.0000000	0.0000000	0.0000000	0.0000000	0.0000000	0.0000000	0.0000000	0.0000000	0.0000000	0.0000000	0.0000000	0.0000000	0.0000000	0.0000000	0.0000000	0.0000000	2.0524698e-06	0.00023240640	0.013486860	0.40358226	6.1763436	47.418778	190.51535	473.32733	879.11651	1376.3112	1926.7869	2475.6535	2950.1047	3266.0563	3344.1622	3133.0584	2640.1605	1953.3733	1229.9383	634.43948	257.99265	80.601370	19.559190	3.9054437	0.69578168	0.11873626	0.020299034	0.0035676416	0.00065087763	0.00012354027	2.4309381e-05	9.4193641e-07	0.0000000	0.0000000	0.0000000	0.0000000	0.0000000	0.0000000	0.0000000	0.0000000
15.2620	0.0000000	0.0000000	0.0000000	0.0000000	0.0000000	0.0000000	0.0000000	0.0000000	0.0000000	0.0000000	0.0000000	0.0000000	0.0000000	0.0000000	0.0000000	0.0000000	0.0000000	0.0000000	0.0000000	0.0000000	0.0000000	0.0000000	0.0000000	0.0000000	0.0000000	0.0000000	0.0000000	0.0000000	0.0000000	0.0000000	0.0000000	0.0000000	0.0000000	0.0000000	0.0000000	0.0000000	0.0000000	0.0000000	0.0000000	0.0000000	0.0000000	4.7077836e-07	5.9700781e-05	0.0038501675	0.12697794	2.1227340	17.643392	76.078813	201.22942	395.11485	647.95645	943.97792	1262.3517	1566.9332	1808.3981	1931.5890	1875.1858	1624.5193	1228.8731	785.78110	408.24260	165.73554	51.501647	12.407781	2.4543016	0.43650139	0.076210975	0.013314444	0.0023900517	0.00044521932	8.6309872e-05	1.7362628e-05	6.8877208e-07	0.0000000	0.0000000	0.0000000	0.0000000	0.0000000	0.0000000	0.0000000	0.0000000
12.1240	0.0000000	0.0000000	0.0000000	0.0000000	0.0000000	0.0000000	0.0000000	0.0000000	0.0000000	0.0000000	0.0000000	0.0000000	0.0000000	0.0000000	0.0000000	0.0000000	0.0000000	0.0000000	0.0000000	0.0000000	0.0000000	0.0000000	0.0000000	0.0000000	0.0000000	0.0000000	0.0000000	0.0000000	0.0000000	0.0000000	0.0000000	0.0000000	0.0000000	0.0000000	0.0000000	0.0000000	0.0000000	0.0000000	0.0000000	0.0000000	0.0000000	4.5626767e-08	6.6288635e-06	0.00047605934	0.017341859	0.32154093	2.9925424	14.556578	43.576070	96.636601	178.30536	289.67392	426.07273	574.45322	712.11169	809.05210	834.39598	768.53010	617.34983	419.32796	231.86946	100.44512	33.222069	8.4811045	1.7698463	0.32722145	0.057590322	0.010121320	0.0018243977	0.00034073143	6.6121387e-05	1.3293824e-05	5.2644935e-07	0.0000000	0.0000000	0.0000000	0.0000000	0.0000000	0.0000000	0.0000000	0.0000000
12.2640	0.0000000	0.0000000	0.0000000	0.0000000	0.0000000	0.0000000	0.0000000	0.0000000	0.0000000	0.0000000	0.0000000	0.0000000	0.0000000	0.0000000	0.0000000	0.0000000	0.0000000	0.0000000	0.0000000	0.0000000	0.0000000	0.0000000	0.0000000	0.0000000	0.0000000	0.0000000	0.0000000	0.0000000	0.0000000	0.0000000	0.0000000	0.0000000	0.0000000	0.0000000	0.0000000	0.0000000	0.0000000	0.0000000	0.0000000	0.0000000	0.0000000	3.7631095e-08	5.6045051e-06	0.00041742496	0.015748346	0.30038742	2.8484793	13.980255	41.874360	92.395738	169.16351	272.53386	397.40099	531.29786	653.23649	736.07937	752.69533	687.02713	546.52335	367.44434	201.09011	86.231649	28.245397	7.1456170	1.4787707	0.27130796	0.047412070	0.0082787757	0.0014836670	0.00027571357	5.3286544e-05	1.0681654e-05	4.2233210e-07	0.0000000	0.0000000	0.0000000	0.0000000	0.0000000	0.0000000	0.0000000	0.0000000
13.8250	0.0000000	0.0000000	0.0000000	0.0000000	0.0000000	0.0000000	0.0000000	0.0000000	0.0000000	0.0000000	0.0000000	0.0000000	0.0000000	0.0000000	0.0000000	0.0000000	0.0000000	0.0000000	0.0000000	0.0000000	0.0000000	0.0000000	0.0000000	0.0000000	0.0000000	0.0000000	0.0000000	0.0000000	0.0000000	0.0000000	0.0000000	0.0000000	0.0000000	0.0000000	0.0000000	0.0000000	0.0000000	0.0000000	0.0000000	0.0000000	0.0000000	6.1900787e-08	8.3206072e-06	0.00056912619	0.019953620	0.35563346	3.1577782	14.540913	40.932120	85.199701	148.17195	228.97516	323.65949	423.73332	515.04936	578.35100	593.08124	545.35138	438.33166	298.24529	165.36841	71.912964	23.906071	6.1415973	1.2915832	0.24104459	0.042887571	0.0076291469	0.0013929753	0.00026356860	5.1793950e-05	1.0532952e-05	4.2102539e-07	0.0000000	0.0000000	0.0000000	0.0000000	0.0000000	0.0000000	0.0000000	0.0000000
15.4530	0.0000000	0.0000000	0.0000000	0.0000000	0.0000000	0.0000000	0.0000000	0.0000000	0.0000000	0.0000000	0.0000000	0.0000000	0.0000000	0.0000000	0.0000000	0.0000000	0.0000000	0.0000000	0.0000000	0.0000000	0.0000000	0.0000000	0.0000000	0.0000000	0.0000000	0.0000000	0.0000000	0.0000000	0.0000000	0.0000000	0.0000000	0.0000000	0.0000000	0.0000000	0.0000000	0.0000000	0.0000000	0.0000000	0.0000000	0.0000000	0.0000000	1.5664018e-07	1.8920627e-05	0.0011612484	0.036424288	0.57894917	4.5747138	18.748702	47.105875	87.783518	136.95457	190.03127	241.07341	282.64281	306.68177	306.56564	279.41805	228.34413	163.32761	99.125055	49.155648	19.173375	5.7348043	1.3303111	0.25363053	0.043109694	0.0070233278	0.0011511027	0.00019501136	3.4504680e-05	6.3943875e-06	1.2373562e-06	4.7475494e-08	0.0000000	0.0000000	0.0000000	0.0000000	0.0000000	0.0000000	0.0000000	0.0000000
11.2500	0.0000000	0.0000000	0.0000000	0.0000000	0.0000000	0.0000000	0.0000000	0.0000000	0.0000000	0.0000000	0.0000000	0.0000000	0.0000000	0.0000000	0.0000000	0.0000000	0.0000000	0.0000000	0.0000000	0.0000000	0.0000000	0.0000000	0.0000000	0.0000000	0.0000000	0.0000000	0.0000000	0.0000000	0.0000000	0.0000000	0.0000000	0.0000000	0.0000000	0.0000000	0.0000000	0.0000000	0.0000000	0.0000000	0.0000000	0.0000000	0.0000000	8.4148073e-09	1.4507284e-06	0.00012262948	0.0051344032	0.10600803	1.0628320	5.4180715	16.657585	37.467239	69.726205	114.23505	169.61306	231.03557	289.47338	332.46927	346.62377	322.68834	261.91644	179.71094	100.35873	43.897960	14.657626	3.7768098	0.79541131	0.14840352	0.026349811	0.0046696699	0.00084821086	0.00015950081	3.1132019e-05	6.2875694e-06	2.4971062e-07	0.0000000	0.0000000	0.0000000	0.0000000	0.0000000	0.0000000	0.0000000	0.0000000
11.1290	0.0000000	0.0000000	0.0000000	0.0000000	0.0000000	0.0000000	0.0000000	0.0000000	0.0000000	0.0000000	0.0000000	0.0000000	0.0000000	0.0000000	0.0000000	0.0000000	0.0000000	0.0000000	0.0000000	0.0000000	0.0000000	0.0000000	0.0000000	0.0000000	0.0000000	0.0000000	0.0000000	0.0000000	0.0000000	0.0000000	0.0000000	0.0000000	0.0000000	0.0000000	0.0000000	0.0000000	0.0000000	0.0000000	0.0000000	0.0000000	0.0000000	5.9999920e-09	1.0400329e-06	8.8348853e-05	0.0037161259	0.077058101	0.77573370	3.9693838	12.244414	27.623737	51.554732	84.709686	126.17047	172.47483	216.98825	250.35569	262.29285	245.42873	200.24320	138.10752	77.521563	34.053592	11.360442	2.9257680	0.61615358	0.11501229	0.020440503	0.0036275916	0.00066017268	0.00012443623	2.4357920e-05	4.9362639e-06	1.9682529e-07	0.0000000	0.0000000	0.0000000	0.0000000	0.0000000	0.0000000	0.0000000	0.0000000
16.3360	0.0000000	0.0000000	0.0000000	0.0000000	0.0000000	0.0000000	0.0000000	0.0000000	0.0000000	0.0000000	0.0000000	0.0000000	0.0000000	0.0000000	0.0000000	0.0000000	0.0000000	0.0000000	0.0000000	0.0000000	0.0000000	0.0000000	0.0000000	0.0000000	0.0000000	0.0000000	0.0000000	0.0000000	0.0000000	0.0000000	0.0000000	0.0000000	0.0000000	0.0000000	0.0000000	0.0000000	0.0000000	0.0000000	0.0000000	0.0000000	0.0000000	7.2850988e-08	8.3107372e-06	0.00048486300	0.014563879	0.22337200	1.7146786	6.8678791	16.955188	31.184582	48.217827	66.574414	84.374602	99.264999	108.59508	109.96632	101.96566	85.075904	62.298022	38.791775	19.769220	7.9328784	2.3880817	0.54476604	0.10121651	0.016675224	0.0026941217	0.00046411077	8.7182420e-05	1.7183233e-05	3.2446989e-06	6.3177502e-07	2.3294158e-08	0.0000000	0.0000000	0.0000000	0.0000000	0.0000000	0.0000000	0.0000000	0.0000000
13.8900	0.0000000	0.0000000	0.0000000	0.0000000	0.0000000	0.0000000	0.0000000	0.0000000	0.0000000	0.0000000	0.0000000	0.0000000	0.0000000	0.0000000	0.0000000	0.0000000	0.0000000	0.0000000	0.0000000	0.0000000	0.0000000	0.0000000	0.0000000	0.0000000	0.0000000	0.0000000	0.0000000	0.0000000	0.0000000	0.0000000	0.0000000	0.0000000	0.0000000	0.0000000	0.0000000	0.0000000	0.0000000	0.0000000	0.0000000	0.0000000	0.0000000	2.6114420e-08	3.3788111e-06	0.00022203939	0.0074705754	0.12769123	1.0865698	4.7879003	12.859161	25.448790	41.945526	61.272112	81.721357	100.88618	115.69577	122.69992	119.00188	103.66641	79.074228	51.137845	26.991442	9.0983315	2.6268651	0.64595950	0.13031481	0.023384423	0.0040107653	0.00068968857	0.00013973975	2.9221326e-05	5.8324130e-06	1.1619034e-06	4.5665523e-08	0.0000000	0.0000000	0.0000000	0.0000000	0.0000000	0.0000000	0.0000000	0.0000000
16.0040	0.0000000	0.0000000	0.0000000	0.0000000	0.0000000	0.0000000	0.0000000	0.0000000	0.0000000	0.0000000	0.0000000	0.0000000	0.0000000	0.0000000	0.0000000	0.0000000	0.0000000	0.0000000	0.0000000	0.0000000	0.0000000	0.0000000	0.0000000	0.0000000	0.0000000	0.0000000	0.0000000	0.0000000	0.0000000	0.0000000	0.0000000	0.0000000	0.0000000	0.0000000	0.0000000	0.0000000	0.0000000	0.0000000	0.0000000	0.0000000	0.0000000	3.8362209e-08	4.5485395e-06	0.00027502109	0.0085256937	0.13438818	1.0570872	4.3311604	10.931152	20.554664	32.486925	45.828466	59.302422	71.184550	79.425789	82.022152	77.557229	65.977232	49.240851	31.226796	16.185749	6.5944805	2.0575918	0.49710378	0.098504873	0.017356290	0.0029223283	0.00049329327	8.5729929e-05	1.5490217e-05	2.9163167e-06	5.7000132e-07	2.1966404e-08	0.0000000	0.0000000	0.0000000	0.0000000	0.0000000	0.0000000	0.0000000	0.0000000
10.7700	0.0000000	0.0000000	0.0000000	0.0000000	0.0000000	0.0000000	0.0000000	0.0000000	0.0000000	0.0000000	0.0000000	0.0000000	0.0000000	0.0000000	0.0000000	0.0000000	0.0000000	0.0000000	0.0000000	0.0000000	0.0000000	0.0000000	0.0000000	0.0000000	0.0000000	0.0000000	0.0000000	0.0000000	0.0000000	0.0000000	0.0000000	0.0000000	0.0000000	0.0000000	0.0000000	0.0000000	0.0000000	0.0000000	0.0000000	0.0000000	0.0000000	3.1681274e-09	5.6685081e-07	4.9607075e-05	0.0021464265	0.045721465	0.47196735	2.4697017	7.7587942	17.739266	33.403619	55.171900	82.367607	112.64105	141.61564	163.15448	170.56360	159.14625	129.40078	88.894837	49.686943	21.752626	7.2716853	1.8768769	0.39623286	0.074173614	0.013225919	0.0023558960	0.00043049374	8.1506861e-05	1.6032257e-05	3.2661368e-06	1.3096530e-07	0.0000000	0.0000000	0.0000000	0.0000000	0.0000000	0.0000000	0.0000000	0.0000000
10.6570	0.0000000	0.0000000	0.0000000	0.0000000	0.0000000	0.0000000	0.0000000	0.0000000	0.0000000	0.0000000	0.0000000	0.0000000	0.0000000	0.0000000	0.0000000	0.0000000	0.0000000	0.0000000	0.0000000	0.0000000	0.0000000	0.0000000	0.0000000	0.0000000	0.0000000	0.0000000	0.0000000	0.0000000	0.0000000	0.0000000	0.0000000	0.0000000	0.0000000	0.0000000	0.0000000	0.0000000	0.0000000	0.0000000	0.0000000	0.0000000	0.0000000	1.6147307e-09	2.9470497e-07	2.6258545e-05	0.0011549367	0.024969486	0.26121503	1.3837132	4.3991632	10.181044	19.411447	32.471365	49.098355	67.978045	86.451084	100.63820	106.15368	99.773499	81.575913	56.248922	31.492259	13.777852	4.5909941	1.1782656	0.24679942	0.045760027	0.0080743309	0.0014229114	0.00025731051	4.8245830e-05	9.4076209e-06	1.9023661e-06	7.5827065e-08	0.0000000	0.0000000	0.0000000	0.0000000	0.0000000	0.0000000	0.0000000	0.0000000
12.6800	0.0000000	0.0000000	0.0000000	0.0000000	0.0000000	0.0000000	0.0000000	0.0000000	0.0000000	0.0000000	0.0000000	0.0000000	0.0000000	0.0000000	0.0000000	0.0000000	0.0000000	0.0000000	0.0000000	0.0000000	0.0000000	0.0000000	0.0000000	0.0000000	0.0000000	0.0000000	0.0000000	0.0000000	0.0000000	0.0000000	0.0000000	0.0000000	0.0000000	0.0000000	0.0000000	0.0000000	0.0000000	0.0000000	0.0000000	0.0000000	0.0000000	6.9185638e-09	9.6055234e-07	6.7391089e-05	0.0024092725	0.043498375	0.38750380	1.7646568	4.8473450	9.7399682	16.206503	23.810762	31.908018	39.608551	45.663548	48.664089	47.396551	41.416992	31.656668	20.520106	10.863483	4.5214444	1.4423767	0.35661706	0.072371365	0.013074872	0.0022568691	0.00039002553	6.9350463e-05	1.2826497e-05	2.4718582e-06	4.9481615e-07	1.9555821e-08	0.0000000	0.0000000	0.0000000	0.0000000	0.0000000	0.0000000	0.0000000	0.0000000
11.0230	0.0000000	0.0000000	0.0000000	0.0000000	0.0000000	0.0000000	0.0000000	0.0000000	0.0000000	0.0000000	0.0000000	0.0000000	0.0000000	0.0000000	0.0000000	0.0000000	0.0000000	0.0000000	0.0000000	0.0000000	0.0000000	0.0000000	0.0000000	0.0000000	0.0000000	0.0000000	0.0000000	0.0000000	0.0000000	0.0000000	0.0000000	0.0000000	0.0000000	0.0000000	0.0000000	0.0000000	0.0000000	0.0000000	0.0000000	0.0000000	0.0000000	9.9541441e-10	1.7691084e-07	1.5471164e-05	0.00066980944	0.014236067	0.14622907	0.76043411	2.3763978	5.4225230	10.240816	17.046549	25.742777	35.693231	45.535458	53.222302	56.437198	53.427334	59.666994	41.652793	23.684269	10.553321	3.5888027	0.94100636	0.20141254	0.038142303	0.0068665995	0.0012328362	0.00022694986	4.3315253e-05	8.5998288e-06	1.7712660e-06	7.1923459e-08	0.0000000	0.0000000	0.0000000	0.0000000	0.0000000	0.0000000	0.0000000	0.0000000
10.1150	0.0000000	0.0000000	0.0000000	0.0000000	0.0000000	0.0000000	0.0000000	0.0000000	0.0000000	0.0000000	0.0000000	0.0000000	0.0000000	0.0000000	0.0000000	0.0000000	0.0000000	0.0000000	0.0000000	0.0000000	0.0000000	0.0000000	0.0000000	0.0000000	0.0000000	0.0000000	0.0000000	0.0000000	0.0000000	0.0000000	0.0000000	0.0000000	0.0000000	0.0000000	0.0000000	0.0000000	0.0000000	0.0000000	0.0000000	0.0000000	0.0000000	1.7596642e-10	3.4411889e-08	3.2666021e-06	0.00015230505	0.0034759215	0.038250014	0.21242478	0.70544015	1.6978199	3.3517077	5.7842540	8.9990139	12.799574	16.715625	19.990669	21.673300	20.943923	17.605644	12.476673	7.1772155	3.2283877	1.1076510	0.29323108	0.063469881	0.012180153	0.0022259724	0.00040611388	7.5928522e-05	1.4689530e-05	2.9480132e-06	6.1177934e-07	2.4946919e-08	0.0000000	0.0000000	0.0000000	0.0000000	0.0000000	0.0000000	0.0000000	0.0000000
