# DO NOT EDIT: written Thu Mar 14 18:48:37 2019 by wrt_emiss_fe17.pro
# faked emissivities [1e-23 ergs cm^3/s] for Fe17 lines from Del Zanna 2011, A&A 536, A59
# emissivities include ion balance, but not abundance, and are spline and ion balance jittered off of emiss_Fe17_00000.txt
# line 6 -- SEED, LOGT
# lines 7+ -- WVL, EMISSIVITY
      866608	4.00	4.05	4.10	4.15	4.20	4.25	4.30	4.35	4.40	4.45	4.50	4.55	4.60	4.65	4.70	4.75	4.80	4.85	4.90	4.95	5.00	5.05	5.10	5.15	5.20	5.25	5.30	5.35	5.40	5.45	5.50	5.55	5.60	5.65	5.70	5.75	5.80	5.85	5.90	5.95	6.00	6.05	6.10	6.15	6.20	6.25	6.30	6.35	6.40	6.45	6.50	6.55	6.60	6.65	6.70	6.75	6.80	6.85	6.90	6.95	7.00	7.05	7.10	7.15	7.20	7.25	7.30	7.35	7.40	7.45	7.50	7.55	7.60	7.65	7.70	7.75	7.80	7.85	7.90	7.95	8.00
15.0130	0.0000000	0.0000000	0.0000000	0.0000000	0.0000000	0.0000000	0.0000000	0.0000000	0.0000000	0.0000000	0.0000000	0.0000000	0.0000000	0.0000000	0.0000000	0.0000000	0.0000000	0.0000000	0.0000000	0.0000000	0.0000000	0.0000000	0.0000000	0.0000000	0.0000000	0.0000000	0.0000000	0.0000000	0.0000000	0.0000000	0.0000000	0.0000000	0.0000000	0.0000000	0.0000000	0.0000000	0.0000000	0.0000000	0.0000000	0.0000000	0.0000000	1.4467168e-06	0.00018057474	0.011427328	0.36970452	6.0765808	49.929973	214.49920	568.01333	1115.7950	1834.4050	2687.2242	3613.1339	4515.0997	5257.9578	5684.7887	5650.1594	5079.3285	4035.2902	2748.4968	1541.2372	682.30510	232.18330	61.058380	12.985008	2.4025856	0.41662053	0.071478223	0.012523930	0.0022729916	0.00042939702	8.4388485e-05	6.6298817e-06	0.0000000	0.0000000	0.0000000	0.0000000	0.0000000	0.0000000	0.0000000	0.0000000
17.0510	0.0000000	0.0000000	0.0000000	0.0000000	0.0000000	0.0000000	0.0000000	0.0000000	0.0000000	0.0000000	0.0000000	0.0000000	0.0000000	0.0000000	0.0000000	0.0000000	0.0000000	0.0000000	0.0000000	0.0000000	0.0000000	0.0000000	0.0000000	0.0000000	0.0000000	0.0000000	0.0000000	0.0000000	0.0000000	0.0000000	0.0000000	0.0000000	0.0000000	0.0000000	0.0000000	0.0000000	0.0000000	0.0000000	0.0000000	0.0000000	0.0000000	2.9034903e-06	0.00032873088	0.019082440	0.57066511	8.7177891	66.832169	268.63488	666.98309	1230.0620	1899.0666	2609.6848	3283.5694	3825.2431	4131.3423	4116.1506	3747.9073	3075.2690	2227.3544	1388.4297	729.95701	304.92335	98.662529	25.669155	5.5672146	1.0621624	0.18865479	0.032953776	0.0058476008	0.0010693564	0.00020188139	3.9134638e-05	3.0265103e-06	0.0000000	0.0000000	0.0000000	0.0000000	0.0000000	0.0000000	0.0000000	0.0000000
17.0960	0.0000000	0.0000000	0.0000000	0.0000000	0.0000000	0.0000000	0.0000000	0.0000000	0.0000000	0.0000000	0.0000000	0.0000000	0.0000000	0.0000000	0.0000000	0.0000000	0.0000000	0.0000000	0.0000000	0.0000000	0.0000000	0.0000000	0.0000000	0.0000000	0.0000000	0.0000000	0.0000000	0.0000000	0.0000000	0.0000000	0.0000000	0.0000000	0.0000000	0.0000000	0.0000000	0.0000000	0.0000000	0.0000000	0.0000000	0.0000000	0.0000000	3.1522936e-06	0.00035000796	0.019961723	0.58850878	8.8870940	67.244676	266.89810	654.26355	1190.8812	1814.4070	2461.9659	3062.4574	3533.9411	3791.6108	3766.9873	3430.4023	2816.2043	2035.1878	1255.9630	638.19923	257.43070	80.375541	19.525587	3.8617527	0.66872797	0.10916529	0.017723042	0.0029510602	0.00051061660	9.2118810e-05	1.7287461e-05	1.2946092e-06	0.0000000	0.0000000	0.0000000	0.0000000	0.0000000	0.0000000	0.0000000	0.0000000
16.7760	0.0000000	0.0000000	0.0000000	0.0000000	0.0000000	0.0000000	0.0000000	0.0000000	0.0000000	0.0000000	0.0000000	0.0000000	0.0000000	0.0000000	0.0000000	0.0000000	0.0000000	0.0000000	0.0000000	0.0000000	0.0000000	0.0000000	0.0000000	0.0000000	0.0000000	0.0000000	0.0000000	0.0000000	0.0000000	0.0000000	0.0000000	0.0000000	0.0000000	0.0000000	0.0000000	0.0000000	0.0000000	0.0000000	0.0000000	0.0000000	0.0000000	2.0522337e-06	0.00023251571	0.013501350	0.40477014	6.2190634	48.121427	195.93849	494.47685	929.50815	1466.0850	2061.9758	2658.1893	3177.3201	3529.9357	3630.7430	3422.8381	2909.4378	2178.0498	1393.3534	734.53811	307.63070	99.771246	25.175827	5.1694882	0.92875174	0.15715855	0.026421792	0.0045512735	0.00081385624	0.00015159418	2.9347143e-05	2.2654168e-06	0.0000000	0.0000000	0.0000000	0.0000000	0.0000000	0.0000000	0.0000000	0.0000000
15.2620	0.0000000	0.0000000	0.0000000	0.0000000	0.0000000	0.0000000	0.0000000	0.0000000	0.0000000	0.0000000	0.0000000	0.0000000	0.0000000	0.0000000	0.0000000	0.0000000	0.0000000	0.0000000	0.0000000	0.0000000	0.0000000	0.0000000	0.0000000	0.0000000	0.0000000	0.0000000	0.0000000	0.0000000	0.0000000	0.0000000	0.0000000	0.0000000	0.0000000	0.0000000	0.0000000	0.0000000	0.0000000	0.0000000	0.0000000	0.0000000	0.0000000	4.7242215e-07	5.9003539e-05	0.0037452853	0.12166938	2.0070724	16.521830	70.944727	187.29471	365.76607	596.21532	864.04921	1146.9258	1411.9301	1616.3604	1714.3887	1668.2592	1465.5879	1135.9296	754.10771	413.64195	180.65780	61.198103	16.138991	3.4622206	0.64912433	0.11441874	0.019991431	0.0035701916	0.00066043159	0.00012704807	2.5374568e-05	2.0195184e-06	0.0000000	0.0000000	0.0000000	0.0000000	0.0000000	0.0000000	0.0000000	0.0000000
12.1240	0.0000000	0.0000000	0.0000000	0.0000000	0.0000000	0.0000000	0.0000000	0.0000000	0.0000000	0.0000000	0.0000000	0.0000000	0.0000000	0.0000000	0.0000000	0.0000000	0.0000000	0.0000000	0.0000000	0.0000000	0.0000000	0.0000000	0.0000000	0.0000000	0.0000000	0.0000000	0.0000000	0.0000000	0.0000000	0.0000000	0.0000000	0.0000000	0.0000000	0.0000000	0.0000000	0.0000000	0.0000000	0.0000000	0.0000000	0.0000000	0.0000000	3.2590653e-08	5.0841165e-06	0.00039480385	0.015408699	0.30066280	2.8892504	14.323423	43.242432	95.706785	175.21246	282.44432	412.81033	553.62639	682.96410	771.98951	791.79104	725.66159	581.14674	395.02944	219.98493	96.844153	32.882443	8.6591043	1.8509744	0.34552869	0.060674817	0.010581085	0.0018907339	0.00035082958	6.7843631e-05	1.3646471e-05	1.0959980e-06	0.0000000	0.0000000	0.0000000	0.0000000	0.0000000	0.0000000	0.0000000	0.0000000
12.2640	0.0000000	0.0000000	0.0000000	0.0000000	0.0000000	0.0000000	0.0000000	0.0000000	0.0000000	0.0000000	0.0000000	0.0000000	0.0000000	0.0000000	0.0000000	0.0000000	0.0000000	0.0000000	0.0000000	0.0000000	0.0000000	0.0000000	0.0000000	0.0000000	0.0000000	0.0000000	0.0000000	0.0000000	0.0000000	0.0000000	0.0000000	0.0000000	0.0000000	0.0000000	0.0000000	0.0000000	0.0000000	0.0000000	0.0000000	0.0000000	0.0000000	3.2213933e-08	5.0540432e-06	0.00039384877	0.015397995	0.30050297	2.8835463	14.246468	42.778347	94.048687	170.94413	273.73071	398.09550	532.77921	658.15166	747.82997	774.01794	718.03117	583.32612	402.92546	228.33528	102.39689	35.436950	9.5114218	2.0707248	0.39278806	0.069842560	0.012300094	0.0022126093	0.00041172521	7.9378673e-05	1.5845585e-05	1.2571630e-06	0.0000000	0.0000000	0.0000000	0.0000000	0.0000000	0.0000000	0.0000000	0.0000000
13.8250	0.0000000	0.0000000	0.0000000	0.0000000	0.0000000	0.0000000	0.0000000	0.0000000	0.0000000	0.0000000	0.0000000	0.0000000	0.0000000	0.0000000	0.0000000	0.0000000	0.0000000	0.0000000	0.0000000	0.0000000	0.0000000	0.0000000	0.0000000	0.0000000	0.0000000	0.0000000	0.0000000	0.0000000	0.0000000	0.0000000	0.0000000	0.0000000	0.0000000	0.0000000	0.0000000	0.0000000	0.0000000	0.0000000	0.0000000	0.0000000	0.0000000	5.4824696e-08	7.3416248e-06	0.00049982911	0.017451653	0.31021969	2.7566587	12.770273	36.240715	75.771018	131.76908	203.08596	285.99993	373.00749	451.92749	506.38740	519.07288	478.31863	386.69725	266.03835	150.26971	67.224732	23.232170	6.2341875	1.3591089	0.25889203	0.046382316	0.0082438513	0.0014988734	0.00028241705	5.5326563e-05	1.1243056e-05	9.0917222e-07	0.0000000	0.0000000	0.0000000	0.0000000	0.0000000	0.0000000	0.0000000	0.0000000
15.4530	0.0000000	0.0000000	0.0000000	0.0000000	0.0000000	0.0000000	0.0000000	0.0000000	0.0000000	0.0000000	0.0000000	0.0000000	0.0000000	0.0000000	0.0000000	0.0000000	0.0000000	0.0000000	0.0000000	0.0000000	0.0000000	0.0000000	0.0000000	0.0000000	0.0000000	0.0000000	0.0000000	0.0000000	0.0000000	0.0000000	0.0000000	0.0000000	0.0000000	0.0000000	0.0000000	0.0000000	0.0000000	0.0000000	0.0000000	0.0000000	0.0000000	1.3942673e-07	1.6826591e-05	0.0010318780	0.032384067	0.51617954	4.1070199	17.048179	43.499368	82.062465	129.08394	180.18378	229.78840	270.89581	295.80787	297.93845	273.97768	226.32941	164.19113	101.59578	51.768062	20.967904	6.5884388	1.6155559	0.32372244	0.057056055	0.0095295559	0.0015901762	0.00027296089	4.8760706e-05	9.0821652e-06	1.7574129e-06	1.3535849e-07	0.0000000	0.0000000	0.0000000	0.0000000	0.0000000	0.0000000	0.0000000	0.0000000
11.2500	0.0000000	0.0000000	0.0000000	0.0000000	0.0000000	0.0000000	0.0000000	0.0000000	0.0000000	0.0000000	0.0000000	0.0000000	0.0000000	0.0000000	0.0000000	0.0000000	0.0000000	0.0000000	0.0000000	0.0000000	0.0000000	0.0000000	0.0000000	0.0000000	0.0000000	0.0000000	0.0000000	0.0000000	0.0000000	0.0000000	0.0000000	0.0000000	0.0000000	0.0000000	0.0000000	0.0000000	0.0000000	0.0000000	0.0000000	0.0000000	0.0000000	8.6110402e-09	1.4813437e-06	0.00012484068	0.0052129590	0.10745634	1.0785841	5.5285678	17.107092	38.530618	71.359516	115.80973	169.75193	227.62568	280.16930	315.81917	323.32161	296.19546	237.57435	162.17607	91.020005	40.562348	14.015410	3.7785428	0.83218441	0.16081370	0.029300134	0.0053013708	0.00098099952	0.00018790039	3.7346026e-05	7.6791473e-06	6.2635926e-07	0.0000000	0.0000000	0.0000000	0.0000000	0.0000000	0.0000000	0.0000000	0.0000000
11.1290	0.0000000	0.0000000	0.0000000	0.0000000	0.0000000	0.0000000	0.0000000	0.0000000	0.0000000	0.0000000	0.0000000	0.0000000	0.0000000	0.0000000	0.0000000	0.0000000	0.0000000	0.0000000	0.0000000	0.0000000	0.0000000	0.0000000	0.0000000	0.0000000	0.0000000	0.0000000	0.0000000	0.0000000	0.0000000	0.0000000	0.0000000	0.0000000	0.0000000	0.0000000	0.0000000	0.0000000	0.0000000	0.0000000	0.0000000	0.0000000	0.0000000	5.5102591e-09	9.5750184e-07	8.1403497e-05	0.0034258137	0.071124886	0.71873449	3.7079422	11.546098	26.174472	48.820155	79.878616	118.22691	160.41320	200.20428	229.16471	238.39147	221.87610	180.60846	124.86272	70.753976	31.703087	10.956307	2.9356554	0.63810918	0.12100252	0.021545729	0.0038003419	0.00068490023	0.00012782027	2.4795744e-05	4.9907655e-06	4.0006741e-07	0.0000000	0.0000000	0.0000000	0.0000000	0.0000000	0.0000000	0.0000000	0.0000000
16.3360	0.0000000	0.0000000	0.0000000	0.0000000	0.0000000	0.0000000	0.0000000	0.0000000	0.0000000	0.0000000	0.0000000	0.0000000	0.0000000	0.0000000	0.0000000	0.0000000	0.0000000	0.0000000	0.0000000	0.0000000	0.0000000	0.0000000	0.0000000	0.0000000	0.0000000	0.0000000	0.0000000	0.0000000	0.0000000	0.0000000	0.0000000	0.0000000	0.0000000	0.0000000	0.0000000	0.0000000	0.0000000	0.0000000	0.0000000	0.0000000	0.0000000	5.7379795e-08	6.5536704e-06	0.00038268671	0.011516239	0.17729324	1.3711892	5.5637688	13.946860	25.953742	40.422824	56.071550	71.313928	84.176393	92.427263	94.018289	87.696905	73.765860	54.632537	34.570312	18.028504	7.4719355	2.3994185	0.59996752	0.12219565	0.021797652	0.0036664063	0.00061346664	0.00010529967	1.8785152e-05	3.4943285e-06	6.7610728e-07	5.2195177e-08	0.0000000	0.0000000	0.0000000	0.0000000	0.0000000	0.0000000	0.0000000	0.0000000
13.8900	0.0000000	0.0000000	0.0000000	0.0000000	0.0000000	0.0000000	0.0000000	0.0000000	0.0000000	0.0000000	0.0000000	0.0000000	0.0000000	0.0000000	0.0000000	0.0000000	0.0000000	0.0000000	0.0000000	0.0000000	0.0000000	0.0000000	0.0000000	0.0000000	0.0000000	0.0000000	0.0000000	0.0000000	0.0000000	0.0000000	0.0000000	0.0000000	0.0000000	0.0000000	0.0000000	0.0000000	0.0000000	0.0000000	0.0000000	0.0000000	0.0000000	1.9800860e-08	2.5626313e-06	0.00016858528	0.0056895560	0.097819464	0.84103960	3.7675803	10.316189	20.749615	34.616267	51.058146	68.692993	85.526670	98.950502	105.94387	103.85449	91.610398	70.958096	46.795447	25.347597	10.878940	3.6086543	0.93001469	0.19486028	0.035704169	0.0061597246	0.0010556833	0.00018537505	3.3793550e-05	6.4175573e-06	1.2667613e-06	9.9711839e-08	0.0000000	0.0000000	0.0000000	0.0000000	0.0000000	0.0000000	0.0000000	0.0000000
16.0040	0.0000000	0.0000000	0.0000000	0.0000000	0.0000000	0.0000000	0.0000000	0.0000000	0.0000000	0.0000000	0.0000000	0.0000000	0.0000000	0.0000000	0.0000000	0.0000000	0.0000000	0.0000000	0.0000000	0.0000000	0.0000000	0.0000000	0.0000000	0.0000000	0.0000000	0.0000000	0.0000000	0.0000000	0.0000000	0.0000000	0.0000000	0.0000000	0.0000000	0.0000000	0.0000000	0.0000000	0.0000000	0.0000000	0.0000000	0.0000000	0.0000000	3.2263749e-08	3.8193919e-06	0.00023039372	0.0071295766	0.11234780	0.88639309	3.6612916	9.3331378	17.655626	27.937225	39.335467	50.724536	60.637092	67.373519	69.318958	65.385928	55.609677	41.636588	26.625196	14.020780	5.8615261	1.8966226	0.47745512	0.097838529	0.017550547	0.0029674649	0.00052171600	9.3856074e-05	1.7450831e-05	3.3638479e-06	6.7043692e-07	5.2979125e-08	0.0000000	0.0000000	0.0000000	0.0000000	0.0000000	0.0000000	0.0000000	0.0000000
10.7700	0.0000000	0.0000000	0.0000000	0.0000000	0.0000000	0.0000000	0.0000000	0.0000000	0.0000000	0.0000000	0.0000000	0.0000000	0.0000000	0.0000000	0.0000000	0.0000000	0.0000000	0.0000000	0.0000000	0.0000000	0.0000000	0.0000000	0.0000000	0.0000000	0.0000000	0.0000000	0.0000000	0.0000000	0.0000000	0.0000000	0.0000000	0.0000000	0.0000000	0.0000000	0.0000000	0.0000000	0.0000000	0.0000000	0.0000000	0.0000000	0.0000000	2.7551245e-09	4.9724658e-07	4.3871280e-05	0.0019149504	0.041205837	0.43103463	2.2968904	7.3611160	17.098848	32.550142	54.179973	81.381654	111.89103	141.40826	163.81811	172.35542	162.10825	133.22021	92.880967	53.021492	23.912081	8.3110899	2.2381284	0.48866477	0.093040053	0.016627639	0.0029424648	0.00053180816	9.9491069e-05	1.9339112e-05	3.8987206e-06	3.1288314e-07	0.0000000	0.0000000	0.0000000	0.0000000	0.0000000	0.0000000	0.0000000	0.0000000
10.6570	0.0000000	0.0000000	0.0000000	0.0000000	0.0000000	0.0000000	0.0000000	0.0000000	0.0000000	0.0000000	0.0000000	0.0000000	0.0000000	0.0000000	0.0000000	0.0000000	0.0000000	0.0000000	0.0000000	0.0000000	0.0000000	0.0000000	0.0000000	0.0000000	0.0000000	0.0000000	0.0000000	0.0000000	0.0000000	0.0000000	0.0000000	0.0000000	0.0000000	0.0000000	0.0000000	0.0000000	0.0000000	0.0000000	0.0000000	0.0000000	0.0000000	1.5458194e-09	2.8281071e-07	2.5187332e-05	0.0011059393	0.023869827	0.24983886	1.3298110	4.2541476	9.8662714	18.763295	31.227538	46.943921	64.651689	81.904436	95.192181	100.56510	95.071571	78.630787	55.260661	31.854368	14.528975	5.1120127	1.3941226	0.30821108	0.059392868	0.010738463	0.0019216085	0.00035096116	6.6284053e-05	1.2988908e-05	2.6347783e-06	2.1223005e-07	0.0000000	0.0000000	0.0000000	0.0000000	0.0000000	0.0000000	0.0000000	0.0000000
12.6800	0.0000000	0.0000000	0.0000000	0.0000000	0.0000000	0.0000000	0.0000000	0.0000000	0.0000000	0.0000000	0.0000000	0.0000000	0.0000000	0.0000000	0.0000000	0.0000000	0.0000000	0.0000000	0.0000000	0.0000000	0.0000000	0.0000000	0.0000000	0.0000000	0.0000000	0.0000000	0.0000000	0.0000000	0.0000000	0.0000000	0.0000000	0.0000000	0.0000000	0.0000000	0.0000000	0.0000000	0.0000000	0.0000000	0.0000000	0.0000000	0.0000000	6.9248362e-09	9.7195642e-07	6.8829610e-05	0.0024835562	0.045301954	0.40897768	1.8968339	5.3171829	10.863085	18.298246	27.151479	36.720154	46.005932	53.561208	57.693021	56.867097	50.387452	39.162876	25.922348	14.101455	6.0816928	2.0284170	0.52591002	0.11086151	0.020424903	0.0035396378	0.00060858788	0.00010705121	1.9518567e-05	3.7015218e-06	7.2860845e-07	5.7136082e-08	0.0000000	0.0000000	0.0000000	0.0000000	0.0000000	0.0000000	0.0000000	0.0000000
11.0230	0.0000000	0.0000000	0.0000000	0.0000000	0.0000000	0.0000000	0.0000000	0.0000000	0.0000000	0.0000000	0.0000000	0.0000000	0.0000000	0.0000000	0.0000000	0.0000000	0.0000000	0.0000000	0.0000000	0.0000000	0.0000000	0.0000000	0.0000000	0.0000000	0.0000000	0.0000000	0.0000000	0.0000000	0.0000000	0.0000000	0.0000000	0.0000000	0.0000000	0.0000000	0.0000000	0.0000000	0.0000000	0.0000000	0.0000000	0.0000000	0.0000000	9.3481688e-10	1.6700573e-07	1.4703072e-05	0.00064273207	0.013848268	0.14506213	0.77534378	2.5015144	5.8787477	11.383598	19.356337	29.763169	41.880919	54.051182	63.759468	68.139056	64.987597	54.102473	38.198948	22.085035	10.085149	3.5459208	0.96448067	0.21227850	0.040661653	0.0072992337	0.0012960656	0.00023511217	4.4221243e-05	8.6642187e-06	1.7661471e-06	1.4380654e-07	0.0000000	0.0000000	0.0000000	0.0000000	0.0000000	0.0000000	0.0000000	0.0000000
10.1150	0.0000000	0.0000000	0.0000000	0.0000000	0.0000000	0.0000000	0.0000000	0.0000000	0.0000000	0.0000000	0.0000000	0.0000000	0.0000000	0.0000000	0.0000000	0.0000000	0.0000000	0.0000000	0.0000000	0.0000000	0.0000000	0.0000000	0.0000000	0.0000000	0.0000000	0.0000000	0.0000000	0.0000000	0.0000000	0.0000000	0.0000000	0.0000000	0.0000000	0.0000000	0.0000000	0.0000000	0.0000000	0.0000000	0.0000000	0.0000000	0.0000000	1.6195655e-10	3.1865536e-08	3.0410955e-06	0.00014263159	0.0032792359	0.036472536	0.20575769	0.69537942	1.6963487	3.3776053	5.8606093	9.1520962	13.056021	17.097580	20.508391	22.317695	21.678943	18.364223	13.166518	7.7095163	3.5594444	1.2647898	0.34785517	0.077499054	0.015046224	0.0027405007	0.00049392103	9.0851643e-05	1.7286363e-05	3.4156450e-06	6.9975398e-07	5.7065166e-08	0.0000000	0.0000000	0.0000000	0.0000000	0.0000000	0.0000000	0.0000000	0.0000000
