# DO NOT EDIT: written Thu Mar 14 18:48:37 2019 by wrt_emiss_fe17.pro
# faked emissivities [1e-23 ergs cm^3/s] for Fe17 lines from Del Zanna 2011, A&A 536, A59
# emissivities include ion balance, but not abundance, and are spline and ion balance jittered off of emiss_Fe17_00000.txt
# line 6 -- SEED, LOGT
# lines 7+ -- WVL, EMISSIVITY
      694406	4.00	4.05	4.10	4.15	4.20	4.25	4.30	4.35	4.40	4.45	4.50	4.55	4.60	4.65	4.70	4.75	4.80	4.85	4.90	4.95	5.00	5.05	5.10	5.15	5.20	5.25	5.30	5.35	5.40	5.45	5.50	5.55	5.60	5.65	5.70	5.75	5.80	5.85	5.90	5.95	6.00	6.05	6.10	6.15	6.20	6.25	6.30	6.35	6.40	6.45	6.50	6.55	6.60	6.65	6.70	6.75	6.80	6.85	6.90	6.95	7.00	7.05	7.10	7.15	7.20	7.25	7.30	7.35	7.40	7.45	7.50	7.55	7.60	7.65	7.70	7.75	7.80	7.85	7.90	7.95	8.00
15.0130	0.0000000	0.0000000	0.0000000	0.0000000	0.0000000	0.0000000	0.0000000	0.0000000	0.0000000	0.0000000	0.0000000	0.0000000	0.0000000	0.0000000	0.0000000	0.0000000	0.0000000	0.0000000	0.0000000	0.0000000	0.0000000	0.0000000	0.0000000	0.0000000	0.0000000	0.0000000	0.0000000	0.0000000	0.0000000	0.0000000	0.0000000	0.0000000	0.0000000	0.0000000	0.0000000	0.0000000	0.0000000	0.0000000	0.0000000	0.0000000	0.0000000	1.5010944e-06	0.00018535784	0.011603750	0.37170164	6.0638901	49.513284	211.00717	554.88590	1090.0959	1805.0905	2673.8182	3639.1875	4598.7236	5400.7599	5863.8536	5818.7353	5182.8337	4040.0519	2668.4670	1436.6430	606.24063	195.29867	48.584248	9.9127605	1.8024822	0.31380061	0.054789903	0.0098430488	0.0018364626	0.00035684296	7.1983963e-05	2.0941483e-06	0.0000000	0.0000000	0.0000000	0.0000000	0.0000000	0.0000000	0.0000000	0.0000000
17.0510	0.0000000	0.0000000	0.0000000	0.0000000	0.0000000	0.0000000	0.0000000	0.0000000	0.0000000	0.0000000	0.0000000	0.0000000	0.0000000	0.0000000	0.0000000	0.0000000	0.0000000	0.0000000	0.0000000	0.0000000	0.0000000	0.0000000	0.0000000	0.0000000	0.0000000	0.0000000	0.0000000	0.0000000	0.0000000	0.0000000	0.0000000	0.0000000	0.0000000	0.0000000	0.0000000	0.0000000	0.0000000	0.0000000	0.0000000	0.0000000	0.0000000	3.5057385e-06	0.00039379934	0.022709727	0.67465504	10.229087	77.606004	307.24804	750.84093	1371.8889	2115.2391	2858.5543	3298.4763	3448.3180	3562.7017	3628.7849	3386.1377	2843.9164	2096.3145	1313.2552	672.37674	270.45429	83.228275	19.825716	3.8833495	0.67961926	0.11414697	0.019267822	0.0033522855	0.00060653153	0.00011436674	2.2391439e-05	6.3217225e-07	0.0000000	0.0000000	0.0000000	0.0000000	0.0000000	0.0000000	0.0000000	0.0000000
17.0960	0.0000000	0.0000000	0.0000000	0.0000000	0.0000000	0.0000000	0.0000000	0.0000000	0.0000000	0.0000000	0.0000000	0.0000000	0.0000000	0.0000000	0.0000000	0.0000000	0.0000000	0.0000000	0.0000000	0.0000000	0.0000000	0.0000000	0.0000000	0.0000000	0.0000000	0.0000000	0.0000000	0.0000000	0.0000000	0.0000000	0.0000000	0.0000000	0.0000000	0.0000000	0.0000000	0.0000000	0.0000000	0.0000000	0.0000000	0.0000000	0.0000000	2.5472461e-06	0.00028230542	0.016077351	0.47276553	7.1083631	53.520975	210.16606	508.64240	918.46196	1396.3306	1900.2028	2427.5402	2877.1012	3167.1262	3222.0402	2995.5691	2500.1143	1826.0440	1129.8035	569.20129	224.37489	67.379282	15.595471	2.9560429	0.49894459	0.080626227	0.013072321	0.0021823155	0.00037868296	6.8484237e-05	1.2867280e-05	3.4898693e-07	0.0000000	0.0000000	0.0000000	0.0000000	0.0000000	0.0000000	0.0000000	0.0000000
16.7760	0.0000000	0.0000000	0.0000000	0.0000000	0.0000000	0.0000000	0.0000000	0.0000000	0.0000000	0.0000000	0.0000000	0.0000000	0.0000000	0.0000000	0.0000000	0.0000000	0.0000000	0.0000000	0.0000000	0.0000000	0.0000000	0.0000000	0.0000000	0.0000000	0.0000000	0.0000000	0.0000000	0.0000000	0.0000000	0.0000000	0.0000000	0.0000000	0.0000000	0.0000000	0.0000000	0.0000000	0.0000000	0.0000000	0.0000000	0.0000000	0.0000000	2.3380104e-06	0.00026026558	0.014825902	0.43469673	6.5055894	48.810057	191.93863	469.00941	864.15282	1353.9653	1909.9763	2484.7583	3007.0917	3385.7395	3525.3126	3353.5757	2860.7609	2131.9823	1342.5571	686.00091	272.92532	82.251943	19.055545	3.6203120	0.61589636	0.10127960	0.016877877	0.0029207817	0.00052902406	0.00010038652	1.9860108e-05	5.6821209e-07	0.0000000	0.0000000	0.0000000	0.0000000	0.0000000	0.0000000	0.0000000	0.0000000
15.2620	0.0000000	0.0000000	0.0000000	0.0000000	0.0000000	0.0000000	0.0000000	0.0000000	0.0000000	0.0000000	0.0000000	0.0000000	0.0000000	0.0000000	0.0000000	0.0000000	0.0000000	0.0000000	0.0000000	0.0000000	0.0000000	0.0000000	0.0000000	0.0000000	0.0000000	0.0000000	0.0000000	0.0000000	0.0000000	0.0000000	0.0000000	0.0000000	0.0000000	0.0000000	0.0000000	0.0000000	0.0000000	0.0000000	0.0000000	0.0000000	0.0000000	4.7032132e-07	5.7883543e-05	0.0036248997	0.11617828	1.8894603	15.296103	64.324633	166.31854	320.51325	520.13163	755.40713	1009.5858	1255.7235	1456.2095	1567.5109	1549.5158	1382.5457	1085.9121	724.89408	393.71169	166.58829	53.494316	13.220346	2.6773525	0.48392697	0.083907907	0.014613182	0.0026213449	0.00048862752	9.4877542e-05	1.9126639e-05	5.5605839e-07	0.0000000	0.0000000	0.0000000	0.0000000	0.0000000	0.0000000	0.0000000	0.0000000
12.1240	0.0000000	0.0000000	0.0000000	0.0000000	0.0000000	0.0000000	0.0000000	0.0000000	0.0000000	0.0000000	0.0000000	0.0000000	0.0000000	0.0000000	0.0000000	0.0000000	0.0000000	0.0000000	0.0000000	0.0000000	0.0000000	0.0000000	0.0000000	0.0000000	0.0000000	0.0000000	0.0000000	0.0000000	0.0000000	0.0000000	0.0000000	0.0000000	0.0000000	0.0000000	0.0000000	0.0000000	0.0000000	0.0000000	0.0000000	0.0000000	0.0000000	3.7608297e-08	6.0417285e-06	0.00048512973	0.019291580	0.37821692	3.6014389	17.446435	51.041012	109.51103	194.94423	306.30631	437.27494	574.20729	695.82054	775.85651	788.68320	718.99946	573.60376	387.91465	213.87211	92.404583	30.463951	7.7523726	1.6171283	0.30031982	0.053316259	0.0094735394	0.0017276230	0.00032620875	6.3910390e-05	1.2945046e-05	3.7668986e-07	0.0000000	0.0000000	0.0000000	0.0000000	0.0000000	0.0000000	0.0000000	0.0000000
12.2640	0.0000000	0.0000000	0.0000000	0.0000000	0.0000000	0.0000000	0.0000000	0.0000000	0.0000000	0.0000000	0.0000000	0.0000000	0.0000000	0.0000000	0.0000000	0.0000000	0.0000000	0.0000000	0.0000000	0.0000000	0.0000000	0.0000000	0.0000000	0.0000000	0.0000000	0.0000000	0.0000000	0.0000000	0.0000000	0.0000000	0.0000000	0.0000000	0.0000000	0.0000000	0.0000000	0.0000000	0.0000000	0.0000000	0.0000000	0.0000000	0.0000000	3.5720545e-08	5.4160517e-06	0.00041254591	0.015920662	0.30874072	2.9504823	14.487585	43.219905	94.869909	172.95760	278.18741	406.25423	545.32231	674.53078	765.87206	790.05576	728.02142	580.51478	391.00351	214.42370	92.076092	30.160439	7.6264500	1.5812911	0.29201669	0.051577635	0.0091237385	0.0016577559	0.00031218418	6.1073801e-05	1.2370350e-05	3.6049048e-07	0.0000000	0.0000000	0.0000000	0.0000000	0.0000000	0.0000000	0.0000000	0.0000000
13.8250	0.0000000	0.0000000	0.0000000	0.0000000	0.0000000	0.0000000	0.0000000	0.0000000	0.0000000	0.0000000	0.0000000	0.0000000	0.0000000	0.0000000	0.0000000	0.0000000	0.0000000	0.0000000	0.0000000	0.0000000	0.0000000	0.0000000	0.0000000	0.0000000	0.0000000	0.0000000	0.0000000	0.0000000	0.0000000	0.0000000	0.0000000	0.0000000	0.0000000	0.0000000	0.0000000	0.0000000	0.0000000	0.0000000	0.0000000	0.0000000	0.0000000	6.2546766e-08	8.2221134e-06	0.00054544626	0.018340485	0.30881969	2.6158203	11.936565	33.280579	68.659658	118.46049	181.72479	255.08991	331.72235	400.56164	446.87502	455.28430	415.87721	331.94875	224.15423	123.20767	53.020576	17.405206	4.4113792	0.91731164	0.17009291	0.030209593	0.0053816605	0.00098609194	0.00018747164	3.7054461e-05	7.5856553e-06	2.2334702e-07	0.0000000	0.0000000	0.0000000	0.0000000	0.0000000	0.0000000	0.0000000	0.0000000
15.4530	0.0000000	0.0000000	0.0000000	0.0000000	0.0000000	0.0000000	0.0000000	0.0000000	0.0000000	0.0000000	0.0000000	0.0000000	0.0000000	0.0000000	0.0000000	0.0000000	0.0000000	0.0000000	0.0000000	0.0000000	0.0000000	0.0000000	0.0000000	0.0000000	0.0000000	0.0000000	0.0000000	0.0000000	0.0000000	0.0000000	0.0000000	0.0000000	0.0000000	0.0000000	0.0000000	0.0000000	0.0000000	0.0000000	0.0000000	0.0000000	0.0000000	1.4918015e-07	1.7840189e-05	0.0010896618	0.034203572	0.54728620	4.3798722	18.286789	46.925378	89.002333	140.19352	194.95075	246.38037	286.44907	307.19848	302.86998	271.92027	218.80549	154.17969	92.314750	45.248972	17.463164	5.1684047	1.1870190	0.22476088	0.038129399	0.0062253070	0.0010244137	0.00017424069	3.0901653e-05	5.7253536e-06	1.1038016e-06	3.0743055e-08	0.0000000	0.0000000	0.0000000	0.0000000	0.0000000	0.0000000	0.0000000	0.0000000
11.2500	0.0000000	0.0000000	0.0000000	0.0000000	0.0000000	0.0000000	0.0000000	0.0000000	0.0000000	0.0000000	0.0000000	0.0000000	0.0000000	0.0000000	0.0000000	0.0000000	0.0000000	0.0000000	0.0000000	0.0000000	0.0000000	0.0000000	0.0000000	0.0000000	0.0000000	0.0000000	0.0000000	0.0000000	0.0000000	0.0000000	0.0000000	0.0000000	0.0000000	0.0000000	0.0000000	0.0000000	0.0000000	0.0000000	0.0000000	0.0000000	0.0000000	9.8362477e-09	1.6727879e-06	0.00013681095	0.0055322844	0.11020632	1.0657860	5.2438809	15.600725	34.133722	62.174810	100.26308	147.25915	199.29315	249.04924	286.23948	299.45341	280.33357	229.14584	158.44810	89.151842	39.240729	13.158377	3.4008392	0.71960079	0.13541570	0.024333866	0.0043716719	0.00080515523	0.00015336555	3.0276709e-05	6.1719733e-06	1.8044283e-07	0.0000000	0.0000000	0.0000000	0.0000000	0.0000000	0.0000000	0.0000000	0.0000000
11.1290	0.0000000	0.0000000	0.0000000	0.0000000	0.0000000	0.0000000	0.0000000	0.0000000	0.0000000	0.0000000	0.0000000	0.0000000	0.0000000	0.0000000	0.0000000	0.0000000	0.0000000	0.0000000	0.0000000	0.0000000	0.0000000	0.0000000	0.0000000	0.0000000	0.0000000	0.0000000	0.0000000	0.0000000	0.0000000	0.0000000	0.0000000	0.0000000	0.0000000	0.0000000	0.0000000	0.0000000	0.0000000	0.0000000	0.0000000	0.0000000	0.0000000	5.3953691e-09	9.4296186e-07	8.0708093e-05	0.0034167811	0.071216160	0.71933018	3.6847868	11.358572	25.588071	47.654257	78.044576	115.67692	157.05290	195.80041	223.33557	230.82883	212.72505	170.72672	115.71845	63.780804	27.510466	9.0521633	2.3011084	0.48047090	0.089595231	0.016033522	0.0028850566	0.00053563130	0.00010357598	2.0916628e-05	4.3941206e-06	1.3293508e-07	0.0000000	0.0000000	0.0000000	0.0000000	0.0000000	0.0000000	0.0000000	0.0000000
16.3360	0.0000000	0.0000000	0.0000000	0.0000000	0.0000000	0.0000000	0.0000000	0.0000000	0.0000000	0.0000000	0.0000000	0.0000000	0.0000000	0.0000000	0.0000000	0.0000000	0.0000000	0.0000000	0.0000000	0.0000000	0.0000000	0.0000000	0.0000000	0.0000000	0.0000000	0.0000000	0.0000000	0.0000000	0.0000000	0.0000000	0.0000000	0.0000000	0.0000000	0.0000000	0.0000000	0.0000000	0.0000000	0.0000000	0.0000000	0.0000000	0.0000000	6.8117073e-08	7.5473923e-06	0.00042254360	0.011994056	0.17181360	1.2820283	5.1218943	12.606461	23.131606	35.713616	49.264009	62.393133	73.358699	80.199409	81.144694	75.158073	62.612596	45.747891	28.394584	14.401401	5.7385229	1.7496161	0.41304505	0.080216366	0.013926519	0.0023220963	0.00039359430	6.9627747e-05	1.2795817e-05	2.4470449e-06	4.8495293e-07	1.3825032e-08	0.0000000	0.0000000	0.0000000	0.0000000	0.0000000	0.0000000	0.0000000	0.0000000
13.8900	0.0000000	0.0000000	0.0000000	0.0000000	0.0000000	0.0000000	0.0000000	0.0000000	0.0000000	0.0000000	0.0000000	0.0000000	0.0000000	0.0000000	0.0000000	0.0000000	0.0000000	0.0000000	0.0000000	0.0000000	0.0000000	0.0000000	0.0000000	0.0000000	0.0000000	0.0000000	0.0000000	0.0000000	0.0000000	0.0000000	0.0000000	0.0000000	0.0000000	0.0000000	0.0000000	0.0000000	0.0000000	0.0000000	0.0000000	0.0000000	0.0000000	2.0416524e-08	2.6485766e-06	0.00017469133	0.0059040678	0.10144477	0.86812915	3.8475812	10.401862	20.763070	34.595975	51.189983	69.279192	86.926320	101.38581	109.10282	106.78706	93.246724	70.863255	45.409196	23.627340	9.6103501	2.9802070	0.71388768	0.14051597	0.024727194	0.0041837558	0.00071354082	0.00012582651	2.3140323e-05	4.4464040e-06	8.8911885e-07	2.5686608e-08	0.0000000	0.0000000	0.0000000	0.0000000	0.0000000	0.0000000	0.0000000	0.0000000
16.0040	0.0000000	0.0000000	0.0000000	0.0000000	0.0000000	0.0000000	0.0000000	0.0000000	0.0000000	0.0000000	0.0000000	0.0000000	0.0000000	0.0000000	0.0000000	0.0000000	0.0000000	0.0000000	0.0000000	0.0000000	0.0000000	0.0000000	0.0000000	0.0000000	0.0000000	0.0000000	0.0000000	0.0000000	0.0000000	0.0000000	0.0000000	0.0000000	0.0000000	0.0000000	0.0000000	0.0000000	0.0000000	0.0000000	0.0000000	0.0000000	0.0000000	3.6934905e-08	4.8007524e-06	0.00031552222	0.010452866	0.16441121	1.2852758	5.2261575	12.815510	21.050211	29.128975	39.602981	50.864393	60.583502	70.107714	75.912653	74.422698	64.884716	49.156672	31.387629	16.262999	6.5793032	2.0257934	0.48089310	0.093591991	0.016241575	0.0027022184	0.00045186262	7.7953490e-05	1.4008539e-05	2.6293918e-06	5.1356174e-07	1.4488277e-08	0.0000000	0.0000000	0.0000000	0.0000000	0.0000000	0.0000000	0.0000000	0.0000000
10.7700	0.0000000	0.0000000	0.0000000	0.0000000	0.0000000	0.0000000	0.0000000	0.0000000	0.0000000	0.0000000	0.0000000	0.0000000	0.0000000	0.0000000	0.0000000	0.0000000	0.0000000	0.0000000	0.0000000	0.0000000	0.0000000	0.0000000	0.0000000	0.0000000	0.0000000	0.0000000	0.0000000	0.0000000	0.0000000	0.0000000	0.0000000	0.0000000	0.0000000	0.0000000	0.0000000	0.0000000	0.0000000	0.0000000	0.0000000	0.0000000	0.0000000	2.6816364e-09	4.8102809e-07	4.2228248e-05	0.0018333812	0.039188124	0.40577427	2.1282180	6.6997225	15.362466	29.041704	48.185627	72.283832	99.329279	125.46437	145.17839	152.35935	142.60898	116.20094	79.881166	44.587077	19.438463	6.4497064	1.6486260	0.34499635	0.064237034	0.011430030	0.0020352909	0.00037198746	7.0418383e-05	1.3840080e-05	2.8146321e-06	8.2284233e-08	0.0000000	0.0000000	0.0000000	0.0000000	0.0000000	0.0000000	0.0000000	0.0000000
10.6570	0.0000000	0.0000000	0.0000000	0.0000000	0.0000000	0.0000000	0.0000000	0.0000000	0.0000000	0.0000000	0.0000000	0.0000000	0.0000000	0.0000000	0.0000000	0.0000000	0.0000000	0.0000000	0.0000000	0.0000000	0.0000000	0.0000000	0.0000000	0.0000000	0.0000000	0.0000000	0.0000000	0.0000000	0.0000000	0.0000000	0.0000000	0.0000000	0.0000000	0.0000000	0.0000000	0.0000000	0.0000000	0.0000000	0.0000000	0.0000000	0.0000000	1.6905380e-09	3.0496899e-07	2.6857475e-05	0.0011676546	0.024962264	0.25833918	1.3545644	4.2695647	9.8280061	18.710082	31.375044	47.733548	66.633032	85.463928	100.31176	106.65281	101.00508	83.168847	57.710581	32.476347	14.256356	4.7564938	1.2208552	0.25617710	0.047770353	0.0085063046	0.0015152129	0.00027698138	5.2436631e-05	1.0304998e-05	2.0949376e-06	6.1191265e-08	0.0000000	0.0000000	0.0000000	0.0000000	0.0000000	0.0000000	0.0000000	0.0000000
12.6800	0.0000000	0.0000000	0.0000000	0.0000000	0.0000000	0.0000000	0.0000000	0.0000000	0.0000000	0.0000000	0.0000000	0.0000000	0.0000000	0.0000000	0.0000000	0.0000000	0.0000000	0.0000000	0.0000000	0.0000000	0.0000000	0.0000000	0.0000000	0.0000000	0.0000000	0.0000000	0.0000000	0.0000000	0.0000000	0.0000000	0.0000000	0.0000000	0.0000000	0.0000000	0.0000000	0.0000000	0.0000000	0.0000000	0.0000000	0.0000000	0.0000000	7.4635754e-09	1.0512470e-06	7.4711668e-05	0.0027012606	0.049240036	0.44203169	2.0241067	5.5826764	11.261203	18.813524	27.750530	37.324374	46.485532	53.748426	57.425138	56.047274	49.055256	37.530966	24.329091	12.862956	5.3361597	1.6928641	0.41578590	0.083998268	0.015159376	0.0026235074	0.00045567509	8.1420513e-05	1.5092110e-05	2.9069038e-06	5.7948677e-07	1.6602689e-08	0.0000000	0.0000000	0.0000000	0.0000000	0.0000000	0.0000000	0.0000000	0.0000000
11.0230	0.0000000	0.0000000	0.0000000	0.0000000	0.0000000	0.0000000	0.0000000	0.0000000	0.0000000	0.0000000	0.0000000	0.0000000	0.0000000	0.0000000	0.0000000	0.0000000	0.0000000	0.0000000	0.0000000	0.0000000	0.0000000	0.0000000	0.0000000	0.0000000	0.0000000	0.0000000	0.0000000	0.0000000	0.0000000	0.0000000	0.0000000	0.0000000	0.0000000	0.0000000	0.0000000	0.0000000	0.0000000	0.0000000	0.0000000	0.0000000	0.0000000	1.2241545e-09	2.1723727e-07	1.8968015e-05	0.00081973698	0.017385188	0.17806438	0.92234257	2.8696339	6.5234813	12.284883	20.401944	30.746897	42.547857	54.171590	63.181520	66.839121	63.099228	51.908146	36.077863	20.393544	9.0139535	3.0328459	0.78566418	0.16642334	0.031321985	0.0056265686	0.0010105497	0.00018633705	3.5636045e-05	7.0902607e-06	1.4631700e-06	4.3508116e-08	0.0000000	0.0000000	0.0000000	0.0000000	0.0000000	0.0000000	0.0000000	0.0000000
10.1150	0.0000000	0.0000000	0.0000000	0.0000000	0.0000000	0.0000000	0.0000000	0.0000000	0.0000000	0.0000000	0.0000000	0.0000000	0.0000000	0.0000000	0.0000000	0.0000000	0.0000000	0.0000000	0.0000000	0.0000000	0.0000000	0.0000000	0.0000000	0.0000000	0.0000000	0.0000000	0.0000000	0.0000000	0.0000000	0.0000000	0.0000000	0.0000000	0.0000000	0.0000000	0.0000000	0.0000000	0.0000000	0.0000000	0.0000000	0.0000000	0.0000000	1.9030963e-10	3.6998681e-08	3.5054712e-06	0.00016425142	0.0037935934	0.042418243	0.23961284	0.80703261	1.9378524	3.8193079	6.5827885	10.229126	14.530822	18.647411	21.176283	21.408357	19.285901	15.160690	10.315225	5.9003062	2.6333289	0.89416437	0.23394273	0.050132752	0.0095659946	0.0017454692	0.00031878779	5.9751915e-05	1.1595377e-05	2.3348670e-06	4.8614605e-07	1.4538975e-08	0.0000000	0.0000000	0.0000000	0.0000000	0.0000000	0.0000000	0.0000000	0.0000000
