# DO NOT EDIT: written Thu Mar 14 18:48:37 2019 by wrt_emiss_fe17.pro
# faked emissivities [1e-23 ergs cm^3/s] for Fe17 lines from Del Zanna 2011, A&A 536, A59
# emissivities include ion balance, but not abundance, and are spline and ion balance jittered off of emiss_Fe17_00000.txt
# line 6 -- SEED, LOGT
# lines 7+ -- WVL, EMISSIVITY
      143263	4.00	4.05	4.10	4.15	4.20	4.25	4.30	4.35	4.40	4.45	4.50	4.55	4.60	4.65	4.70	4.75	4.80	4.85	4.90	4.95	5.00	5.05	5.10	5.15	5.20	5.25	5.30	5.35	5.40	5.45	5.50	5.55	5.60	5.65	5.70	5.75	5.80	5.85	5.90	5.95	6.00	6.05	6.10	6.15	6.20	6.25	6.30	6.35	6.40	6.45	6.50	6.55	6.60	6.65	6.70	6.75	6.80	6.85	6.90	6.95	7.00	7.05	7.10	7.15	7.20	7.25	7.30	7.35	7.40	7.45	7.50	7.55	7.60	7.65	7.70	7.75	7.80	7.85	7.90	7.95	8.00
15.0130	0.0000000	0.0000000	0.0000000	0.0000000	0.0000000	0.0000000	0.0000000	0.0000000	0.0000000	0.0000000	0.0000000	0.0000000	0.0000000	0.0000000	0.0000000	0.0000000	0.0000000	0.0000000	0.0000000	0.0000000	0.0000000	0.0000000	0.0000000	0.0000000	0.0000000	0.0000000	0.0000000	0.0000000	0.0000000	0.0000000	0.0000000	0.0000000	0.0000000	0.0000000	0.0000000	0.0000000	0.0000000	0.0000000	0.0000000	0.0000000	0.0000000	1.6498592e-06	0.00020766462	0.013265629	0.43323033	7.1825250	59.407361	256.05609	624.75958	988.78848	1632.4154	2401.4290	3238.7698	4051.5701	4710.4954	5067.9046	4992.6237	4427.9629	3451.4477	2292.5957	1250.0882	538.86189	178.95452	62.410522	13.136562	2.4359949	0.42779662	0.074830114	0.013416786	0.0024945337	0.00048256125	9.6908837e-05	5.7824379e-06	0.0000000	0.0000000	0.0000000	0.0000000	0.0000000	0.0000000	0.0000000	0.0000000
17.0510	0.0000000	0.0000000	0.0000000	0.0000000	0.0000000	0.0000000	0.0000000	0.0000000	0.0000000	0.0000000	0.0000000	0.0000000	0.0000000	0.0000000	0.0000000	0.0000000	0.0000000	0.0000000	0.0000000	0.0000000	0.0000000	0.0000000	0.0000000	0.0000000	0.0000000	0.0000000	0.0000000	0.0000000	0.0000000	0.0000000	0.0000000	0.0000000	0.0000000	0.0000000	0.0000000	0.0000000	0.0000000	0.0000000	0.0000000	0.0000000	0.0000000	3.0148359e-06	0.00033836886	0.019483861	0.57807240	8.7604472	66.565171	264.78279	650.96969	1193.7376	1841.7495	2540.3043	3220.9198	3796.3454	4166.1144	4237.3924	3952.3612	3323.1470	2457.9694	1550.3885	803.31181	329.29258	104.09908	25.585621	5.1462761	0.91423220	0.15421691	0.025979230	0.0044975138	0.00080939340	0.00015186054	2.9620802e-05	1.7184079e-06	0.0000000	0.0000000	0.0000000	0.0000000	0.0000000	0.0000000	0.0000000	0.0000000
17.0960	0.0000000	0.0000000	0.0000000	0.0000000	0.0000000	0.0000000	0.0000000	0.0000000	0.0000000	0.0000000	0.0000000	0.0000000	0.0000000	0.0000000	0.0000000	0.0000000	0.0000000	0.0000000	0.0000000	0.0000000	0.0000000	0.0000000	0.0000000	0.0000000	0.0000000	0.0000000	0.0000000	0.0000000	0.0000000	0.0000000	0.0000000	0.0000000	0.0000000	0.0000000	0.0000000	0.0000000	0.0000000	0.0000000	0.0000000	0.0000000	0.0000000	2.4297128e-06	0.00026953795	0.015361714	0.45232968	6.8181112	51.583037	204.23543	499.13946	917.05696	1484.5192	2119.0066	2743.9905	3266.4660	3587.1281	3622.9251	3333.5510	2749.7207	1985.8683	1218.0973	611.60543	242.24485	73.843057	17.482448	3.3860663	0.57916694	0.094084124	0.015270042	0.0025482436	0.00044230159	8.0081813e-05	1.5081573e-05	8.4516530e-07	0.0000000	0.0000000	0.0000000	0.0000000	0.0000000	0.0000000	0.0000000	0.0000000
16.7760	0.0000000	0.0000000	0.0000000	0.0000000	0.0000000	0.0000000	0.0000000	0.0000000	0.0000000	0.0000000	0.0000000	0.0000000	0.0000000	0.0000000	0.0000000	0.0000000	0.0000000	0.0000000	0.0000000	0.0000000	0.0000000	0.0000000	0.0000000	0.0000000	0.0000000	0.0000000	0.0000000	0.0000000	0.0000000	0.0000000	0.0000000	0.0000000	0.0000000	0.0000000	0.0000000	0.0000000	0.0000000	0.0000000	0.0000000	0.0000000	0.0000000	2.1526602e-06	0.00023784989	0.013453402	0.39372666	5.9182767	44.851363	178.87804	442.97108	821.19012	1284.1869	1798.2339	2315.2351	2770.2636	3086.1086	3186.5756	3017.5019	2576.1066	1935.1780	1239.8714	652.47957	271.53043	87.072009	21.682234	4.4117735	0.79147835	0.13457878	0.022807447	0.0039640509	0.00071484438	0.00013415862	2.6133560e-05	1.5119271e-06	0.0000000	0.0000000	0.0000000	0.0000000	0.0000000	0.0000000	0.0000000	0.0000000
15.2620	0.0000000	0.0000000	0.0000000	0.0000000	0.0000000	0.0000000	0.0000000	0.0000000	0.0000000	0.0000000	0.0000000	0.0000000	0.0000000	0.0000000	0.0000000	0.0000000	0.0000000	0.0000000	0.0000000	0.0000000	0.0000000	0.0000000	0.0000000	0.0000000	0.0000000	0.0000000	0.0000000	0.0000000	0.0000000	0.0000000	0.0000000	0.0000000	0.0000000	0.0000000	0.0000000	0.0000000	0.0000000	0.0000000	0.0000000	0.0000000	0.0000000	5.1882907e-07	6.4591150e-05	0.0040909292	0.13265937	2.1845455	17.936501	76.696910	201.71608	393.97362	645.02692	836.22153	1041.9856	1340.1595	1687.4828	1938.5297	1900.1460	1677.4003	1301.7992	861.16834	467.73820	200.86559	66.462307	17.070784	3.5807250	0.66179076	0.11585248	0.020204515	0.0036125163	0.00066992940	0.00012929056	2.5907301e-05	1.5426240e-06	0.0000000	0.0000000	0.0000000	0.0000000	0.0000000	0.0000000	0.0000000	0.0000000
12.1240	0.0000000	0.0000000	0.0000000	0.0000000	0.0000000	0.0000000	0.0000000	0.0000000	0.0000000	0.0000000	0.0000000	0.0000000	0.0000000	0.0000000	0.0000000	0.0000000	0.0000000	0.0000000	0.0000000	0.0000000	0.0000000	0.0000000	0.0000000	0.0000000	0.0000000	0.0000000	0.0000000	0.0000000	0.0000000	0.0000000	0.0000000	0.0000000	0.0000000	0.0000000	0.0000000	0.0000000	0.0000000	0.0000000	0.0000000	0.0000000	0.0000000	4.2083299e-08	6.6038763e-06	0.00051226846	0.019833613	0.38138077	3.5869974	17.282085	50.478039	108.02155	191.28077	298.18497	421.17808	545.96991	652.38810	717.40188	720.38622	651.26873	518.89948	354.20011	199.99167	90.122034	31.557039	8.6114935	1.9180975	0.37471688	0.068781558	0.012377458	0.0022348953	0.00041794380	8.0412843e-05	1.5412640e-05	8.4664886e-07	0.0000000	0.0000000	0.0000000	0.0000000	0.0000000	0.0000000	0.0000000	0.0000000
12.2640	0.0000000	0.0000000	0.0000000	0.0000000	0.0000000	0.0000000	0.0000000	0.0000000	0.0000000	0.0000000	0.0000000	0.0000000	0.0000000	0.0000000	0.0000000	0.0000000	0.0000000	0.0000000	0.0000000	0.0000000	0.0000000	0.0000000	0.0000000	0.0000000	0.0000000	0.0000000	0.0000000	0.0000000	0.0000000	0.0000000	0.0000000	0.0000000	0.0000000	0.0000000	0.0000000	0.0000000	0.0000000	0.0000000	0.0000000	0.0000000	0.0000000	4.1163520e-08	6.3408640e-06	0.00048465904	0.018555469	0.35392361	3.3098458	15.878918	46.222567	98.707333	174.76041	273.14314	388.24129	508.28926	614.66335	684.04939	693.65137	630.43612	501.55392	338.88544	187.45664	81.801694	27.458962	7.1488919	1.5192378	0.28430760	0.050359197	0.0088794820	0.0016038765	0.00030024426	5.8432232e-05	1.1792755e-05	7.0657174e-07	0.0000000	0.0000000	0.0000000	0.0000000	0.0000000	0.0000000	0.0000000	0.0000000
13.8250	0.0000000	0.0000000	0.0000000	0.0000000	0.0000000	0.0000000	0.0000000	0.0000000	0.0000000	0.0000000	0.0000000	0.0000000	0.0000000	0.0000000	0.0000000	0.0000000	0.0000000	0.0000000	0.0000000	0.0000000	0.0000000	0.0000000	0.0000000	0.0000000	0.0000000	0.0000000	0.0000000	0.0000000	0.0000000	0.0000000	0.0000000	0.0000000	0.0000000	0.0000000	0.0000000	0.0000000	0.0000000	0.0000000	0.0000000	0.0000000	0.0000000	5.3749686e-08	7.1893949e-06	0.00049031668	0.017179523	0.30672194	2.7360950	12.700513	36.103054	75.807922	132.76837	206.37718	293.21713	385.64257	470.67526	530.43759	545.68228	503.21614	405.62503	276.90782	154.24348	67.548092	22.689559	5.8972149	1.2491691	0.23288339	0.041099118	0.0072242481	0.0013019491	0.00024341744	4.7366693e-05	9.5698172e-06	5.7455279e-07	0.0000000	0.0000000	0.0000000	0.0000000	0.0000000	0.0000000	0.0000000	0.0000000
15.4530	0.0000000	0.0000000	0.0000000	0.0000000	0.0000000	0.0000000	0.0000000	0.0000000	0.0000000	0.0000000	0.0000000	0.0000000	0.0000000	0.0000000	0.0000000	0.0000000	0.0000000	0.0000000	0.0000000	0.0000000	0.0000000	0.0000000	0.0000000	0.0000000	0.0000000	0.0000000	0.0000000	0.0000000	0.0000000	0.0000000	0.0000000	0.0000000	0.0000000	0.0000000	0.0000000	0.0000000	0.0000000	0.0000000	0.0000000	0.0000000	0.0000000	1.4190036e-07	1.6939061e-05	0.0010277065	0.031902005	0.50274176	3.9502573	16.163973	40.670876	75.963389	118.86892	165.74053	211.89604	251.29072	276.99298	282.62853	264.23616	222.62903	165.06199	104.45138	54.347762	22.379030	7.1037710	1.7295422	0.33823640	0.058396669	0.0095727148	0.0015675485	0.00026392690	4.6224693e-05	8.4464396e-06	1.6056410e-06	9.0842277e-08	0.0000000	0.0000000	0.0000000	0.0000000	0.0000000	0.0000000	0.0000000	0.0000000
11.2500	0.0000000	0.0000000	0.0000000	0.0000000	0.0000000	0.0000000	0.0000000	0.0000000	0.0000000	0.0000000	0.0000000	0.0000000	0.0000000	0.0000000	0.0000000	0.0000000	0.0000000	0.0000000	0.0000000	0.0000000	0.0000000	0.0000000	0.0000000	0.0000000	0.0000000	0.0000000	0.0000000	0.0000000	0.0000000	0.0000000	0.0000000	0.0000000	0.0000000	0.0000000	0.0000000	0.0000000	0.0000000	0.0000000	0.0000000	0.0000000	0.0000000	9.3205175e-09	1.5663641e-06	0.00012897691	0.0052633804	0.10610052	1.0420848	5.2298407	15.888855	35.353119	65.114129	105.69612	155.73739	210.90232	263.21951	301.73409	314.62413	293.59878	239.49531	165.66819	93.652829	41.681394	14.239682	3.7648299	0.81088011	0.15353435	0.027470053	0.0048843739	0.00088817611	0.00016709228	3.2621683e-05	6.5921792e-06	3.9469696e-07	0.0000000	0.0000000	0.0000000	0.0000000	0.0000000	0.0000000	0.0000000	0.0000000
11.1290	0.0000000	0.0000000	0.0000000	0.0000000	0.0000000	0.0000000	0.0000000	0.0000000	0.0000000	0.0000000	0.0000000	0.0000000	0.0000000	0.0000000	0.0000000	0.0000000	0.0000000	0.0000000	0.0000000	0.0000000	0.0000000	0.0000000	0.0000000	0.0000000	0.0000000	0.0000000	0.0000000	0.0000000	0.0000000	0.0000000	0.0000000	0.0000000	0.0000000	0.0000000	0.0000000	0.0000000	0.0000000	0.0000000	0.0000000	0.0000000	0.0000000	5.7193547e-09	9.9575317e-07	8.4788951e-05	0.0035685742	0.073922412	0.74285698	3.7954152	11.679421	26.198657	48.442921	78.653686	115.55327	155.61281	192.70787	218.79219	225.63445	208.03091	167.55598	114.42098	63.873138	28.094260	9.4977058	2.4893704	0.53274888	0.10050622	0.017973706	0.0032056206	0.00058698106	0.00011167499	2.2150299e-05	4.5696490e-06	2.8066146e-07	0.0000000	0.0000000	0.0000000	0.0000000	0.0000000	0.0000000	0.0000000	0.0000000
16.3360	0.0000000	0.0000000	0.0000000	0.0000000	0.0000000	0.0000000	0.0000000	0.0000000	0.0000000	0.0000000	0.0000000	0.0000000	0.0000000	0.0000000	0.0000000	0.0000000	0.0000000	0.0000000	0.0000000	0.0000000	0.0000000	0.0000000	0.0000000	0.0000000	0.0000000	0.0000000	0.0000000	0.0000000	0.0000000	0.0000000	0.0000000	0.0000000	0.0000000	0.0000000	0.0000000	0.0000000	0.0000000	0.0000000	0.0000000	0.0000000	0.0000000	6.2983950e-08	7.1924698e-06	0.00041926330	0.012569303	0.19232502	1.4737195	5.9015554	14.573162	26.759446	41.221257	56.640296	71.425360	83.648344	91.183280	92.137440	85.419618	71.442340	52.602891	33.053062	17.073226	6.9815370	2.2027033	0.54051897	0.10857414	0.019265113	0.0032465106	0.00054648978	9.4548045e-05	1.7003011e-05	3.1866612e-06	6.2045844e-07	3.5894309e-08	0.0000000	0.0000000	0.0000000	0.0000000	0.0000000	0.0000000	0.0000000	0.0000000
13.8900	0.0000000	0.0000000	0.0000000	0.0000000	0.0000000	0.0000000	0.0000000	0.0000000	0.0000000	0.0000000	0.0000000	0.0000000	0.0000000	0.0000000	0.0000000	0.0000000	0.0000000	0.0000000	0.0000000	0.0000000	0.0000000	0.0000000	0.0000000	0.0000000	0.0000000	0.0000000	0.0000000	0.0000000	0.0000000	0.0000000	0.0000000	0.0000000	0.0000000	0.0000000	0.0000000	0.0000000	0.0000000	0.0000000	0.0000000	0.0000000	0.0000000	1.9926292e-08	2.5786834e-06	0.00016959425	0.0057168286	0.098037852	0.83878893	3.7268742	10.107560	20.175600	33.485136	49.207607	66.003666	81.948119	94.537797	100.89946	98.542230	86.522041	66.609670	43.565098	23.326181	9.8530878	3.2023931	0.80769601	0.16645827	0.030261510	0.0052182634	0.00089783064	0.00015862853	2.9113765e-05	5.5669701e-06	1.1059302e-06	6.5303165e-08	0.0000000	0.0000000	0.0000000	0.0000000	0.0000000	0.0000000	0.0000000	0.0000000
16.0040	0.0000000	0.0000000	0.0000000	0.0000000	0.0000000	0.0000000	0.0000000	0.0000000	0.0000000	0.0000000	0.0000000	0.0000000	0.0000000	0.0000000	0.0000000	0.0000000	0.0000000	0.0000000	0.0000000	0.0000000	0.0000000	0.0000000	0.0000000	0.0000000	0.0000000	0.0000000	0.0000000	0.0000000	0.0000000	0.0000000	0.0000000	0.0000000	0.0000000	0.0000000	0.0000000	0.0000000	0.0000000	0.0000000	0.0000000	0.0000000	0.0000000	4.1651263e-08	4.8638007e-06	0.00028896366	0.0087969101	0.13631321	1.0568392	4.2826523	10.711776	19.949369	31.194085	43.518479	55.702162	66.172257	73.123955	74.863177	70.274814	59.459189	44.246392	28.070398	14.621301	6.0212122	1.9108806	0.47126740	0.095089550	0.016943585	0.0028672291	0.00048479001	8.4287366e-05	1.5242503e-05	2.8747559e-06	5.6370234e-07	3.2870301e-08	0.0000000	0.0000000	0.0000000	0.0000000	0.0000000	0.0000000	0.0000000	0.0000000
10.7700	0.0000000	0.0000000	0.0000000	0.0000000	0.0000000	0.0000000	0.0000000	0.0000000	0.0000000	0.0000000	0.0000000	0.0000000	0.0000000	0.0000000	0.0000000	0.0000000	0.0000000	0.0000000	0.0000000	0.0000000	0.0000000	0.0000000	0.0000000	0.0000000	0.0000000	0.0000000	0.0000000	0.0000000	0.0000000	0.0000000	0.0000000	0.0000000	0.0000000	0.0000000	0.0000000	0.0000000	0.0000000	0.0000000	0.0000000	0.0000000	0.0000000	2.8397090e-09	5.1000395e-07	4.4859186e-05	0.0019545819	0.042017493	0.43891159	2.3317440	7.4495227	17.301389	33.035329	55.260135	83.486958	115.46845	146.73607	170.77724	180.25169	169.72723	139.23907	96.530929	54.505448	24.158196	8.2004402	2.1507958	0.45910563	0.086130426	0.015272727	0.0026933177	0.00048633383	9.1015935e-05	1.7717725e-05	3.5799691e-06	2.1486937e-07	0.0000000	0.0000000	0.0000000	0.0000000	0.0000000	0.0000000	0.0000000	0.0000000
10.6570	0.0000000	0.0000000	0.0000000	0.0000000	0.0000000	0.0000000	0.0000000	0.0000000	0.0000000	0.0000000	0.0000000	0.0000000	0.0000000	0.0000000	0.0000000	0.0000000	0.0000000	0.0000000	0.0000000	0.0000000	0.0000000	0.0000000	0.0000000	0.0000000	0.0000000	0.0000000	0.0000000	0.0000000	0.0000000	0.0000000	0.0000000	0.0000000	0.0000000	0.0000000	0.0000000	0.0000000	0.0000000	0.0000000	0.0000000	0.0000000	0.0000000	1.6958008e-09	3.0822667e-07	2.7327981e-05	0.0011958785	0.025734358	0.26833861	1.4201135	4.5155491	10.437576	19.842352	33.067810	49.809543	68.729318	87.179975	101.33544	106.88620	100.65164	82.657778	57.439071	32.557145	14.505491	4.9545095	1.3083952	0.28129587	0.053154885	0.0094944185	0.0016864993	0.00030664852	5.7744663e-05	1.1296461e-05	2.2896982e-06	1.3758840e-07	0.0000000	0.0000000	0.0000000	0.0000000	0.0000000	0.0000000	0.0000000	0.0000000
12.6800	0.0000000	0.0000000	0.0000000	0.0000000	0.0000000	0.0000000	0.0000000	0.0000000	0.0000000	0.0000000	0.0000000	0.0000000	0.0000000	0.0000000	0.0000000	0.0000000	0.0000000	0.0000000	0.0000000	0.0000000	0.0000000	0.0000000	0.0000000	0.0000000	0.0000000	0.0000000	0.0000000	0.0000000	0.0000000	0.0000000	0.0000000	0.0000000	0.0000000	0.0000000	0.0000000	0.0000000	0.0000000	0.0000000	0.0000000	0.0000000	0.0000000	6.7809282e-09	9.7526705e-07	7.0942743e-05	0.0026255931	0.048876888	0.44634022	2.0699362	5.7524494	11.607152	19.272218	28.140359	37.403447	46.036819	52.685946	55.856467	54.243584	47.378191	36.295818	23.657845	12.646206	5.3417900	1.7388928	0.43989496	0.091014755	0.016616732	0.0028773609	0.00049692603	8.8065591e-05	1.6198161e-05	3.1009585e-06	6.1617826e-07	3.6370182e-08	0.0000000	0.0000000	0.0000000	0.0000000	0.0000000	0.0000000	0.0000000	0.0000000
11.0230	0.0000000	0.0000000	0.0000000	0.0000000	0.0000000	0.0000000	0.0000000	0.0000000	0.0000000	0.0000000	0.0000000	0.0000000	0.0000000	0.0000000	0.0000000	0.0000000	0.0000000	0.0000000	0.0000000	0.0000000	0.0000000	0.0000000	0.0000000	0.0000000	0.0000000	0.0000000	0.0000000	0.0000000	0.0000000	0.0000000	0.0000000	0.0000000	0.0000000	0.0000000	0.0000000	0.0000000	0.0000000	0.0000000	0.0000000	0.0000000	0.0000000	1.1768668e-09	2.0879088e-07	1.8207279e-05	0.00078554914	0.016633100	0.17032332	0.88482704	2.7660950	6.3106306	11.912794	19.841765	30.029267	41.795525	53.607879	63.086548	67.448999	64.469967	53.819110	38.072967	22.000290	9.9998085	3.4836213	0.93732514	0.20497664	0.039317440	0.0071127057	0.0012767368	0.00023429502	4.4521562e-05	8.7939717e-06	1.8015585e-06	1.0955135e-07	0.0000000	0.0000000	0.0000000	0.0000000	0.0000000	0.0000000	0.0000000	0.0000000
10.1150	0.0000000	0.0000000	0.0000000	0.0000000	0.0000000	0.0000000	0.0000000	0.0000000	0.0000000	0.0000000	0.0000000	0.0000000	0.0000000	0.0000000	0.0000000	0.0000000	0.0000000	0.0000000	0.0000000	0.0000000	0.0000000	0.0000000	0.0000000	0.0000000	0.0000000	0.0000000	0.0000000	0.0000000	0.0000000	0.0000000	0.0000000	0.0000000	0.0000000	0.0000000	0.0000000	0.0000000	0.0000000	0.0000000	0.0000000	0.0000000	0.0000000	1.6882983e-10	3.3583110e-08	3.2563331e-06	0.00015548104	0.0036370047	0.041012846	0.23312420	0.78904772	1.9160606	3.7883623	6.4595178	9.7930372	13.373203	16.618711	18.899414	19.545600	18.085461	14.918083	10.634614	6.1736172	2.8148648	0.98385652	0.26599048	0.058586662	0.011351583	0.0020798104	0.00037881934	7.0569537e-05	1.3600201e-05	2.7197123e-06	5.6288154e-07	3.4502823e-08	0.0000000	0.0000000	0.0000000	0.0000000	0.0000000	0.0000000	0.0000000	0.0000000
