# DO NOT EDIT: written Thu Mar 14 18:48:37 2019 by wrt_emiss_fe17.pro
# faked emissivities [1e-23 ergs cm^3/s] for Fe17 lines from Del Zanna 2011, A&A 536, A59
# emissivities include ion balance, but not abundance, and are spline and ion balance jittered off of emiss_Fe17_00000.txt
# line 6 -- SEED, LOGT
# lines 7+ -- WVL, EMISSIVITY
      890517	4.00	4.05	4.10	4.15	4.20	4.25	4.30	4.35	4.40	4.45	4.50	4.55	4.60	4.65	4.70	4.75	4.80	4.85	4.90	4.95	5.00	5.05	5.10	5.15	5.20	5.25	5.30	5.35	5.40	5.45	5.50	5.55	5.60	5.65	5.70	5.75	5.80	5.85	5.90	5.95	6.00	6.05	6.10	6.15	6.20	6.25	6.30	6.35	6.40	6.45	6.50	6.55	6.60	6.65	6.70	6.75	6.80	6.85	6.90	6.95	7.00	7.05	7.10	7.15	7.20	7.25	7.30	7.35	7.40	7.45	7.50	7.55	7.60	7.65	7.70	7.75	7.80	7.85	7.90	7.95	8.00
15.0130	0.0000000	0.0000000	0.0000000	0.0000000	0.0000000	0.0000000	0.0000000	0.0000000	0.0000000	0.0000000	0.0000000	0.0000000	0.0000000	0.0000000	0.0000000	0.0000000	0.0000000	0.0000000	0.0000000	0.0000000	0.0000000	0.0000000	0.0000000	0.0000000	0.0000000	0.0000000	0.0000000	0.0000000	0.0000000	0.0000000	0.0000000	0.0000000	0.0000000	0.0000000	0.0000000	0.0000000	0.0000000	0.0000000	0.0000000	0.0000000	2.5202836e-07	3.6326020e-05	0.0026091721	0.096083585	1.8235321	17.891203	95.554781	312.14494	715.79060	1308.3600	2071.1240	2962.6657	3904.4804	4773.0921	5407.5749	5639.0246	5343.4957	4514.2526	3314.5557	2049.3487	1028.8543	405.04393	122.50364	28.954080	5.7106462	1.0237135	0.17847502	0.031492434	0.0057390261	0.0010863760	0.00021383614	3.7901742e-05	0.0000000	0.0000000	0.0000000	0.0000000	0.0000000	0.0000000	0.0000000	0.0000000	0.0000000
17.0510	0.0000000	0.0000000	0.0000000	0.0000000	0.0000000	0.0000000	0.0000000	0.0000000	0.0000000	0.0000000	0.0000000	0.0000000	0.0000000	0.0000000	0.0000000	0.0000000	0.0000000	0.0000000	0.0000000	0.0000000	0.0000000	0.0000000	0.0000000	0.0000000	0.0000000	0.0000000	0.0000000	0.0000000	0.0000000	0.0000000	0.0000000	0.0000000	0.0000000	0.0000000	0.0000000	0.0000000	0.0000000	0.0000000	0.0000000	0.0000000	5.8127422e-07	7.4007888e-05	0.0047637519	0.15898516	2.7568715	24.872720	122.79544	372.55875	797.07647	1365.1898	2032.9164	2744.4467	3422.3951	3967.0428	4268.4894	4233.1691	3819.5073	3075.4033	2153.3563	1269.9614	608.24485	228.48138	65.958863	14.893690	2.8102769	0.48275720	0.080794442	0.013709701	0.0024066851	0.00043955500	8.3574645e-05	1.4318224e-05	0.0000000	0.0000000	0.0000000	0.0000000	0.0000000	0.0000000	0.0000000	0.0000000	0.0000000
17.0960	0.0000000	0.0000000	0.0000000	0.0000000	0.0000000	0.0000000	0.0000000	0.0000000	0.0000000	0.0000000	0.0000000	0.0000000	0.0000000	0.0000000	0.0000000	0.0000000	0.0000000	0.0000000	0.0000000	0.0000000	0.0000000	0.0000000	0.0000000	0.0000000	0.0000000	0.0000000	0.0000000	0.0000000	0.0000000	0.0000000	0.0000000	0.0000000	0.0000000	0.0000000	0.0000000	0.0000000	0.0000000	0.0000000	0.0000000	0.0000000	5.6796314e-07	7.1624690e-05	0.0045604831	0.15058583	2.5870871	23.145537	113.29687	340.34970	719.38825	1213.9521	1775.9911	2349.5656	2864.6140	3239.5928	3394.7950	3273.7570	2868.1683	2239.5201	1518.6678	866.24479	400.67502	145.13080	40.344050	8.7631886	1.5896650	0.26251557	0.042259486	0.0069050261	0.0011689505	0.00020626332	3.7969459e-05	6.3127173e-06	0.0000000	0.0000000	0.0000000	0.0000000	0.0000000	0.0000000	0.0000000	0.0000000	0.0000000
16.7760	0.0000000	0.0000000	0.0000000	0.0000000	0.0000000	0.0000000	0.0000000	0.0000000	0.0000000	0.0000000	0.0000000	0.0000000	0.0000000	0.0000000	0.0000000	0.0000000	0.0000000	0.0000000	0.0000000	0.0000000	0.0000000	0.0000000	0.0000000	0.0000000	0.0000000	0.0000000	0.0000000	0.0000000	0.0000000	0.0000000	0.0000000	0.0000000	0.0000000	0.0000000	0.0000000	0.0000000	0.0000000	0.0000000	0.0000000	0.0000000	3.8305906e-07	4.9426995e-05	0.0032147697	0.10828954	1.8976026	17.335819	86.842313	267.84188	583.31342	1017.4619	1542.4331	2117.2253	2677.8907	3139.5769	3409.1067	3405.8108	3091.2871	2501.4645	1759.3435	1041.9550	501.04261	188.92375	54.728885	12.396294	2.3453436	0.40382933	0.067723221	0.011512596	0.0020242258	0.00037021083	7.0468062e-05	1.2082313e-05	0.0000000	0.0000000	0.0000000	0.0000000	0.0000000	0.0000000	0.0000000	0.0000000	0.0000000
15.2620	0.0000000	0.0000000	0.0000000	0.0000000	0.0000000	0.0000000	0.0000000	0.0000000	0.0000000	0.0000000	0.0000000	0.0000000	0.0000000	0.0000000	0.0000000	0.0000000	0.0000000	0.0000000	0.0000000	0.0000000	0.0000000	0.0000000	0.0000000	0.0000000	0.0000000	0.0000000	0.0000000	0.0000000	0.0000000	0.0000000	0.0000000	0.0000000	0.0000000	0.0000000	0.0000000	0.0000000	0.0000000	0.0000000	0.0000000	0.0000000	7.8086681e-08	1.1109452e-05	0.00079002505	0.028868048	0.54434131	5.3070381	28.144944	91.224115	207.44302	375.90854	590.00459	837.26101	1095.3044	1329.8228	1496.9995	1551.7790	1462.2485	1228.8621	897.83988	552.54091	276.17446	108.27076	32.615373	7.6796748	1.5093760	0.26971375	0.046887727	0.0082528912	0.0015008151	0.00028362112	5.5757408e-05	9.8745487e-06	0.0000000	0.0000000	0.0000000	0.0000000	0.0000000	0.0000000	0.0000000	0.0000000	0.0000000
12.1240	0.0000000	0.0000000	0.0000000	0.0000000	0.0000000	0.0000000	0.0000000	0.0000000	0.0000000	0.0000000	0.0000000	0.0000000	0.0000000	0.0000000	0.0000000	0.0000000	0.0000000	0.0000000	0.0000000	0.0000000	0.0000000	0.0000000	0.0000000	0.0000000	0.0000000	0.0000000	0.0000000	0.0000000	0.0000000	0.0000000	0.0000000	0.0000000	0.0000000	0.0000000	0.0000000	0.0000000	0.0000000	0.0000000	0.0000000	0.0000000	4.2875756e-09	7.9392723e-07	7.1233032e-05	0.0031947690	0.072175355	0.82575026	5.0494592	18.595892	47.452859	95.414951	164.44628	253.72620	357.55574	463.59676	553.00939	603.34090	594.87917	520.42663	394.04133	250.27546	128.62339	53.827091	18.005362	4.6732521	0.99615377	0.18730180	0.033003810	0.0058779352	0.0010798008	0.00020581368	4.0737297e-05	7.2495267e-06	0.0000000	0.0000000	0.0000000	0.0000000	0.0000000	0.0000000	0.0000000	0.0000000	0.0000000
12.2640	0.0000000	0.0000000	0.0000000	0.0000000	0.0000000	0.0000000	0.0000000	0.0000000	0.0000000	0.0000000	0.0000000	0.0000000	0.0000000	0.0000000	0.0000000	0.0000000	0.0000000	0.0000000	0.0000000	0.0000000	0.0000000	0.0000000	0.0000000	0.0000000	0.0000000	0.0000000	0.0000000	0.0000000	0.0000000	0.0000000	0.0000000	0.0000000	0.0000000	0.0000000	0.0000000	0.0000000	0.0000000	0.0000000	0.0000000	0.0000000	5.0075380e-09	9.1061746e-07	8.0554986e-05	0.0035751160	0.080177929	0.91285087	5.5632483	20.423496	51.918366	103.93633	178.29166	273.81532	384.28860	496.71375	591.19342	643.89536	633.88367	553.60552	418.28444	265.05081	135.90038	54.479572	16.737724	4.0120335	0.80154560	0.14536186	0.025601993	0.0045572262	0.00083659366	0.00015931039	3.1495485e-05	5.5967966e-06	0.0000000	0.0000000	0.0000000	0.0000000	0.0000000	0.0000000	0.0000000	0.0000000	0.0000000
13.8250	0.0000000	0.0000000	0.0000000	0.0000000	0.0000000	0.0000000	0.0000000	0.0000000	0.0000000	0.0000000	0.0000000	0.0000000	0.0000000	0.0000000	0.0000000	0.0000000	0.0000000	0.0000000	0.0000000	0.0000000	0.0000000	0.0000000	0.0000000	0.0000000	0.0000000	0.0000000	0.0000000	0.0000000	0.0000000	0.0000000	0.0000000	0.0000000	0.0000000	0.0000000	0.0000000	0.0000000	0.0000000	0.0000000	0.0000000	0.0000000	8.3810728e-09	1.2898765e-06	9.8993615e-05	0.0039042965	0.079586170	0.84036546	4.8305562	16.938333	41.455661	80.375918	134.25467	201.79183	278.58628	356.10817	421.37562	458.19773	451.67951	395.62368	299.87616	190.50816	97.866703	39.290603	12.087354	2.9015079	0.58087535	0.10570614	0.018714597	0.0033550550	0.00062146848	0.00011961505	2.3936241e-05	4.3103582e-06	0.0000000	0.0000000	0.0000000	0.0000000	0.0000000	0.0000000	0.0000000	0.0000000	0.0000000
15.4530	0.0000000	0.0000000	0.0000000	0.0000000	0.0000000	0.0000000	0.0000000	0.0000000	0.0000000	0.0000000	0.0000000	0.0000000	0.0000000	0.0000000	0.0000000	0.0000000	0.0000000	0.0000000	0.0000000	0.0000000	0.0000000	0.0000000	0.0000000	0.0000000	0.0000000	0.0000000	0.0000000	0.0000000	0.0000000	0.0000000	0.0000000	0.0000000	0.0000000	0.0000000	0.0000000	0.0000000	0.0000000	0.0000000	0.0000000	0.0000000	2.5444277e-08	3.4930762e-06	0.00023953618	0.0084330913	0.15309369	1.4362289	7.3261427	22.824604	49.837208	86.593911	130.09238	176.34235	219.89096	253.88918	271.15517	266.06804	236.85694	187.72181	129.13582	74.704803	35.051549	12.885605	3.6373032	0.80255042	0.14790444	0.024809183	0.0040541453	0.00067192816	0.00011528146	2.0594351e-05	3.8333662e-06	6.4346679e-07	0.0000000	0.0000000	0.0000000	0.0000000	0.0000000	0.0000000	0.0000000	0.0000000	0.0000000
11.2500	0.0000000	0.0000000	0.0000000	0.0000000	0.0000000	0.0000000	0.0000000	0.0000000	0.0000000	0.0000000	0.0000000	0.0000000	0.0000000	0.0000000	0.0000000	0.0000000	0.0000000	0.0000000	0.0000000	0.0000000	0.0000000	0.0000000	0.0000000	0.0000000	0.0000000	0.0000000	0.0000000	0.0000000	0.0000000	0.0000000	0.0000000	0.0000000	0.0000000	0.0000000	0.0000000	0.0000000	0.0000000	0.0000000	0.0000000	0.0000000	1.1160811e-09	2.2643758e-07	2.2030142e-05	0.0010615449	0.025555166	0.30924703	1.9865900	7.6368294	20.228084	42.025149	74.547246	118.00239	170.16137	225.29622	273.92138	304.11207	304.71410	270.60841	207.81703	133.80723	69.660509	28.315823	8.8042276	2.1305896	0.42856467	0.078033317	0.013764818	0.0024489599	0.00044860508	8.5133450e-05	1.6757038e-05	2.9627318e-06	0.0000000	0.0000000	0.0000000	0.0000000	0.0000000	0.0000000	0.0000000	0.0000000	0.0000000
11.1290	0.0000000	0.0000000	0.0000000	0.0000000	0.0000000	0.0000000	0.0000000	0.0000000	0.0000000	0.0000000	0.0000000	0.0000000	0.0000000	0.0000000	0.0000000	0.0000000	0.0000000	0.0000000	0.0000000	0.0000000	0.0000000	0.0000000	0.0000000	0.0000000	0.0000000	0.0000000	0.0000000	0.0000000	0.0000000	0.0000000	0.0000000	0.0000000	0.0000000	0.0000000	0.0000000	0.0000000	0.0000000	0.0000000	0.0000000	0.0000000	6.5547363e-10	1.3482979e-07	1.3283406e-05	0.00064747840	0.015752356	0.19246751	1.2472043	4.8313142	12.879800	26.900565	47.921599	76.110133	110.03312	145.96017	177.68579	197.38793	197.76084	175.48356	134.55264	86.437568	44.893096	18.217357	5.6627982	1.3729861	0.27748968	0.050931912	0.0090833022	0.0016379558	0.00030473903	5.8833641e-05	1.1795880e-05	2.1262300e-06	0.0000000	0.0000000	0.0000000	0.0000000	0.0000000	0.0000000	0.0000000	0.0000000	0.0000000
16.3360	0.0000000	0.0000000	0.0000000	0.0000000	0.0000000	0.0000000	0.0000000	0.0000000	0.0000000	0.0000000	0.0000000	0.0000000	0.0000000	0.0000000	0.0000000	0.0000000	0.0000000	0.0000000	0.0000000	0.0000000	0.0000000	0.0000000	0.0000000	0.0000000	0.0000000	0.0000000	0.0000000	0.0000000	0.0000000	0.0000000	0.0000000	0.0000000	0.0000000	0.0000000	0.0000000	0.0000000	0.0000000	0.0000000	0.0000000	0.0000000	1.1574448e-08	1.5265100e-06	0.00010138025	0.0034823329	0.062165436	0.57791090	2.9399857	9.1611746	19.706640	33.835957	50.363147	67.795039	84.129095	96.895306	103.48593	101.78827	91.028937	72.606686	50.333869	29.382560	13.930308	5.1812148	1.4815750	0.33157896	0.062059348	0.010584157	0.0017606669	0.00029735827	5.2028951e-05	9.4845470e-06	1.8021873e-06	3.0888310e-07	0.0000000	0.0000000	0.0000000	0.0000000	0.0000000	0.0000000	0.0000000	0.0000000	0.0000000
13.8900	0.0000000	0.0000000	0.0000000	0.0000000	0.0000000	0.0000000	0.0000000	0.0000000	0.0000000	0.0000000	0.0000000	0.0000000	0.0000000	0.0000000	0.0000000	0.0000000	0.0000000	0.0000000	0.0000000	0.0000000	0.0000000	0.0000000	0.0000000	0.0000000	0.0000000	0.0000000	0.0000000	0.0000000	0.0000000	0.0000000	0.0000000	0.0000000	0.0000000	0.0000000	0.0000000	0.0000000	0.0000000	0.0000000	0.0000000	0.0000000	4.0596243e-09	6.0686334e-07	4.5001043e-05	0.0017074049	0.033370196	0.33698103	1.8481238	6.1653974	14.297378	26.150611	41.048946	57.808437	74.632584	89.169861	98.719399	100.61458	93.191809	76.932859	55.150881	33.250453	16.263347	6.2356747	1.8373787	0.42361717	0.081667912	0.014346255	0.0024575055	0.00042722485	7.6903113e-05	1.4412769e-05	2.8134961e-06	4.9502877e-07	0.0000000	0.0000000	0.0000000	0.0000000	0.0000000	0.0000000	0.0000000	0.0000000	0.0000000
16.0040	0.0000000	0.0000000	0.0000000	0.0000000	0.0000000	0.0000000	0.0000000	0.0000000	0.0000000	0.0000000	0.0000000	0.0000000	0.0000000	0.0000000	0.0000000	0.0000000	0.0000000	0.0000000	0.0000000	0.0000000	0.0000000	0.0000000	0.0000000	0.0000000	0.0000000	0.0000000	0.0000000	0.0000000	0.0000000	0.0000000	0.0000000	0.0000000	0.0000000	0.0000000	0.0000000	0.0000000	0.0000000	0.0000000	0.0000000	0.0000000	6.0688758e-09	8.2443769e-07	5.6238088e-05	0.0019757215	0.035881358	0.33759185	1.7315909	5.4404683	12.017757	21.180841	32.338408	44.603257	56.633134	66.638883	72.619484	72.811910	66.323863	53.838863	37.950303	22.498439	10.813927	4.0691761	1.1745439	0.26475439	0.049798375	0.0085157251	0.0014173662	0.00023928608	4.1868594e-05	7.6437601e-06	1.4568488e-06	2.5080423e-07	0.0000000	0.0000000	0.0000000	0.0000000	0.0000000	0.0000000	0.0000000	0.0000000	0.0000000
10.7700	0.0000000	0.0000000	0.0000000	0.0000000	0.0000000	0.0000000	0.0000000	0.0000000	0.0000000	0.0000000	0.0000000	0.0000000	0.0000000	0.0000000	0.0000000	0.0000000	0.0000000	0.0000000	0.0000000	0.0000000	0.0000000	0.0000000	0.0000000	0.0000000	0.0000000	0.0000000	0.0000000	0.0000000	0.0000000	0.0000000	0.0000000	0.0000000	0.0000000	0.0000000	0.0000000	0.0000000	0.0000000	0.0000000	0.0000000	0.0000000	3.2132873e-10	6.8841068e-08	7.0539496e-06	0.00035739903	0.0090369360	0.11474779	0.77235799	3.1032713	8.5565429	18.415823	33.698865	54.840670	81.097558	109.92546	136.68432	155.01991	158.43866	143.25592	111.75811	72.915847	38.387920	15.759523	4.9460296	1.2082402	0.24551576	0.045219542	0.0080771524	0.0014560054	0.00027026902	5.1958164e-05	1.0352848e-05	1.8508303e-06	0.0000000	0.0000000	0.0000000	0.0000000	0.0000000	0.0000000	0.0000000	0.0000000	0.0000000
10.6570	0.0000000	0.0000000	0.0000000	0.0000000	0.0000000	0.0000000	0.0000000	0.0000000	0.0000000	0.0000000	0.0000000	0.0000000	0.0000000	0.0000000	0.0000000	0.0000000	0.0000000	0.0000000	0.0000000	0.0000000	0.0000000	0.0000000	0.0000000	0.0000000	0.0000000	0.0000000	0.0000000	0.0000000	0.0000000	0.0000000	0.0000000	0.0000000	0.0000000	0.0000000	0.0000000	0.0000000	0.0000000	0.0000000	0.0000000	0.0000000	1.8143705e-10	4.0442962e-08	4.2888723e-06	0.00022363369	0.0057857249	0.074708439	0.50805170	2.0488982	5.6347258	12.019377	21.645116	34.431536	49.586230	65.481678	79.640228	88.723980	89.399598	79.935097	61.824722	40.073994	20.990443	8.5800927	2.6816019	0.65207690	0.13177474	0.024116990	0.0042802950	0.00076712178	0.00014173416	2.7162437e-05	5.4050349e-06	9.6697351e-07	0.0000000	0.0000000	0.0000000	0.0000000	0.0000000	0.0000000	0.0000000	0.0000000	0.0000000
12.6800	0.0000000	0.0000000	0.0000000	0.0000000	0.0000000	0.0000000	0.0000000	0.0000000	0.0000000	0.0000000	0.0000000	0.0000000	0.0000000	0.0000000	0.0000000	0.0000000	0.0000000	0.0000000	0.0000000	0.0000000	0.0000000	0.0000000	0.0000000	0.0000000	0.0000000	0.0000000	0.0000000	0.0000000	0.0000000	0.0000000	0.0000000	0.0000000	0.0000000	0.0000000	0.0000000	0.0000000	0.0000000	0.0000000	0.0000000	0.0000000	1.1607060e-09	1.8822387e-07	1.5055152e-05	0.00061353990	0.012829025	0.13788286	0.79825068	2.7769050	6.6499442	12.477043	19.988968	28.641657	37.603189	45.732985	51.520082	53.384580	50.197271	41.973289	30.397816	18.484546	9.1074996	3.5138021	1.0408964	0.24107691	0.046640311	0.0082107476	0.0014073716	0.00024442100	4.3884535e-05	8.1918016e-06	1.5908040e-06	2.7821355e-07	0.0000000	0.0000000	0.0000000	0.0000000	0.0000000	0.0000000	0.0000000	0.0000000	0.0000000
11.0230	0.0000000	0.0000000	0.0000000	0.0000000	0.0000000	0.0000000	0.0000000	0.0000000	0.0000000	0.0000000	0.0000000	0.0000000	0.0000000	0.0000000	0.0000000	0.0000000	0.0000000	0.0000000	0.0000000	0.0000000	0.0000000	0.0000000	0.0000000	0.0000000	0.0000000	0.0000000	0.0000000	0.0000000	0.0000000	0.0000000	0.0000000	0.0000000	0.0000000	0.0000000	0.0000000	0.0000000	0.0000000	0.0000000	0.0000000	0.0000000	1.2590244e-10	2.6899252e-08	2.7656278e-06	0.00014100952	0.0035823490	0.045453206	0.30412324	1.2103002	3.3012293	7.0373608	12.792766	20.743726	30.627476	41.490292	51.549187	58.362777	59.510936	53.688422	41.822623	27.285494	14.390709	5.9274072	1.8679439	0.45829741	0.093515987	0.017292614	0.0031018376	0.00056192417	0.00010504922	2.0410278e-05	4.1282825e-06	7.5293428e-07	0.0000000	0.0000000	0.0000000	0.0000000	0.0000000	0.0000000	0.0000000	0.0000000	0.0000000
10.1150	0.0000000	0.0000000	0.0000000	0.0000000	0.0000000	0.0000000	0.0000000	0.0000000	0.0000000	0.0000000	0.0000000	0.0000000	0.0000000	0.0000000	0.0000000	0.0000000	0.0000000	0.0000000	0.0000000	0.0000000	0.0000000	0.0000000	0.0000000	0.0000000	0.0000000	0.0000000	0.0000000	0.0000000	0.0000000	0.0000000	0.0000000	0.0000000	0.0000000	0.0000000	0.0000000	0.0000000	0.0000000	0.0000000	0.0000000	0.0000000	1.9695156e-11	4.6687212e-09	5.2384857e-07	2.8797905e-05	0.00078366468	0.010632040	0.075970812	0.32215560	0.93246289	2.0951468	3.9809323	6.6957486	10.194573	14.186079	18.072913	20.976752	21.914784	20.226193	16.081247	10.517995	5.5215387	2.2512594	0.69918095	0.16842662	0.033623284	0.0060587200	0.0010633615	0.00019785298	4.0952998e-05	8.8719998e-06	1.8458652e-06	3.3759799e-07	0.0000000	0.0000000	0.0000000	0.0000000	0.0000000	0.0000000	0.0000000	0.0000000	0.0000000
