# DO NOT EDIT: written Thu Mar 14 18:48:37 2019 by wrt_emiss_fe17.pro
# faked emissivities [1e-23 ergs cm^3/s] for Fe17 lines from Del Zanna 2011, A&A 536, A59
# emissivities include ion balance, but not abundance, and are spline and ion balance jittered off of emiss_Fe17_00000.txt
# line 6 -- SEED, LOGT
# lines 7+ -- WVL, EMISSIVITY
      565912	4.00	4.05	4.10	4.15	4.20	4.25	4.30	4.35	4.40	4.45	4.50	4.55	4.60	4.65	4.70	4.75	4.80	4.85	4.90	4.95	5.00	5.05	5.10	5.15	5.20	5.25	5.30	5.35	5.40	5.45	5.50	5.55	5.60	5.65	5.70	5.75	5.80	5.85	5.90	5.95	6.00	6.05	6.10	6.15	6.20	6.25	6.30	6.35	6.40	6.45	6.50	6.55	6.60	6.65	6.70	6.75	6.80	6.85	6.90	6.95	7.00	7.05	7.10	7.15	7.20	7.25	7.30	7.35	7.40	7.45	7.50	7.55	7.60	7.65	7.70	7.75	7.80	7.85	7.90	7.95	8.00
15.0130	0.0000000	0.0000000	0.0000000	0.0000000	0.0000000	0.0000000	0.0000000	0.0000000	0.0000000	0.0000000	0.0000000	0.0000000	0.0000000	0.0000000	0.0000000	0.0000000	0.0000000	0.0000000	0.0000000	0.0000000	0.0000000	0.0000000	0.0000000	0.0000000	0.0000000	0.0000000	0.0000000	0.0000000	0.0000000	0.0000000	0.0000000	0.0000000	0.0000000	0.0000000	0.0000000	0.0000000	0.0000000	0.0000000	0.0000000	0.0000000	0.0000000	1.6431432e-06	0.00020516622	0.012992276	0.42019506	6.8907877	56.280294	239.01742	624.04025	1211.6955	1975.3681	2873.4326	3835.8219	4753.6220	5479.7463	5850.6272	5724.9937	5047.6879	3914.0646	2587.2833	1403.5499	601.31532	198.18022	50.701410	10.638003	1.9806015	0.35135645	0.062293355	0.011334189	0.0021373080	0.00041876608	8.4987499e-05	3.7501467e-06	0.0000000	0.0000000	0.0000000	0.0000000	0.0000000	0.0000000	0.0000000	0.0000000
17.0510	0.0000000	0.0000000	0.0000000	0.0000000	0.0000000	0.0000000	0.0000000	0.0000000	0.0000000	0.0000000	0.0000000	0.0000000	0.0000000	0.0000000	0.0000000	0.0000000	0.0000000	0.0000000	0.0000000	0.0000000	0.0000000	0.0000000	0.0000000	0.0000000	0.0000000	0.0000000	0.0000000	0.0000000	0.0000000	0.0000000	0.0000000	0.0000000	0.0000000	0.0000000	0.0000000	0.0000000	0.0000000	0.0000000	0.0000000	0.0000000	0.0000000	3.0753808e-06	0.00034363157	0.019700790	0.58175118	8.7686550	66.180582	260.97776	635.53320	1155.8139	1771.3358	2429.2221	3063.8315	3592.6233	3922.0092	3967.4539	3678.9808	3073.1878	2255.9572	1410.0069	722.17466	291.65583	90.502297	21.799097	4.3109970	0.75802896	0.12735138	0.021454632	0.0037237859	0.00067277468	0.00012685962	2.4887540e-05	1.0664508e-06	0.0000000	0.0000000	0.0000000	0.0000000	0.0000000	0.0000000	0.0000000	0.0000000
17.0960	0.0000000	0.0000000	0.0000000	0.0000000	0.0000000	0.0000000	0.0000000	0.0000000	0.0000000	0.0000000	0.0000000	0.0000000	0.0000000	0.0000000	0.0000000	0.0000000	0.0000000	0.0000000	0.0000000	0.0000000	0.0000000	0.0000000	0.0000000	0.0000000	0.0000000	0.0000000	0.0000000	0.0000000	0.0000000	0.0000000	0.0000000	0.0000000	0.0000000	0.0000000	0.0000000	0.0000000	0.0000000	0.0000000	0.0000000	0.0000000	0.0000000	3.0363872e-06	0.00033723107	0.019240776	0.56685716	8.5414436	64.497433	254.31298	618.24333	1119.8837	1705.0736	2317.5107	2890.0776	3343.0695	3592.5351	3569.8847	3244.7501	2650.9263	1899.0618	1156.2014	576.00100	226.03109	68.125177	15.945502	3.0684867	0.52625601	0.086487264	0.014282864	0.0024323089	0.00043105899	7.9624331e-05	1.5266209e-05	6.3715591e-07	0.0000000	0.0000000	0.0000000	0.0000000	0.0000000	0.0000000	0.0000000	0.0000000
16.7760	0.0000000	0.0000000	0.0000000	0.0000000	0.0000000	0.0000000	0.0000000	0.0000000	0.0000000	0.0000000	0.0000000	0.0000000	0.0000000	0.0000000	0.0000000	0.0000000	0.0000000	0.0000000	0.0000000	0.0000000	0.0000000	0.0000000	0.0000000	0.0000000	0.0000000	0.0000000	0.0000000	0.0000000	0.0000000	0.0000000	0.0000000	0.0000000	0.0000000	0.0000000	0.0000000	0.0000000	0.0000000	0.0000000	0.0000000	0.0000000	0.0000000	2.1383852e-06	0.00024454407	0.014457629	0.44342463	6.9800239	55.196843	226.07719	560.00413	1037.0122	1618.6816	2259.8604	2896.8418	3445.9656	3811.0606	3901.4317	3531.1491	2727.4732	1809.8295	1068.8402	552.90381	225.43827	70.583724	17.140258	3.4139419	0.60393076	0.10195700	0.017238346	0.0029985032	0.00054205964	0.00010209438	1.9968370e-05	8.5134562e-07	0.0000000	0.0000000	0.0000000	0.0000000	0.0000000	0.0000000	0.0000000	0.0000000
15.2620	0.0000000	0.0000000	0.0000000	0.0000000	0.0000000	0.0000000	0.0000000	0.0000000	0.0000000	0.0000000	0.0000000	0.0000000	0.0000000	0.0000000	0.0000000	0.0000000	0.0000000	0.0000000	0.0000000	0.0000000	0.0000000	0.0000000	0.0000000	0.0000000	0.0000000	0.0000000	0.0000000	0.0000000	0.0000000	0.0000000	0.0000000	0.0000000	0.0000000	0.0000000	0.0000000	0.0000000	0.0000000	0.0000000	0.0000000	0.0000000	0.0000000	5.3269948e-07	6.6282045e-05	0.0041962546	0.13597170	2.2359415	18.308919	77.927758	203.83852	396.44998	631.76519	885.44786	1143.4078	1377.2633	1551.4068	1626.7774	1570.3541	1371.0813	1056.0197	694.92110	375.82043	160.61009	52.805442	13.477297	2.8212530	0.52411572	0.092787083	0.016419874	0.0029826182	0.00056164035	0.00010991927	2.2288712e-05	9.8291429e-07	0.0000000	0.0000000	0.0000000	0.0000000	0.0000000	0.0000000	0.0000000	0.0000000
12.1240	0.0000000	0.0000000	0.0000000	0.0000000	0.0000000	0.0000000	0.0000000	0.0000000	0.0000000	0.0000000	0.0000000	0.0000000	0.0000000	0.0000000	0.0000000	0.0000000	0.0000000	0.0000000	0.0000000	0.0000000	0.0000000	0.0000000	0.0000000	0.0000000	0.0000000	0.0000000	0.0000000	0.0000000	0.0000000	0.0000000	0.0000000	0.0000000	0.0000000	0.0000000	0.0000000	0.0000000	0.0000000	0.0000000	0.0000000	0.0000000	0.0000000	3.8216474e-08	5.9593805e-06	0.00046001146	0.017742585	0.34019660	3.1920533	15.343768	44.775891	96.091478	171.39063	270.22866	387.57382	511.70542	623.56788	698.90363	713.41806	652.39337	521.85921	354.02091	196.10094	85.366303	28.462700	7.3436277	1.5507394	0.29018988	0.051705139	0.0092064841	0.0016832329	0.00031931549	6.3029961e-05	1.2903286e-05	5.7504332e-07	0.0000000	0.0000000	0.0000000	0.0000000	0.0000000	0.0000000	0.0000000	0.0000000
12.2640	0.0000000	0.0000000	0.0000000	0.0000000	0.0000000	0.0000000	0.0000000	0.0000000	0.0000000	0.0000000	0.0000000	0.0000000	0.0000000	0.0000000	0.0000000	0.0000000	0.0000000	0.0000000	0.0000000	0.0000000	0.0000000	0.0000000	0.0000000	0.0000000	0.0000000	0.0000000	0.0000000	0.0000000	0.0000000	0.0000000	0.0000000	0.0000000	0.0000000	0.0000000	0.0000000	0.0000000	0.0000000	0.0000000	0.0000000	0.0000000	0.0000000	3.5447029e-08	5.6069593e-06	0.00044243297	0.017522668	0.34544938	3.3263523	16.324670	48.326143	104.61175	187.30112	295.26968	422.12352	554.26809	670.35744	744.12794	750.65548	676.88078	532.74785	354.98624	192.91850	82.342359	26.915727	6.8106840	1.4114883	0.25946723	0.045469380	0.0079750078	0.0014390038	0.00027003205	5.2868612e-05	1.0772967e-05	4.8009625e-07	0.0000000	0.0000000	0.0000000	0.0000000	0.0000000	0.0000000	0.0000000	0.0000000
13.8250	0.0000000	0.0000000	0.0000000	0.0000000	0.0000000	0.0000000	0.0000000	0.0000000	0.0000000	0.0000000	0.0000000	0.0000000	0.0000000	0.0000000	0.0000000	0.0000000	0.0000000	0.0000000	0.0000000	0.0000000	0.0000000	0.0000000	0.0000000	0.0000000	0.0000000	0.0000000	0.0000000	0.0000000	0.0000000	0.0000000	0.0000000	0.0000000	0.0000000	0.0000000	0.0000000	0.0000000	0.0000000	0.0000000	0.0000000	0.0000000	0.0000000	6.0566134e-08	8.1162861e-06	0.00055437361	0.019438079	0.34691985	3.0882285	14.271838	40.341831	84.306519	147.13417	228.04576	323.09647	423.65618	515.28292	578.34790	592.05812	542.69981	434.14478	293.50215	161.40399	69.481217	22.815067	5.7713872	1.1896105	0.21664490	0.037511070	0.0064906465	0.0011549844	0.00021392358	4.1431927e-05	8.3821242e-06	3.7264703e-07	0.0000000	0.0000000	0.0000000	0.0000000	0.0000000	0.0000000	0.0000000	0.0000000
15.4530	0.0000000	0.0000000	0.0000000	0.0000000	0.0000000	0.0000000	0.0000000	0.0000000	0.0000000	0.0000000	0.0000000	0.0000000	0.0000000	0.0000000	0.0000000	0.0000000	0.0000000	0.0000000	0.0000000	0.0000000	0.0000000	0.0000000	0.0000000	0.0000000	0.0000000	0.0000000	0.0000000	0.0000000	0.0000000	0.0000000	0.0000000	0.0000000	0.0000000	0.0000000	0.0000000	0.0000000	0.0000000	0.0000000	0.0000000	0.0000000	0.0000000	1.7501661e-07	2.1025820e-05	0.0012836181	0.040063265	0.63398080	4.9915426	20.405661	51.189683	95.304360	148.64667	206.39329	262.32923	308.60553	336.56274	338.76251	311.38758	256.97031	185.81181	114.10662	57.300078	22.648122	6.8675382	1.6143772	0.31126291	0.053320101	0.0087222445	0.0014302627	0.00024156772	4.2458844e-05	7.7859063e-06	1.4846692e-06	6.1792996e-08	0.0000000	0.0000000	0.0000000	0.0000000	0.0000000	0.0000000	0.0000000	0.0000000
11.2500	0.0000000	0.0000000	0.0000000	0.0000000	0.0000000	0.0000000	0.0000000	0.0000000	0.0000000	0.0000000	0.0000000	0.0000000	0.0000000	0.0000000	0.0000000	0.0000000	0.0000000	0.0000000	0.0000000	0.0000000	0.0000000	0.0000000	0.0000000	0.0000000	0.0000000	0.0000000	0.0000000	0.0000000	0.0000000	0.0000000	0.0000000	0.0000000	0.0000000	0.0000000	0.0000000	0.0000000	0.0000000	0.0000000	0.0000000	0.0000000	0.0000000	7.1202057e-09	1.2196773e-06	0.00010247066	0.0042659379	0.087615848	0.87435521	4.4398469	13.603268	30.491900	56.543735	92.312335	136.60341	185.49237	231.75364	265.51228	276.23245	256.73350	208.15689	142.77177	79.776240	34.957475	11.709280	3.0293911	0.64039359	0.11978134	0.021297970	0.0037779691	0.00068690925	0.00012934955	2.5296697e-05	5.1228705e-06	2.2559592e-07	0.0000000	0.0000000	0.0000000	0.0000000	0.0000000	0.0000000	0.0000000	0.0000000
11.1290	0.0000000	0.0000000	0.0000000	0.0000000	0.0000000	0.0000000	0.0000000	0.0000000	0.0000000	0.0000000	0.0000000	0.0000000	0.0000000	0.0000000	0.0000000	0.0000000	0.0000000	0.0000000	0.0000000	0.0000000	0.0000000	0.0000000	0.0000000	0.0000000	0.0000000	0.0000000	0.0000000	0.0000000	0.0000000	0.0000000	0.0000000	0.0000000	0.0000000	0.0000000	0.0000000	0.0000000	0.0000000	0.0000000	0.0000000	0.0000000	0.0000000	5.8371638e-09	1.0132470e-06	8.6175006e-05	0.0036283424	0.075303386	0.75871306	3.8859311	11.995794	27.062929	50.464773	82.784763	123.02034	167.67297	210.19110	241.51777	251.90687	234.62262	190.55221	130.86221	73.186156	32.087673	10.751010	2.7815624	0.58789241	0.10991580	0.019529855	0.0034605548	0.00062823263	0.00011805945	2.3028751e-05	4.6486099e-06	2.0391341e-07	0.0000000	0.0000000	0.0000000	0.0000000	0.0000000	0.0000000	0.0000000	0.0000000
16.3360	0.0000000	0.0000000	0.0000000	0.0000000	0.0000000	0.0000000	0.0000000	0.0000000	0.0000000	0.0000000	0.0000000	0.0000000	0.0000000	0.0000000	0.0000000	0.0000000	0.0000000	0.0000000	0.0000000	0.0000000	0.0000000	0.0000000	0.0000000	0.0000000	0.0000000	0.0000000	0.0000000	0.0000000	0.0000000	0.0000000	0.0000000	0.0000000	0.0000000	0.0000000	0.0000000	0.0000000	0.0000000	0.0000000	0.0000000	0.0000000	0.0000000	6.3571690e-08	7.2854467e-06	0.00042684049	0.012870640	0.19809118	1.5254310	6.1275524	15.161692	27.914611	43.144771	59.473476	75.181058	88.156562	96.071256	96.871543	89.420128	74.266832	54.139721	33.572565	17.050020	6.8249308	2.0985043	0.50081543	0.098138861	0.017102441	0.0028488190	0.00047613631	8.2039491e-05	1.4721700e-05	2.7576663e-06	5.3734122e-07	2.2857013e-08	0.0000000	0.0000000	0.0000000	0.0000000	0.0000000	0.0000000	0.0000000	0.0000000
13.8900	0.0000000	0.0000000	0.0000000	0.0000000	0.0000000	0.0000000	0.0000000	0.0000000	0.0000000	0.0000000	0.0000000	0.0000000	0.0000000	0.0000000	0.0000000	0.0000000	0.0000000	0.0000000	0.0000000	0.0000000	0.0000000	0.0000000	0.0000000	0.0000000	0.0000000	0.0000000	0.0000000	0.0000000	0.0000000	0.0000000	0.0000000	0.0000000	0.0000000	0.0000000	0.0000000	0.0000000	0.0000000	0.0000000	0.0000000	0.0000000	0.0000000	1.9183028e-08	2.4823036e-06	0.00016314105	0.0054898855	0.093866702	0.79924580	3.5256232	9.4810895	18.782042	30.976256	45.266281	60.390914	74.572741	85.543792	90.753918	88.059012	77.921627	61.566641	41.121842	22.357440	9.5264431	3.1016154	0.77980592	0.16018150	0.029115592	0.0050322966	0.00086831141	0.00015371740	2.8212883e-05	5.3831717e-06	1.0645425e-06	4.5806595e-08	0.0000000	0.0000000	0.0000000	0.0000000	0.0000000	0.0000000	0.0000000	0.0000000
16.0040	0.0000000	0.0000000	0.0000000	0.0000000	0.0000000	0.0000000	0.0000000	0.0000000	0.0000000	0.0000000	0.0000000	0.0000000	0.0000000	0.0000000	0.0000000	0.0000000	0.0000000	0.0000000	0.0000000	0.0000000	0.0000000	0.0000000	0.0000000	0.0000000	0.0000000	0.0000000	0.0000000	0.0000000	0.0000000	0.0000000	0.0000000	0.0000000	0.0000000	0.0000000	0.0000000	0.0000000	0.0000000	0.0000000	0.0000000	0.0000000	0.0000000	4.3140251e-08	5.1313669e-06	0.00031103185	0.0096598436	0.15245424	1.2000780	4.9186797	12.409341	23.296335	36.708851	51.559173	66.343097	79.086420	87.517583	89.522664	83.753442	70.424442	51.908582	32.488870	16.612714	6.6753825	2.0534336	0.48852714	0.095065051	0.016399319	0.0027150115	0.00045469799	7.9031018e-05	1.4375317e-05	2.7376915e-06	5.4297344e-07	2.3495092e-08	0.0000000	0.0000000	0.0000000	0.0000000	0.0000000	0.0000000	0.0000000	0.0000000
10.7700	0.0000000	0.0000000	0.0000000	0.0000000	0.0000000	0.0000000	0.0000000	0.0000000	0.0000000	0.0000000	0.0000000	0.0000000	0.0000000	0.0000000	0.0000000	0.0000000	0.0000000	0.0000000	0.0000000	0.0000000	0.0000000	0.0000000	0.0000000	0.0000000	0.0000000	0.0000000	0.0000000	0.0000000	0.0000000	0.0000000	0.0000000	0.0000000	0.0000000	0.0000000	0.0000000	0.0000000	0.0000000	0.0000000	0.0000000	0.0000000	0.0000000	3.2084782e-09	5.7190890e-07	4.9483956e-05	0.0021054611	0.043971850	0.44491824	2.2882769	7.1051651	16.190983	30.741544	51.953136	80.470548	115.11992	151.83027	183.15617	199.41444	192.70530	158.66624	109.57146	61.573687	27.110128	9.1176302	2.3671811	0.50196987	0.094165881	0.016789237	0.0029855938	0.00054403633	0.00010264069	2.0105451e-05	4.0769185e-06	1.7970809e-07	0.0000000	0.0000000	0.0000000	0.0000000	0.0000000	0.0000000	0.0000000	0.0000000
10.6570	0.0000000	0.0000000	0.0000000	0.0000000	0.0000000	0.0000000	0.0000000	0.0000000	0.0000000	0.0000000	0.0000000	0.0000000	0.0000000	0.0000000	0.0000000	0.0000000	0.0000000	0.0000000	0.0000000	0.0000000	0.0000000	0.0000000	0.0000000	0.0000000	0.0000000	0.0000000	0.0000000	0.0000000	0.0000000	0.0000000	0.0000000	0.0000000	0.0000000	0.0000000	0.0000000	0.0000000	0.0000000	0.0000000	0.0000000	0.0000000	0.0000000	1.8057244e-09	3.2775987e-07	2.8999859e-05	0.0012649711	0.027094655	0.28062336	1.4711790	4.6269126	10.584847	19.935367	32.928924	49.160363	67.212607	84.438582	97.154792	101.36867	94.338990	76.472615	52.363622	29.172653	12.732054	4.2441673	1.0921414	0.22956546	0.042705626	0.0075586308	0.0013364517	0.00024261463	4.5703063e-05	8.9602473e-06	1.8230823e-06	8.0836513e-08	0.0000000	0.0000000	0.0000000	0.0000000	0.0000000	0.0000000	0.0000000	0.0000000
12.6800	0.0000000	0.0000000	0.0000000	0.0000000	0.0000000	0.0000000	0.0000000	0.0000000	0.0000000	0.0000000	0.0000000	0.0000000	0.0000000	0.0000000	0.0000000	0.0000000	0.0000000	0.0000000	0.0000000	0.0000000	0.0000000	0.0000000	0.0000000	0.0000000	0.0000000	0.0000000	0.0000000	0.0000000	0.0000000	0.0000000	0.0000000	0.0000000	0.0000000	0.0000000	0.0000000	0.0000000	0.0000000	0.0000000	0.0000000	0.0000000	0.0000000	6.3480953e-09	8.8713889e-07	6.2563366e-05	0.0022459277	0.040686260	0.36353847	1.6604670	4.5745949	9.2162241	15.373020	22.646808	30.444598	37.931044	43.910287	47.007139	46.005019	40.408140	31.053679	20.245355	10.784511	4.5190079	1.4522385	0.36170392	0.073843904	0.013378163	0.0023105130	0.00039914837	7.0847086e-05	1.3051183e-05	2.5014841e-06	4.9728563e-07	2.1531327e-08	0.0000000	0.0000000	0.0000000	0.0000000	0.0000000	0.0000000	0.0000000	0.0000000
11.0230	0.0000000	0.0000000	0.0000000	0.0000000	0.0000000	0.0000000	0.0000000	0.0000000	0.0000000	0.0000000	0.0000000	0.0000000	0.0000000	0.0000000	0.0000000	0.0000000	0.0000000	0.0000000	0.0000000	0.0000000	0.0000000	0.0000000	0.0000000	0.0000000	0.0000000	0.0000000	0.0000000	0.0000000	0.0000000	0.0000000	0.0000000	0.0000000	0.0000000	0.0000000	0.0000000	0.0000000	0.0000000	0.0000000	0.0000000	0.0000000	0.0000000	1.0959081e-09	1.9411671e-07	1.6951641e-05	0.00073421936	0.015638865	0.16126081	0.84325948	2.6531471	6.0987084	11.606669	19.475245	29.655170	41.469080	53.362756	62.914073	67.292396	64.248865	53.481386	37.645251	21.583649	9.6995615	3.3278695	0.88024727	0.18979634	0.036122267	0.0065206706	0.0011719174	0.00021567834	4.1113307e-05	8.1451869e-06	1.6726135e-06	7.4753643e-08	0.0000000	0.0000000	0.0000000	0.0000000	0.0000000	0.0000000	0.0000000	0.0000000
10.1150	0.0000000	0.0000000	0.0000000	0.0000000	0.0000000	0.0000000	0.0000000	0.0000000	0.0000000	0.0000000	0.0000000	0.0000000	0.0000000	0.0000000	0.0000000	0.0000000	0.0000000	0.0000000	0.0000000	0.0000000	0.0000000	0.0000000	0.0000000	0.0000000	0.0000000	0.0000000	0.0000000	0.0000000	0.0000000	0.0000000	0.0000000	0.0000000	0.0000000	0.0000000	0.0000000	0.0000000	0.0000000	0.0000000	0.0000000	0.0000000	0.0000000	1.5600950e-10	3.0567704e-08	2.9086180e-06	0.00013603350	0.0031169923	0.034478391	0.19275562	0.64525640	1.5669742	3.1244509	5.4514091	8.5794556	12.346084	16.308232	19.713542	21.579958	21.025728	17.788943	12.662300	7.2994873	3.2820648	1.1223090	0.29492145	0.062990612	0.011892080	0.0021486742	0.00038992465	7.2884606e-05	1.4153239e-05	2.8582544e-06	5.9755827e-07	2.7114681e-08	0.0000000	0.0000000	0.0000000	0.0000000	0.0000000	0.0000000	0.0000000	0.0000000
