# DO NOT EDIT: written Thu Mar 14 18:48:37 2019 by wrt_emiss_fe17.pro
# faked emissivities [1e-23 ergs cm^3/s] for Fe17 lines from Del Zanna 2011, A&A 536, A59
# emissivities include ion balance, but not abundance, and are spline and ion balance jittered off of emiss_Fe17_00000.txt
# line 6 -- SEED, LOGT
# lines 7+ -- WVL, EMISSIVITY
      204483	4.00	4.05	4.10	4.15	4.20	4.25	4.30	4.35	4.40	4.45	4.50	4.55	4.60	4.65	4.70	4.75	4.80	4.85	4.90	4.95	5.00	5.05	5.10	5.15	5.20	5.25	5.30	5.35	5.40	5.45	5.50	5.55	5.60	5.65	5.70	5.75	5.80	5.85	5.90	5.95	6.00	6.05	6.10	6.15	6.20	6.25	6.30	6.35	6.40	6.45	6.50	6.55	6.60	6.65	6.70	6.75	6.80	6.85	6.90	6.95	7.00	7.05	7.10	7.15	7.20	7.25	7.30	7.35	7.40	7.45	7.50	7.55	7.60	7.65	7.70	7.75	7.80	7.85	7.90	7.95	8.00
15.0130	0.0000000	0.0000000	0.0000000	0.0000000	0.0000000	0.0000000	0.0000000	0.0000000	0.0000000	0.0000000	0.0000000	0.0000000	0.0000000	0.0000000	0.0000000	0.0000000	0.0000000	0.0000000	0.0000000	0.0000000	0.0000000	0.0000000	0.0000000	0.0000000	0.0000000	0.0000000	0.0000000	0.0000000	0.0000000	0.0000000	0.0000000	0.0000000	0.0000000	0.0000000	0.0000000	0.0000000	0.0000000	0.0000000	0.0000000	0.0000000	0.0000000	1.4430341e-06	0.00018156045	0.011593616	0.37879599	6.2916266	52.267500	227.09224	608.04487	1206.4956	2000.7561	2951.6268	3989.2633	5000.2000	5825.9347	6284.3752	6212.1210	5535.0794	4342.4396	2911.0436	1608.3054	706.08386	240.08412	63.465981	13.625706	2.5527513	0.44922563	0.078349685	0.013969982	0.0025807995	0.00049590213	9.8950047e-05	8.1010439e-06	0.0000000	0.0000000	0.0000000	0.0000000	0.0000000	0.0000000	0.0000000	0.0000000
17.0510	0.0000000	0.0000000	0.0000000	0.0000000	0.0000000	0.0000000	0.0000000	0.0000000	0.0000000	0.0000000	0.0000000	0.0000000	0.0000000	0.0000000	0.0000000	0.0000000	0.0000000	0.0000000	0.0000000	0.0000000	0.0000000	0.0000000	0.0000000	0.0000000	0.0000000	0.0000000	0.0000000	0.0000000	0.0000000	0.0000000	0.0000000	0.0000000	0.0000000	0.0000000	0.0000000	0.0000000	0.0000000	0.0000000	0.0000000	0.0000000	0.0000000	2.7107046e-06	0.00030393997	0.017490373	0.51920378	7.8860097	60.228095	241.75234	600.82555	1111.5872	1725.8600	2392.0971	3046.2272	3606.0722	3975.7976	4064.9774	3814.6546	3230.9944	2411.9023	1539.5301	810.38677	339.20295	110.06153	27.805534	5.7167598	1.0280760	0.17410731	0.029299961	0.0050542820	0.00090572959	0.00016920345	3.2882694e-05	2.6257953e-06	0.0000000	0.0000000	0.0000000	0.0000000	0.0000000	0.0000000	0.0000000	0.0000000
17.0960	0.0000000	0.0000000	0.0000000	0.0000000	0.0000000	0.0000000	0.0000000	0.0000000	0.0000000	0.0000000	0.0000000	0.0000000	0.0000000	0.0000000	0.0000000	0.0000000	0.0000000	0.0000000	0.0000000	0.0000000	0.0000000	0.0000000	0.0000000	0.0000000	0.0000000	0.0000000	0.0000000	0.0000000	0.0000000	0.0000000	0.0000000	0.0000000	0.0000000	0.0000000	0.0000000	0.0000000	0.0000000	0.0000000	0.0000000	0.0000000	0.0000000	2.7839031e-06	0.00031048000	0.017750207	0.52371607	7.9093800	60.044466	239.26705	589.26517	1077.8838	1650.5984	2251.4676	2815.8452	3267.4931	3525.5741	3522.5074	3225.6964	2662.5849	1934.2967	1199.7188	612.55956	248.22174	77.825385	18.967298	3.7568947	0.65027810	0.10594734	0.017151929	0.0028467760	0.00049101500	8.8335240e-05	1.6542677e-05	1.2739127e-06	0.0000000	0.0000000	0.0000000	0.0000000	0.0000000	0.0000000	0.0000000	0.0000000
16.7760	0.0000000	0.0000000	0.0000000	0.0000000	0.0000000	0.0000000	0.0000000	0.0000000	0.0000000	0.0000000	0.0000000	0.0000000	0.0000000	0.0000000	0.0000000	0.0000000	0.0000000	0.0000000	0.0000000	0.0000000	0.0000000	0.0000000	0.0000000	0.0000000	0.0000000	0.0000000	0.0000000	0.0000000	0.0000000	0.0000000	0.0000000	0.0000000	0.0000000	0.0000000	0.0000000	0.0000000	0.0000000	0.0000000	0.0000000	0.0000000	0.0000000	1.7147551e-06	0.00019362038	0.011198583	0.33431267	5.2216232	42.886381	184.13211	484.43116	939.78467	1517.1760	2169.6146	2828.5579	3403.8936	3793.1643	3901.3818	3668.8136	3104.8501	2311.0809	1468.9344	769.30797	320.24615	103.34143	25.975874	5.3169779	0.95245878	0.16073939	0.026963627	0.0046367902	0.00082824079	0.00015418301	2.9843882e-05	2.3720559e-06	0.0000000	0.0000000	0.0000000	0.0000000	0.0000000	0.0000000	0.0000000	0.0000000
15.2620	0.0000000	0.0000000	0.0000000	0.0000000	0.0000000	0.0000000	0.0000000	0.0000000	0.0000000	0.0000000	0.0000000	0.0000000	0.0000000	0.0000000	0.0000000	0.0000000	0.0000000	0.0000000	0.0000000	0.0000000	0.0000000	0.0000000	0.0000000	0.0000000	0.0000000	0.0000000	0.0000000	0.0000000	0.0000000	0.0000000	0.0000000	0.0000000	0.0000000	0.0000000	0.0000000	0.0000000	0.0000000	0.0000000	0.0000000	0.0000000	0.0000000	4.1357210e-07	5.2073272e-05	0.0033395988	0.10980556	1.8357292	15.329668	66.821809	179.08495	354.75554	585.68791	857.65522	1147.4187	1421.4689	1636.7368	1746.7245	1710.6012	1511.9187	1177.9480	784.98678	431.50160	188.62563	63.902047	16.840180	3.6062428	0.67424057	0.11846345	0.020637730	0.0036770452	0.00067903367	0.00013046934	2.6037416e-05	2.1322684e-06	0.0000000	0.0000000	0.0000000	0.0000000	0.0000000	0.0000000	0.0000000	0.0000000
12.1240	0.0000000	0.0000000	0.0000000	0.0000000	0.0000000	0.0000000	0.0000000	0.0000000	0.0000000	0.0000000	0.0000000	0.0000000	0.0000000	0.0000000	0.0000000	0.0000000	0.0000000	0.0000000	0.0000000	0.0000000	0.0000000	0.0000000	0.0000000	0.0000000	0.0000000	0.0000000	0.0000000	0.0000000	0.0000000	0.0000000	0.0000000	0.0000000	0.0000000	0.0000000	0.0000000	0.0000000	0.0000000	0.0000000	0.0000000	0.0000000	0.0000000	3.5463239e-08	5.5541327e-06	0.00043079176	0.016738001	0.32466532	3.1028182	15.333037	46.283845	102.65799	188.67004	305.76027	449.78840	607.66646	755.85971	862.98648	896.09327	833.05115	677.73902	468.49187	265.48633	118.90445	41.091624	10.992189	2.3798271	0.44808521	0.078978525	0.013749922	0.0024389246	0.00044668228	8.4767509e-05	1.6633312e-05	1.3342200e-06	0.0000000	0.0000000	0.0000000	0.0000000	0.0000000	0.0000000	0.0000000	0.0000000
12.2640	0.0000000	0.0000000	0.0000000	0.0000000	0.0000000	0.0000000	0.0000000	0.0000000	0.0000000	0.0000000	0.0000000	0.0000000	0.0000000	0.0000000	0.0000000	0.0000000	0.0000000	0.0000000	0.0000000	0.0000000	0.0000000	0.0000000	0.0000000	0.0000000	0.0000000	0.0000000	0.0000000	0.0000000	0.0000000	0.0000000	0.0000000	0.0000000	0.0000000	0.0000000	0.0000000	0.0000000	0.0000000	0.0000000	0.0000000	0.0000000	0.0000000	3.7624666e-08	5.8599717e-06	0.00045311734	0.017571449	0.34002895	3.2346857	15.841959	47.137304	102.62400	184.62567	292.53092	420.84836	556.98497	680.18007	763.68756	780.65878	714.83093	572.85908	390.06919	217.75153	96.118625	32.710061	8.6252305	1.8441419	0.34397367	0.060333365	0.010514700	0.0018783296	0.00034842693	6.7327731e-05	1.3520337e-05	1.1145787e-06	0.0000000	0.0000000	0.0000000	0.0000000	0.0000000	0.0000000	0.0000000	0.0000000
13.8250	0.0000000	0.0000000	0.0000000	0.0000000	0.0000000	0.0000000	0.0000000	0.0000000	0.0000000	0.0000000	0.0000000	0.0000000	0.0000000	0.0000000	0.0000000	0.0000000	0.0000000	0.0000000	0.0000000	0.0000000	0.0000000	0.0000000	0.0000000	0.0000000	0.0000000	0.0000000	0.0000000	0.0000000	0.0000000	0.0000000	0.0000000	0.0000000	0.0000000	0.0000000	0.0000000	0.0000000	0.0000000	0.0000000	0.0000000	0.0000000	0.0000000	5.5908783e-08	7.5640560e-06	0.00051957165	0.018277545	0.32697903	2.9218254	13.604121	38.779385	81.367264	141.88878	219.16284	309.22597	404.02316	490.41801	550.66795	565.87142	523.04653	424.48428	293.39525	166.62149	74.998859	26.092946	7.0488118	1.5456351	0.29571322	0.053136803	0.0094610493	0.0017212942	0.00032418325	6.3405587e-05	1.2847357e-05	1.0648683e-06	0.0000000	0.0000000	0.0000000	0.0000000	0.0000000	0.0000000	0.0000000	0.0000000
15.4530	0.0000000	0.0000000	0.0000000	0.0000000	0.0000000	0.0000000	0.0000000	0.0000000	0.0000000	0.0000000	0.0000000	0.0000000	0.0000000	0.0000000	0.0000000	0.0000000	0.0000000	0.0000000	0.0000000	0.0000000	0.0000000	0.0000000	0.0000000	0.0000000	0.0000000	0.0000000	0.0000000	0.0000000	0.0000000	0.0000000	0.0000000	0.0000000	0.0000000	0.0000000	0.0000000	0.0000000	0.0000000	0.0000000	0.0000000	0.0000000	0.0000000	1.4490375e-07	1.7428390e-05	0.0010649188	0.033301480	0.52904907	4.1979418	17.392746	44.325069	83.547262	131.35376	183.37174	234.07122	276.47649	302.83368	306.36013	283.38754	235.80466	172.43364	107.55750	55.217478	22.505405	7.1014197	1.7430074	0.34792778	0.060727742	0.0099809034	0.0016303886	0.00027308564	4.7535653e-05	8.6292938e-06	1.6301132e-06	1.2655833e-07	0.0000000	0.0000000	0.0000000	0.0000000	0.0000000	0.0000000	0.0000000	0.0000000
11.2500	0.0000000	0.0000000	0.0000000	0.0000000	0.0000000	0.0000000	0.0000000	0.0000000	0.0000000	0.0000000	0.0000000	0.0000000	0.0000000	0.0000000	0.0000000	0.0000000	0.0000000	0.0000000	0.0000000	0.0000000	0.0000000	0.0000000	0.0000000	0.0000000	0.0000000	0.0000000	0.0000000	0.0000000	0.0000000	0.0000000	0.0000000	0.0000000	0.0000000	0.0000000	0.0000000	0.0000000	0.0000000	0.0000000	0.0000000	0.0000000	0.0000000	7.5231687e-09	1.2878402e-06	0.00010831172	0.0045293665	0.093884241	0.95177994	4.9476975	15.579442	35.799452	67.787254	112.70145	169.54992	233.75684	296.17930	343.70666	361.80907	339.95718	278.57337	193.22065	109.40886	48.755257	16.661617	4.3886539	0.93338053	0.17269096	0.030000229	0.0051783032	0.00091719346	0.00016895603	3.2484060e-05	6.5049041e-06	5.3592704e-07	0.0000000	0.0000000	0.0000000	0.0000000	0.0000000	0.0000000	0.0000000	0.0000000
11.1290	0.0000000	0.0000000	0.0000000	0.0000000	0.0000000	0.0000000	0.0000000	0.0000000	0.0000000	0.0000000	0.0000000	0.0000000	0.0000000	0.0000000	0.0000000	0.0000000	0.0000000	0.0000000	0.0000000	0.0000000	0.0000000	0.0000000	0.0000000	0.0000000	0.0000000	0.0000000	0.0000000	0.0000000	0.0000000	0.0000000	0.0000000	0.0000000	0.0000000	0.0000000	0.0000000	0.0000000	0.0000000	0.0000000	0.0000000	0.0000000	0.0000000	5.0451409e-09	8.7451090e-07	7.4251261e-05	0.0031246262	0.064950862	0.65806362	3.4089763	10.672336	24.342896	45.711673	75.346373	112.41371	153.83659	193.74234	223.87812	235.18945	221.11893	181.86556	127.07036	72.790237	32.979864	11.526409	3.1220643	0.68516164	0.13094379	0.023457942	0.0041564512	0.00075140382	0.00014046942	2.7254781e-05	5.4780119e-06	4.5064515e-07	0.0000000	0.0000000	0.0000000	0.0000000	0.0000000	0.0000000	0.0000000	0.0000000
16.3360	0.0000000	0.0000000	0.0000000	0.0000000	0.0000000	0.0000000	0.0000000	0.0000000	0.0000000	0.0000000	0.0000000	0.0000000	0.0000000	0.0000000	0.0000000	0.0000000	0.0000000	0.0000000	0.0000000	0.0000000	0.0000000	0.0000000	0.0000000	0.0000000	0.0000000	0.0000000	0.0000000	0.0000000	0.0000000	0.0000000	0.0000000	0.0000000	0.0000000	0.0000000	0.0000000	0.0000000	0.0000000	0.0000000	0.0000000	0.0000000	0.0000000	5.7618579e-08	6.4636081e-06	0.00037232745	0.011098505	0.16987906	1.3107414	5.3220565	13.380335	25.006381	39.145108	54.598465	69.827598	82.853525	91.381966	93.266988	87.192981	73.440148	54.423628	34.439679	17.955416	7.4387617	2.3878303	0.59666895	0.12133665	0.021586936	0.0036183728	0.00060312659	0.00010313524	1.8336482e-05	3.4011994e-06	6.5673450e-07	5.2135696e-08	0.0000000	0.0000000	0.0000000	0.0000000	0.0000000	0.0000000	0.0000000	0.0000000
13.8900	0.0000000	0.0000000	0.0000000	0.0000000	0.0000000	0.0000000	0.0000000	0.0000000	0.0000000	0.0000000	0.0000000	0.0000000	0.0000000	0.0000000	0.0000000	0.0000000	0.0000000	0.0000000	0.0000000	0.0000000	0.0000000	0.0000000	0.0000000	0.0000000	0.0000000	0.0000000	0.0000000	0.0000000	0.0000000	0.0000000	0.0000000	0.0000000	0.0000000	0.0000000	0.0000000	0.0000000	0.0000000	0.0000000	0.0000000	0.0000000	0.0000000	1.8603297e-08	2.4233365e-06	0.00016030792	0.0054362140	0.093858865	0.81012339	3.6427676	10.009265	20.190015	33.759451	49.889785	67.238643	83.861182	97.202462	104.28716	102.47633	90.654672	70.463461	46.668917	25.413353	10.978426	3.6701678	0.95418680	0.20171929	0.037274570	0.0064812606	0.0011189129	0.00019779861	3.6276258e-05	6.9245276e-06	1.3723730e-06	1.1150759e-07	0.0000000	0.0000000	0.0000000	0.0000000	0.0000000	0.0000000	0.0000000	0.0000000
16.0040	0.0000000	0.0000000	0.0000000	0.0000000	0.0000000	0.0000000	0.0000000	0.0000000	0.0000000	0.0000000	0.0000000	0.0000000	0.0000000	0.0000000	0.0000000	0.0000000	0.0000000	0.0000000	0.0000000	0.0000000	0.0000000	0.0000000	0.0000000	0.0000000	0.0000000	0.0000000	0.0000000	0.0000000	0.0000000	0.0000000	0.0000000	0.0000000	0.0000000	0.0000000	0.0000000	0.0000000	0.0000000	0.0000000	0.0000000	0.0000000	0.0000000	3.8425997e-08	4.5501549e-06	0.00027460202	0.0085040817	0.13416028	1.0602632	4.3897817	11.221410	21.287356	33.777932	47.698728	61.706811	74.029450	82.582132	85.306906	80.723139	68.759287	51.434216	32.751432	17.102338	7.0532102	2.2368801	0.54803198	0.10855177	0.018707508	0.0030244686	0.00050675213	8.7377452e-05	1.5657619e-05	2.9254682e-06	5.6853334e-07	4.5380700e-08	0.0000000	0.0000000	0.0000000	0.0000000	0.0000000	0.0000000	0.0000000	0.0000000
10.7700	0.0000000	0.0000000	0.0000000	0.0000000	0.0000000	0.0000000	0.0000000	0.0000000	0.0000000	0.0000000	0.0000000	0.0000000	0.0000000	0.0000000	0.0000000	0.0000000	0.0000000	0.0000000	0.0000000	0.0000000	0.0000000	0.0000000	0.0000000	0.0000000	0.0000000	0.0000000	0.0000000	0.0000000	0.0000000	0.0000000	0.0000000	0.0000000	0.0000000	0.0000000	0.0000000	0.0000000	0.0000000	0.0000000	0.0000000	0.0000000	0.0000000	3.3000450e-09	5.9312501e-07	5.2148854e-05	0.0022703446	0.048776822	0.51003471	2.7201310	8.7324718	20.326491	38.741719	63.585113	94.039404	127.09583	157.59234	178.72359	183.93781	171.00697	140.53037	98.815785	57.197958	26.214263	9.2600131	2.5319410	0.56005217	0.10768904	0.019368217	0.0034374129	0.00062127734	0.00011596253	2.2446488e-05	4.4995702e-06	3.6923478e-07	0.0000000	0.0000000	0.0000000	0.0000000	0.0000000	0.0000000	0.0000000	0.0000000
10.6570	0.0000000	0.0000000	0.0000000	0.0000000	0.0000000	0.0000000	0.0000000	0.0000000	0.0000000	0.0000000	0.0000000	0.0000000	0.0000000	0.0000000	0.0000000	0.0000000	0.0000000	0.0000000	0.0000000	0.0000000	0.0000000	0.0000000	0.0000000	0.0000000	0.0000000	0.0000000	0.0000000	0.0000000	0.0000000	0.0000000	0.0000000	0.0000000	0.0000000	0.0000000	0.0000000	0.0000000	0.0000000	0.0000000	0.0000000	0.0000000	0.0000000	1.7204166e-09	3.1393201e-07	2.7906197e-05	0.0012238183	0.026396955	0.27626853	1.4711840	4.7093337	10.923937	20.765093	34.520135	51.798054	71.147240	89.808528	103.88853	109.10177	102.38989	83.941288	58.383856	33.253782	14.966365	5.1920484	1.3952253	0.30370346	0.057587102	0.010246018	0.0018059329	0.00032541821	6.0779106e-05	1.1811465e-05	2.3835904e-06	1.9731519e-07	0.0000000	0.0000000	0.0000000	0.0000000	0.0000000	0.0000000	0.0000000	0.0000000
12.6800	0.0000000	0.0000000	0.0000000	0.0000000	0.0000000	0.0000000	0.0000000	0.0000000	0.0000000	0.0000000	0.0000000	0.0000000	0.0000000	0.0000000	0.0000000	0.0000000	0.0000000	0.0000000	0.0000000	0.0000000	0.0000000	0.0000000	0.0000000	0.0000000	0.0000000	0.0000000	0.0000000	0.0000000	0.0000000	0.0000000	0.0000000	0.0000000	0.0000000	0.0000000	0.0000000	0.0000000	0.0000000	0.0000000	0.0000000	0.0000000	0.0000000	6.4865400e-09	1.0386026e-06	7.8830952e-05	0.0028360566	0.051583758	0.46447008	2.1494192	6.0128165	12.255886	20.590787	30.470222	41.097048	51.355603	59.643748	64.102610	63.063296	55.790431	43.314672	28.655822	15.592164	6.7322836	2.2500416	0.58489054	0.12359717	0.022815401	0.0039600414	0.00068186430	0.00012012884	2.1942959e-05	4.1700263e-06	8.2280680e-07	6.6603922e-08	0.0000000	0.0000000	0.0000000	0.0000000	0.0000000	0.0000000	0.0000000	0.0000000
11.0230	0.0000000	0.0000000	0.0000000	0.0000000	0.0000000	0.0000000	0.0000000	0.0000000	0.0000000	0.0000000	0.0000000	0.0000000	0.0000000	0.0000000	0.0000000	0.0000000	0.0000000	0.0000000	0.0000000	0.0000000	0.0000000	0.0000000	0.0000000	0.0000000	0.0000000	0.0000000	0.0000000	0.0000000	0.0000000	0.0000000	0.0000000	0.0000000	0.0000000	0.0000000	0.0000000	0.0000000	0.0000000	0.0000000	0.0000000	0.0000000	0.0000000	9.6345145e-10	1.7091604e-07	1.4922635e-05	0.00064605909	0.013766735	0.14242145	0.75075310	2.3853117	5.5155402	10.510982	17.614706	26.763200	37.346573	47.997473	56.598847	60.675386	58.229996	48.915454	34.937701	20.481868	9.5040743	3.4017171	0.94291929	0.21150373	0.041261208	0.0075368246	0.0013602867	0.00025049021	4.7745646e-05	9.4600143e-06	1.9450010e-06	1.6393086e-07	0.0000000	0.0000000	0.0000000	0.0000000	0.0000000	0.0000000	0.0000000	0.0000000
10.1150	0.0000000	0.0000000	0.0000000	0.0000000	0.0000000	0.0000000	0.0000000	0.0000000	0.0000000	0.0000000	0.0000000	0.0000000	0.0000000	0.0000000	0.0000000	0.0000000	0.0000000	0.0000000	0.0000000	0.0000000	0.0000000	0.0000000	0.0000000	0.0000000	0.0000000	0.0000000	0.0000000	0.0000000	0.0000000	0.0000000	0.0000000	0.0000000	0.0000000	0.0000000	0.0000000	0.0000000	0.0000000	0.0000000	0.0000000	0.0000000	0.0000000	1.5813526e-10	3.1069615e-08	2.9593228e-06	0.00013847030	0.0031753211	0.035224489	0.19823260	0.66831075	1.6257278	3.2267351	5.5802746	8.6857689	12.352363	16.130690	19.302072	20.965367	20.340277	17.223085	12.355614	7.2478929	3.3573142	1.1987548	0.33171264	0.074405065	0.014548269	0.0026691850	0.00048468803	8.9836228e-05	1.7224240e-05	3.4285937e-06	7.0724305e-07	5.9733508e-08	0.0000000	0.0000000	0.0000000	0.0000000	0.0000000	0.0000000	0.0000000	0.0000000
