# DO NOT EDIT: written Thu Mar 14 18:48:37 2019 by wrt_emiss_fe17.pro
# faked emissivities [1e-23 ergs cm^3/s] for Fe17 lines from Del Zanna 2011, A&A 536, A59
# emissivities include ion balance, but not abundance, and are spline and ion balance jittered off of emiss_Fe17_00000.txt
# line 6 -- SEED, LOGT
# lines 7+ -- WVL, EMISSIVITY
       48136	4.00	4.05	4.10	4.15	4.20	4.25	4.30	4.35	4.40	4.45	4.50	4.55	4.60	4.65	4.70	4.75	4.80	4.85	4.90	4.95	5.00	5.05	5.10	5.15	5.20	5.25	5.30	5.35	5.40	5.45	5.50	5.55	5.60	5.65	5.70	5.75	5.80	5.85	5.90	5.95	6.00	6.05	6.10	6.15	6.20	6.25	6.30	6.35	6.40	6.45	6.50	6.55	6.60	6.65	6.70	6.75	6.80	6.85	6.90	6.95	7.00	7.05	7.10	7.15	7.20	7.25	7.30	7.35	7.40	7.45	7.50	7.55	7.60	7.65	7.70	7.75	7.80	7.85	7.90	7.95	8.00
15.0130	0.0000000	0.0000000	0.0000000	0.0000000	0.0000000	0.0000000	0.0000000	0.0000000	0.0000000	0.0000000	0.0000000	0.0000000	0.0000000	0.0000000	0.0000000	0.0000000	0.0000000	0.0000000	0.0000000	0.0000000	0.0000000	0.0000000	0.0000000	0.0000000	0.0000000	0.0000000	0.0000000	0.0000000	0.0000000	0.0000000	0.0000000	0.0000000	0.0000000	0.0000000	0.0000000	0.0000000	0.0000000	0.0000000	0.0000000	0.0000000	8.7988929e-08	1.3745063e-05	0.0010437649	0.041968289	0.90973509	10.737299	70.073204	264.38721	653.40756	1237.4668	1994.7773	2885.4512	3836.6827	4733.3816	5421.6309	5734.1613	5535.3596	4789.7789	3622.7915	2319.3387	1208.6943	492.88439	153.19034	36.803804	7.3104475	1.3122529	0.22841443	0.040185929	0.0073006506	0.0013780472	0.00027069058	5.3225098e-05	0.0000000	0.0000000	0.0000000	0.0000000	0.0000000	0.0000000	0.0000000	0.0000000	0.0000000
17.0510	0.0000000	0.0000000	0.0000000	0.0000000	0.0000000	0.0000000	0.0000000	0.0000000	0.0000000	0.0000000	0.0000000	0.0000000	0.0000000	0.0000000	0.0000000	0.0000000	0.0000000	0.0000000	0.0000000	0.0000000	0.0000000	0.0000000	0.0000000	0.0000000	0.0000000	0.0000000	0.0000000	0.0000000	0.0000000	0.0000000	0.0000000	0.0000000	0.0000000	0.0000000	0.0000000	0.0000000	0.0000000	0.0000000	0.0000000	0.0000000	1.9449504e-07	2.6742381e-05	0.0018143842	0.065956503	1.3039166	14.133675	85.198780	298.48747	688.41743	1222.5362	1855.9795	2537.7039	3199.2463	3751.5194	4092.4380	4129.3997	3809.0456	3153.6033	2284.2628	1401.3140	700.12625	273.86219	81.709366	18.869740	3.6095605	0.62518252	0.10513998	0.017881166	0.0031391480	0.00057185813	0.00010816377	2.0435195e-05	0.0000000	0.0000000	0.0000000	0.0000000	0.0000000	0.0000000	0.0000000	0.0000000	0.0000000
17.0960	0.0000000	0.0000000	0.0000000	0.0000000	0.0000000	0.0000000	0.0000000	0.0000000	0.0000000	0.0000000	0.0000000	0.0000000	0.0000000	0.0000000	0.0000000	0.0000000	0.0000000	0.0000000	0.0000000	0.0000000	0.0000000	0.0000000	0.0000000	0.0000000	0.0000000	0.0000000	0.0000000	0.0000000	0.0000000	0.0000000	0.0000000	0.0000000	0.0000000	0.0000000	0.0000000	0.0000000	0.0000000	0.0000000	0.0000000	0.0000000	1.8597179e-07	2.5492272e-05	0.0017200543	0.062114187	1.2196850	13.118585	78.272835	270.43105	612.65993	1064.5689	1575.9646	2095.9894	2566.0027	2919.7978	3091.6669	3031.8658	2723.7885	2202.9432	1564.5364	945.04144	467.03638	181.56288	53.968699	12.382195	2.3356103	0.39526410	0.064508003	0.010598761	0.0017931150	0.00031459835	5.7359897e-05	1.0457241e-05	0.0000000	0.0000000	0.0000000	0.0000000	0.0000000	0.0000000	0.0000000	0.0000000	0.0000000
16.7760	0.0000000	0.0000000	0.0000000	0.0000000	0.0000000	0.0000000	0.0000000	0.0000000	0.0000000	0.0000000	0.0000000	0.0000000	0.0000000	0.0000000	0.0000000	0.0000000	0.0000000	0.0000000	0.0000000	0.0000000	0.0000000	0.0000000	0.0000000	0.0000000	0.0000000	0.0000000	0.0000000	0.0000000	0.0000000	0.0000000	0.0000000	0.0000000	0.0000000	0.0000000	0.0000000	0.0000000	0.0000000	0.0000000	0.0000000	0.0000000	1.2837128e-07	1.7853453e-05	0.0012207932	0.044655599	0.88916988	9.7261152	59.291963	210.51187	492.88381	889.48070	1372.6692	1907.0360	2438.8396	2895.5942	3193.5539	3254.1103	3028.2444	2527.5992	1845.0104	1140.2385	573.67574	225.83790	67.757613	15.719058	3.0169023	0.52370349	0.088236662	0.015039835	0.0026490795	0.00048504550	9.2415858e-05	1.7611843e-05	0.0000000	0.0000000	0.0000000	0.0000000	0.0000000	0.0000000	0.0000000	0.0000000	0.0000000
15.2620	0.0000000	0.0000000	0.0000000	0.0000000	0.0000000	0.0000000	0.0000000	0.0000000	0.0000000	0.0000000	0.0000000	0.0000000	0.0000000	0.0000000	0.0000000	0.0000000	0.0000000	0.0000000	0.0000000	0.0000000	0.0000000	0.0000000	0.0000000	0.0000000	0.0000000	0.0000000	0.0000000	0.0000000	0.0000000	0.0000000	0.0000000	0.0000000	0.0000000	0.0000000	0.0000000	0.0000000	0.0000000	0.0000000	0.0000000	0.0000000	3.0844518e-08	4.7607916e-06	0.00035845075	0.013967787	0.28230111	3.1536186	19.881378	74.199727	185.44141	361.97044	610.68890	935.38258	1262.3506	1553.3964	1775.5392	1874.6612	1807.0771	1561.7755	1179.9740	754.62443	392.82675	159.99401	49.658044	11.911556	2.3619108	0.42316479	0.073504851	0.012903224	0.0023385386	0.00044027762	8.6244735e-05	1.6906436e-05	0.0000000	0.0000000	0.0000000	0.0000000	0.0000000	0.0000000	0.0000000	0.0000000	0.0000000
12.1240	0.0000000	0.0000000	0.0000000	0.0000000	0.0000000	0.0000000	0.0000000	0.0000000	0.0000000	0.0000000	0.0000000	0.0000000	0.0000000	0.0000000	0.0000000	0.0000000	0.0000000	0.0000000	0.0000000	0.0000000	0.0000000	0.0000000	0.0000000	0.0000000	0.0000000	0.0000000	0.0000000	0.0000000	0.0000000	0.0000000	0.0000000	0.0000000	0.0000000	0.0000000	0.0000000	0.0000000	0.0000000	0.0000000	0.0000000	0.0000000	1.4931462e-09	2.9953899e-07	2.8417508e-05	0.0013925594	0.035975580	0.49594166	3.7360291	16.097782	44.872820	94.794575	168.73909	267.03864	385.07939	510.92322	624.53928	700.07647	711.83210	645.14534	508.42757	337.46576	181.45557	75.991365	24.149339	5.9105588	1.1924236	0.21680315	0.038127916	0.0067620400	0.0012358637	0.00023426474	4.6127996e-05	9.0745367e-06	0.0000000	0.0000000	0.0000000	0.0000000	0.0000000	0.0000000	0.0000000	0.0000000	0.0000000
12.2640	0.0000000	0.0000000	0.0000000	0.0000000	0.0000000	0.0000000	0.0000000	0.0000000	0.0000000	0.0000000	0.0000000	0.0000000	0.0000000	0.0000000	0.0000000	0.0000000	0.0000000	0.0000000	0.0000000	0.0000000	0.0000000	0.0000000	0.0000000	0.0000000	0.0000000	0.0000000	0.0000000	0.0000000	0.0000000	0.0000000	0.0000000	0.0000000	0.0000000	0.0000000	0.0000000	0.0000000	0.0000000	0.0000000	0.0000000	0.0000000	1.6280429e-09	3.1988702e-07	2.9836048e-05	0.0014424394	0.036875780	0.50424513	3.7502298	15.886200	43.493504	90.176513	157.49286	244.59735	346.43919	452.12073	544.39271	601.84972	604.16410	541.04541	421.62539	277.01160	147.65267	61.409182	19.422386	4.7414847	0.95605727	0.17402851	0.030683569	0.0054619311	0.0010028794	0.00019112357	3.7856987e-05	7.4949338e-06	0.0000000	0.0000000	0.0000000	0.0000000	0.0000000	0.0000000	0.0000000	0.0000000	0.0000000
13.8250	0.0000000	0.0000000	0.0000000	0.0000000	0.0000000	0.0000000	0.0000000	0.0000000	0.0000000	0.0000000	0.0000000	0.0000000	0.0000000	0.0000000	0.0000000	0.0000000	0.0000000	0.0000000	0.0000000	0.0000000	0.0000000	0.0000000	0.0000000	0.0000000	0.0000000	0.0000000	0.0000000	0.0000000	0.0000000	0.0000000	0.0000000	0.0000000	0.0000000	0.0000000	0.0000000	0.0000000	0.0000000	0.0000000	0.0000000	0.0000000	2.7923668e-09	4.6426514e-07	3.7551608e-05	0.0016181657	0.039472173	0.52287300	3.7931299	15.705663	42.003512	84.981529	144.79713	219.53004	304.06184	389.21915	461.52374	504.48956	502.65465	448.38906	349.21782	229.84231	122.95030	51.399034	16.362565	4.0251290	0.81879530	0.15058167	0.026860543	0.0048427094	0.00090115130	0.00017405517	3.4920619e-05	6.9936298e-06	0.0000000	0.0000000	0.0000000	0.0000000	0.0000000	0.0000000	0.0000000	0.0000000	0.0000000
15.4530	0.0000000	0.0000000	0.0000000	0.0000000	0.0000000	0.0000000	0.0000000	0.0000000	0.0000000	0.0000000	0.0000000	0.0000000	0.0000000	0.0000000	0.0000000	0.0000000	0.0000000	0.0000000	0.0000000	0.0000000	0.0000000	0.0000000	0.0000000	0.0000000	0.0000000	0.0000000	0.0000000	0.0000000	0.0000000	0.0000000	0.0000000	0.0000000	0.0000000	0.0000000	0.0000000	0.0000000	0.0000000	0.0000000	0.0000000	0.0000000	9.1950074e-09	1.3880004e-06	0.00010207990	0.0039796592	0.083655250	0.95656551	6.0365740	21.972873	52.247222	94.922140	146.33470	201.79726	254.94519	297.70546	321.39828	318.98990	287.68422	231.51694	162.09424	95.593803	45.668065	16.988863	4.7966481	1.0455658	0.18885244	0.030960833	0.0049464588	0.00080307122	0.00013539118	2.3851488e-05	4.3960636e-06	8.1491801e-07	0.0000000	0.0000000	0.0000000	0.0000000	0.0000000	0.0000000	0.0000000	0.0000000	0.0000000
11.2500	0.0000000	0.0000000	0.0000000	0.0000000	0.0000000	0.0000000	0.0000000	0.0000000	0.0000000	0.0000000	0.0000000	0.0000000	0.0000000	0.0000000	0.0000000	0.0000000	0.0000000	0.0000000	0.0000000	0.0000000	0.0000000	0.0000000	0.0000000	0.0000000	0.0000000	0.0000000	0.0000000	0.0000000	0.0000000	0.0000000	0.0000000	0.0000000	0.0000000	0.0000000	0.0000000	0.0000000	0.0000000	0.0000000	0.0000000	0.0000000	2.8733367e-10	6.3634031e-08	6.5959678e-06	0.00034990782	0.0097049540	0.14255498	1.1293404	5.0611180	14.582054	31.675918	57.724255	93.729227	138.61705	188.21974	234.98897	268.55762	277.96782	256.09827	204.93186	138.00122	75.246725	31.950161	10.295635	2.5555904	0.52300020	0.096480893	0.017215159	0.0030966309	0.00057364611	0.00011011048	2.1927689e-05	4.3559148e-06	0.0000000	0.0000000	0.0000000	0.0000000	0.0000000	0.0000000	0.0000000	0.0000000	0.0000000
11.1290	0.0000000	0.0000000	0.0000000	0.0000000	0.0000000	0.0000000	0.0000000	0.0000000	0.0000000	0.0000000	0.0000000	0.0000000	0.0000000	0.0000000	0.0000000	0.0000000	0.0000000	0.0000000	0.0000000	0.0000000	0.0000000	0.0000000	0.0000000	0.0000000	0.0000000	0.0000000	0.0000000	0.0000000	0.0000000	0.0000000	0.0000000	0.0000000	0.0000000	0.0000000	0.0000000	0.0000000	0.0000000	0.0000000	0.0000000	0.0000000	2.4544684e-10	5.4960475e-08	5.7460976e-06	0.00030672031	0.0085394914	0.12559939	0.99365260	4.4337876	12.677242	27.232247	48.904832	77.648438	112.06604	148.92662	182.98201	207.08919	213.38357	196.53527	157.70871	106.71569	58.533754	25.006721	8.1027416	2.0195484	0.41410236	0.076316193	0.013559084	0.0024219558	0.00044458868	8.4433428e-05	1.6620008e-05	3.2621005e-06	0.0000000	0.0000000	0.0000000	0.0000000	0.0000000	0.0000000	0.0000000	0.0000000	0.0000000
16.3360	0.0000000	0.0000000	0.0000000	0.0000000	0.0000000	0.0000000	0.0000000	0.0000000	0.0000000	0.0000000	0.0000000	0.0000000	0.0000000	0.0000000	0.0000000	0.0000000	0.0000000	0.0000000	0.0000000	0.0000000	0.0000000	0.0000000	0.0000000	0.0000000	0.0000000	0.0000000	0.0000000	0.0000000	0.0000000	0.0000000	0.0000000	0.0000000	0.0000000	0.0000000	0.0000000	0.0000000	0.0000000	0.0000000	0.0000000	0.0000000	3.6653660e-09	5.1946456e-07	3.6149784e-05	0.0013437870	0.027165810	0.30140043	1.8604260	6.6724869	15.736878	28.501412	43.981209	60.911449	77.491611	91.350085	99.785652	100.38816	91.881452	75.073049	53.333493	31.872182	15.413808	5.8085249	1.6645289	0.36880836	0.067755626	0.011310488	0.0018459355	0.00030785286	5.3732656e-05	9.8826237e-06	1.9117136e-06	3.7257127e-07	0.0000000	0.0000000	0.0000000	0.0000000	0.0000000	0.0000000	0.0000000	0.0000000	0.0000000
13.8900	0.0000000	0.0000000	0.0000000	0.0000000	0.0000000	0.0000000	0.0000000	0.0000000	0.0000000	0.0000000	0.0000000	0.0000000	0.0000000	0.0000000	0.0000000	0.0000000	0.0000000	0.0000000	0.0000000	0.0000000	0.0000000	0.0000000	0.0000000	0.0000000	0.0000000	0.0000000	0.0000000	0.0000000	0.0000000	0.0000000	0.0000000	0.0000000	0.0000000	0.0000000	0.0000000	0.0000000	0.0000000	0.0000000	0.0000000	0.0000000	1.2149351e-09	1.9509971e-07	1.5209247e-05	0.00062837192	0.014025778	0.17076081	1.1491989	4.4545507	11.216253	21.440814	34.603002	49.786246	65.545859	79.891431	90.374598	94.369989	89.874921	76.614288	56.951701	35.723134	18.190581	7.2334302	2.1897134	0.51234871	0.099199415	0.017383177	0.0033938088	0.00066838738	0.00011946982	2.2224726e-05	4.3076605e-06	8.3623380e-07	0.0000000	0.0000000	0.0000000	0.0000000	0.0000000	0.0000000	0.0000000	0.0000000	0.0000000
16.0040	0.0000000	0.0000000	0.0000000	0.0000000	0.0000000	0.0000000	0.0000000	0.0000000	0.0000000	0.0000000	0.0000000	0.0000000	0.0000000	0.0000000	0.0000000	0.0000000	0.0000000	0.0000000	0.0000000	0.0000000	0.0000000	0.0000000	0.0000000	0.0000000	0.0000000	0.0000000	0.0000000	0.0000000	0.0000000	0.0000000	0.0000000	0.0000000	0.0000000	0.0000000	0.0000000	0.0000000	0.0000000	0.0000000	0.0000000	0.0000000	2.7318150e-09	4.0099557e-07	2.8815602e-05	0.0011010234	0.022742662	0.25625151	1.5984192	5.7712744	13.666389	24.816002	38.352982	53.155288	67.639297	79.750319	87.195985	87.947628	80.892680	66.618068	47.872527	29.055499	14.318096	5.5054031	1.6097572	0.36367720	0.068021718	0.011530667	0.0019038533	0.00031964266	5.5823019e-05	1.0214765e-05	1.9619973e-06	3.7944524e-07	0.0000000	0.0000000	0.0000000	0.0000000	0.0000000	0.0000000	0.0000000	0.0000000	0.0000000
10.7700	0.0000000	0.0000000	0.0000000	0.0000000	0.0000000	0.0000000	0.0000000	0.0000000	0.0000000	0.0000000	0.0000000	0.0000000	0.0000000	0.0000000	0.0000000	0.0000000	0.0000000	0.0000000	0.0000000	0.0000000	0.0000000	0.0000000	0.0000000	0.0000000	0.0000000	0.0000000	0.0000000	0.0000000	0.0000000	0.0000000	0.0000000	0.0000000	0.0000000	0.0000000	0.0000000	0.0000000	0.0000000	0.0000000	0.0000000	0.0000000	1.3291389e-10	3.0978619e-08	3.3646890e-06	0.00018639650	0.0053834861	0.082119080	0.67342569	3.1111117	9.1888809	20.334349	37.541458	61.110843	90.051681	121.50146	150.47912	170.36630	174.45124	158.79544	125.37608	83.196676	44.657392	18.654963	5.9126473	1.4436704	0.29074402	0.052824628	0.0092926840	0.0016501117	0.00030223534	5.7467862e-05	1.1361744e-05	2.2464534e-06	0.0000000	0.0000000	0.0000000	0.0000000	0.0000000	0.0000000	0.0000000	0.0000000	0.0000000
10.6570	0.0000000	0.0000000	0.0000000	0.0000000	0.0000000	0.0000000	0.0000000	0.0000000	0.0000000	0.0000000	0.0000000	0.0000000	0.0000000	0.0000000	0.0000000	0.0000000	0.0000000	0.0000000	0.0000000	0.0000000	0.0000000	0.0000000	0.0000000	0.0000000	0.0000000	0.0000000	0.0000000	0.0000000	0.0000000	0.0000000	0.0000000	0.0000000	0.0000000	0.0000000	0.0000000	0.0000000	0.0000000	0.0000000	0.0000000	0.0000000	5.6401028e-11	1.3430110e-08	1.4892498e-06	8.4170749e-05	0.0024785998	0.038520507	0.32157915	1.5114133	4.5410344	10.224690	19.208172	31.810040	47.657174	65.290943	81.945514	93.823419	96.969629	88.937349	70.653680	47.124738	25.404226	10.651127	3.3867399	0.82943380	0.16753193	0.030526179	0.0053869938	0.00096006927	0.00017658679	3.3734249e-05	6.7028598e-06	1.3320276e-06	0.0000000	0.0000000	0.0000000	0.0000000	0.0000000	0.0000000	0.0000000	0.0000000	0.0000000
12.6800	0.0000000	0.0000000	0.0000000	0.0000000	0.0000000	0.0000000	0.0000000	0.0000000	0.0000000	0.0000000	0.0000000	0.0000000	0.0000000	0.0000000	0.0000000	0.0000000	0.0000000	0.0000000	0.0000000	0.0000000	0.0000000	0.0000000	0.0000000	0.0000000	0.0000000	0.0000000	0.0000000	0.0000000	0.0000000	0.0000000	0.0000000	0.0000000	0.0000000	0.0000000	0.0000000	0.0000000	0.0000000	0.0000000	0.0000000	0.0000000	3.7297886e-10	6.4543008e-08	5.3685034e-06	0.00023492474	0.0055212443	0.070355810	0.49174825	1.9590122	5.0358841	9.8060404	16.131559	23.749559	32.196301	40.667223	47.845351	52.053028	51.652618	45.809147	35.359759	23.009543	12.144954	5.0004244	1.5459035	0.36582495	0.071610891	0.012675390	0.0021767315	0.00037797950	6.7792304e-05	1.2633749e-05	2.4491024e-06	4.7482492e-07	0.0000000	0.0000000	0.0000000	0.0000000	0.0000000	0.0000000	0.0000000	0.0000000	0.0000000
11.0230	0.0000000	0.0000000	0.0000000	0.0000000	0.0000000	0.0000000	0.0000000	0.0000000	0.0000000	0.0000000	0.0000000	0.0000000	0.0000000	0.0000000	0.0000000	0.0000000	0.0000000	0.0000000	0.0000000	0.0000000	0.0000000	0.0000000	0.0000000	0.0000000	0.0000000	0.0000000	0.0000000	0.0000000	0.0000000	0.0000000	0.0000000	0.0000000	0.0000000	0.0000000	0.0000000	0.0000000	0.0000000	0.0000000	0.0000000	0.0000000	4.4199945e-11	1.0027173e-08	1.0689785e-06	5.8452862e-05	0.0016690912	0.025128106	0.20320397	0.92693405	2.7147324	6.0007053	11.173357	18.533451	28.102298	39.367681	51.003822	60.654103	65.315681	62.458651	51.670093	35.842012	20.074548	8.7310518	2.8598063	0.71560630	0.14741007	0.027330771	0.0048950968	0.00088308331	0.00016413010	3.1660265e-05	6.3515980e-06	1.2747983e-06	0.0000000	0.0000000	0.0000000	0.0000000	0.0000000	0.0000000	0.0000000	0.0000000	0.0000000
10.1150	0.0000000	0.0000000	0.0000000	0.0000000	0.0000000	0.0000000	0.0000000	0.0000000	0.0000000	0.0000000	0.0000000	0.0000000	0.0000000	0.0000000	0.0000000	0.0000000	0.0000000	0.0000000	0.0000000	0.0000000	0.0000000	0.0000000	0.0000000	0.0000000	0.0000000	0.0000000	0.0000000	0.0000000	0.0000000	0.0000000	0.0000000	0.0000000	0.0000000	0.0000000	0.0000000	0.0000000	0.0000000	0.0000000	0.0000000	0.0000000	5.0695691e-12	1.3019421e-09	1.5965496e-07	1.0640195e-05	0.00036915734	0.0063855522	0.055866675	0.27427446	0.85787026	2.0029735	3.8875466	6.6335431	8.1782819	10.648996	13.763038	16.256587	17.358425	16.461273	13.522017	9.3188980	5.1848704	2.2421038	0.73509923	0.18560136	0.038644819	0.0072584726	0.0013195760	0.00024192567	4.5682724e-05	8.9380525e-06	1.8142149e-06	3.6732198e-07	0.0000000	0.0000000	0.0000000	0.0000000	0.0000000	0.0000000	0.0000000	0.0000000	0.0000000
