# DO NOT EDIT: written Thu Mar 14 18:48:37 2019 by wrt_emiss_fe17.pro
# faked emissivities [1e-23 ergs cm^3/s] for Fe17 lines from Del Zanna 2011, A&A 536, A59
# emissivities include ion balance, but not abundance, and are spline and ion balance jittered off of emiss_Fe17_00000.txt
# line 6 -- SEED, LOGT
# lines 7+ -- WVL, EMISSIVITY
      961317	4.00	4.05	4.10	4.15	4.20	4.25	4.30	4.35	4.40	4.45	4.50	4.55	4.60	4.65	4.70	4.75	4.80	4.85	4.90	4.95	5.00	5.05	5.10	5.15	5.20	5.25	5.30	5.35	5.40	5.45	5.50	5.55	5.60	5.65	5.70	5.75	5.80	5.85	5.90	5.95	6.00	6.05	6.10	6.15	6.20	6.25	6.30	6.35	6.40	6.45	6.50	6.55	6.60	6.65	6.70	6.75	6.80	6.85	6.90	6.95	7.00	7.05	7.10	7.15	7.20	7.25	7.30	7.35	7.40	7.45	7.50	7.55	7.60	7.65	7.70	7.75	7.80	7.85	7.90	7.95	8.00
15.0130	0.0000000	0.0000000	0.0000000	0.0000000	0.0000000	0.0000000	0.0000000	0.0000000	0.0000000	0.0000000	0.0000000	0.0000000	0.0000000	0.0000000	0.0000000	0.0000000	0.0000000	0.0000000	0.0000000	0.0000000	0.0000000	0.0000000	0.0000000	0.0000000	0.0000000	0.0000000	0.0000000	0.0000000	0.0000000	0.0000000	0.0000000	0.0000000	0.0000000	0.0000000	0.0000000	0.0000000	0.0000000	0.0000000	0.0000000	0.0000000	0.0000000	9.9257650e-07	0.00012716873	0.0082936090	0.27732291	4.7332887	40.732877	185.38718	521.58978	1077.7875	1843.0609	2787.6397	3852.3060	4932.3470	5871.3602	6476.9285	6559.8778	6005.6548	4861.5410	3382.7716	1955.9277	907.33317	327.00830	91.331966	20.427277	3.9097721	0.69230186	0.12043946	0.021104869	0.0038074539	0.00071068153	0.00013708626	1.6720648e-05	0.0000000	0.0000000	0.0000000	0.0000000	0.0000000	0.0000000	0.0000000	0.0000000
17.0510	0.0000000	0.0000000	0.0000000	0.0000000	0.0000000	0.0000000	0.0000000	0.0000000	0.0000000	0.0000000	0.0000000	0.0000000	0.0000000	0.0000000	0.0000000	0.0000000	0.0000000	0.0000000	0.0000000	0.0000000	0.0000000	0.0000000	0.0000000	0.0000000	0.0000000	0.0000000	0.0000000	0.0000000	0.0000000	0.0000000	0.0000000	0.0000000	0.0000000	0.0000000	0.0000000	0.0000000	0.0000000	0.0000000	0.0000000	0.0000000	0.0000000	2.4881976e-06	0.00028724532	0.016938561	0.51465425	8.0104707	63.039046	263.05674	680.39534	1295.9791	2047.6489	2868.2011	3675.9333	4370.1171	4834.5137	4959.9980	4675.9081	3988.3543	3010.7043	1955.4949	1056.7492	458.91865	155.85203	41.171671	8.7235394	1.5849054	0.26699450	0.044298204	0.0075001577	0.0013178149	0.00024141615	4.6077785e-05	5.6113035e-06	0.0000000	0.0000000	0.0000000	0.0000000	0.0000000	0.0000000	0.0000000	0.0000000
17.0960	0.0000000	0.0000000	0.0000000	0.0000000	0.0000000	0.0000000	0.0000000	0.0000000	0.0000000	0.0000000	0.0000000	0.0000000	0.0000000	0.0000000	0.0000000	0.0000000	0.0000000	0.0000000	0.0000000	0.0000000	0.0000000	0.0000000	0.0000000	0.0000000	0.0000000	0.0000000	0.0000000	0.0000000	0.0000000	0.0000000	0.0000000	0.0000000	0.0000000	0.0000000	0.0000000	0.0000000	0.0000000	0.0000000	0.0000000	0.0000000	0.0000000	2.2228233e-06	0.00024856942	0.014282365	0.42564295	6.5348424	50.931009	210.95861	542.11335	1025.8828	1609.7534	2237.3251	2843.4402	3349.2883	3667.9781	3721.9024	3466.3490	2917.2285	2169.3587	1385.3245	734.24236	311.83571	103.24673	26.506925	5.4408510	0.95461008	0.15482857	0.024655562	0.0039945901	0.00067028718	0.00011717516	2.1351617e-05	2.4868708e-06	0.0000000	0.0000000	0.0000000	0.0000000	0.0000000	0.0000000	0.0000000	0.0000000
16.7760	0.0000000	0.0000000	0.0000000	0.0000000	0.0000000	0.0000000	0.0000000	0.0000000	0.0000000	0.0000000	0.0000000	0.0000000	0.0000000	0.0000000	0.0000000	0.0000000	0.0000000	0.0000000	0.0000000	0.0000000	0.0000000	0.0000000	0.0000000	0.0000000	0.0000000	0.0000000	0.0000000	0.0000000	0.0000000	0.0000000	0.0000000	0.0000000	0.0000000	0.0000000	0.0000000	0.0000000	0.0000000	0.0000000	0.0000000	0.0000000	0.0000000	1.7180103e-06	0.00019773423	0.011621126	0.35147331	5.4258745	42.067268	171.80333	433.36301	804.64018	1243.4153	1715.5901	2191.6247	2641.5483	3029.1869	3302.2089	3344.4974	3043.1478	2430.5052	1640.3450	897.37493	394.72937	135.82258	36.356945	7.8047103	1.4362772	0.24499713	0.041140740	0.0070454902	0.0012511025	0.00023139882	4.4537012e-05	5.4616741e-06	0.0000000	0.0000000	0.0000000	0.0000000	0.0000000	0.0000000	0.0000000	0.0000000
15.2620	0.0000000	0.0000000	0.0000000	0.0000000	0.0000000	0.0000000	0.0000000	0.0000000	0.0000000	0.0000000	0.0000000	0.0000000	0.0000000	0.0000000	0.0000000	0.0000000	0.0000000	0.0000000	0.0000000	0.0000000	0.0000000	0.0000000	0.0000000	0.0000000	0.0000000	0.0000000	0.0000000	0.0000000	0.0000000	0.0000000	0.0000000	0.0000000	0.0000000	0.0000000	0.0000000	0.0000000	0.0000000	0.0000000	0.0000000	0.0000000	0.0000000	3.3434367e-07	4.1035158e-05	0.0025592462	0.081969400	1.3502871	11.341737	50.357646	138.17688	278.45983	464.58805	686.15997	926.75279	1160.6784	1352.5349	1461.6621	1451.3572	1303.9702	1037.1229	710.04147	404.58656	190.36337	70.880892	20.617478	4.8268806	0.96874343	0.17777153	0.031607467	0.0056566777	0.0010384633	0.00019688273	3.8594855e-05	4.7984549e-06	0.0000000	0.0000000	0.0000000	0.0000000	0.0000000	0.0000000	0.0000000	0.0000000
12.1240	0.0000000	0.0000000	0.0000000	0.0000000	0.0000000	0.0000000	0.0000000	0.0000000	0.0000000	0.0000000	0.0000000	0.0000000	0.0000000	0.0000000	0.0000000	0.0000000	0.0000000	0.0000000	0.0000000	0.0000000	0.0000000	0.0000000	0.0000000	0.0000000	0.0000000	0.0000000	0.0000000	0.0000000	0.0000000	0.0000000	0.0000000	0.0000000	0.0000000	0.0000000	0.0000000	0.0000000	0.0000000	0.0000000	0.0000000	0.0000000	0.0000000	3.5947893e-08	5.6658203e-06	0.00044151750	0.017246442	0.33694142	3.2597829	16.428174	50.534032	112.89234	206.63263	331.50962	481.89302	643.95134	794.46289	902.84847	937.20861	875.77921	721.20387	509.14280	298.03996	139.74961	51.081998	14.478283	3.2804747	0.63505090	0.11355747	0.019921585	0.0035525501	0.00065490593	0.00012540360	2.4927946e-05	3.1515210e-06	0.0000000	0.0000000	0.0000000	0.0000000	0.0000000	0.0000000	0.0000000	0.0000000
12.2640	0.0000000	0.0000000	0.0000000	0.0000000	0.0000000	0.0000000	0.0000000	0.0000000	0.0000000	0.0000000	0.0000000	0.0000000	0.0000000	0.0000000	0.0000000	0.0000000	0.0000000	0.0000000	0.0000000	0.0000000	0.0000000	0.0000000	0.0000000	0.0000000	0.0000000	0.0000000	0.0000000	0.0000000	0.0000000	0.0000000	0.0000000	0.0000000	0.0000000	0.0000000	0.0000000	0.0000000	0.0000000	0.0000000	0.0000000	0.0000000	0.0000000	2.9182618e-08	4.6144629e-06	0.00036345886	0.014400613	0.28525889	2.7860063	14.061864	42.970870	94.742611	170.31095	267.50394	380.20180	497.07270	601.24684	672.19733	689.82153	641.33156	529.62902	378.59950	226.94904	110.23926	41.977754	12.367434	2.8735436	0.55617188	0.099456033	0.017450011	0.0031122111	0.00057376281	0.00010985799	2.1832979e-05	2.7593504e-06	0.0000000	0.0000000	0.0000000	0.0000000	0.0000000	0.0000000	0.0000000	0.0000000
13.8250	0.0000000	0.0000000	0.0000000	0.0000000	0.0000000	0.0000000	0.0000000	0.0000000	0.0000000	0.0000000	0.0000000	0.0000000	0.0000000	0.0000000	0.0000000	0.0000000	0.0000000	0.0000000	0.0000000	0.0000000	0.0000000	0.0000000	0.0000000	0.0000000	0.0000000	0.0000000	0.0000000	0.0000000	0.0000000	0.0000000	0.0000000	0.0000000	0.0000000	0.0000000	0.0000000	0.0000000	0.0000000	0.0000000	0.0000000	0.0000000	0.0000000	4.8303510e-08	6.5009515e-06	0.00044482287	0.015659276	0.28211377	2.5641671	12.300439	36.287963	78.182297	138.74103	216.96127	309.19681	407.70908	499.47576	566.38598	588.57211	551.41712	455.25534	321.90694	188.56537	88.417755	32.305120	9.1496878	2.0715281	0.40081387	0.071650993	0.012571220	0.0022484097	0.00041699462	8.0483602e-05	1.6137642e-05	2.0565348e-06	0.0000000	0.0000000	0.0000000	0.0000000	0.0000000	0.0000000	0.0000000	0.0000000
15.4530	0.0000000	0.0000000	0.0000000	0.0000000	0.0000000	0.0000000	0.0000000	0.0000000	0.0000000	0.0000000	0.0000000	0.0000000	0.0000000	0.0000000	0.0000000	0.0000000	0.0000000	0.0000000	0.0000000	0.0000000	0.0000000	0.0000000	0.0000000	0.0000000	0.0000000	0.0000000	0.0000000	0.0000000	0.0000000	0.0000000	0.0000000	0.0000000	0.0000000	0.0000000	0.0000000	0.0000000	0.0000000	0.0000000	0.0000000	0.0000000	0.0000000	1.1927483e-07	1.4407365e-05	0.00088336936	0.027781971	0.44576637	3.6017659	15.368302	40.468298	78.126522	124.60792	175.50612	225.49244	267.92362	295.37172	301.17936	281.48422	237.51769	177.06450	113.37380	60.273330	25.689826	8.5451137	2.2080913	0.45738766	0.081256361	0.013397273	0.0021790368	0.00036247389	6.2743284e-05	1.1358601e-05	2.1431463e-06	2.5756466e-07	0.0000000	0.0000000	0.0000000	0.0000000	0.0000000	0.0000000	0.0000000	0.0000000
11.2500	0.0000000	0.0000000	0.0000000	0.0000000	0.0000000	0.0000000	0.0000000	0.0000000	0.0000000	0.0000000	0.0000000	0.0000000	0.0000000	0.0000000	0.0000000	0.0000000	0.0000000	0.0000000	0.0000000	0.0000000	0.0000000	0.0000000	0.0000000	0.0000000	0.0000000	0.0000000	0.0000000	0.0000000	0.0000000	0.0000000	0.0000000	0.0000000	0.0000000	0.0000000	0.0000000	0.0000000	0.0000000	0.0000000	0.0000000	0.0000000	0.0000000	6.3443515e-09	1.0943562e-06	9.2505346e-05	0.0038883801	0.081152717	0.83303285	4.4255951	14.267510	33.241023	63.179684	104.85831	157.16712	215.93341	273.12998	317.37136	335.99394	319.42182	266.98421	190.89969	112.96920	53.459064	19.690614	5.6159313	1.2789035	0.24857512	0.044579248	0.0078342016	0.0013977147	0.00025747740	4.9228230e-05	9.7680680e-06	1.2327556e-06	0.0000000	0.0000000	0.0000000	0.0000000	0.0000000	0.0000000	0.0000000	0.0000000
11.1290	0.0000000	0.0000000	0.0000000	0.0000000	0.0000000	0.0000000	0.0000000	0.0000000	0.0000000	0.0000000	0.0000000	0.0000000	0.0000000	0.0000000	0.0000000	0.0000000	0.0000000	0.0000000	0.0000000	0.0000000	0.0000000	0.0000000	0.0000000	0.0000000	0.0000000	0.0000000	0.0000000	0.0000000	0.0000000	0.0000000	0.0000000	0.0000000	0.0000000	0.0000000	0.0000000	0.0000000	0.0000000	0.0000000	0.0000000	0.0000000	0.0000000	3.8576358e-09	6.6370225e-07	5.6531774e-05	0.0023915321	0.050178033	0.51726753	2.7567062	8.9047304	20.765205	39.468407	65.462546	98.008528	134.46513	169.81531	196.98915	208.18234	197.56337	164.84118	117.66764	69.528961	32.863654	12.095570	3.4489945	0.78575460	0.15289616	0.027564732	0.0049787077	0.00091604147	0.00017460117	3.4603152e-05	7.1099542e-06	9.2577170e-07	0.0000000	0.0000000	0.0000000	0.0000000	0.0000000	0.0000000	0.0000000	0.0000000
16.3360	0.0000000	0.0000000	0.0000000	0.0000000	0.0000000	0.0000000	0.0000000	0.0000000	0.0000000	0.0000000	0.0000000	0.0000000	0.0000000	0.0000000	0.0000000	0.0000000	0.0000000	0.0000000	0.0000000	0.0000000	0.0000000	0.0000000	0.0000000	0.0000000	0.0000000	0.0000000	0.0000000	0.0000000	0.0000000	0.0000000	0.0000000	0.0000000	0.0000000	0.0000000	0.0000000	0.0000000	0.0000000	0.0000000	0.0000000	0.0000000	0.0000000	5.0747977e-08	5.8041599e-06	0.00033894372	0.010220562	0.15831257	1.2421472	5.1727795	13.352064	25.351428	39.883577	55.559157	70.780259	83.625813	91.953826	93.799327	87.951630	74.645835	56.087196	36.280670	19.542018	8.4669731	2.8717399	0.75854658	0.16091062	0.029308045	0.0049571329	0.00082711496	0.00014105818	2.5001773e-05	4.6259122e-06	8.9222622e-07	1.0977065e-07	0.0000000	0.0000000	0.0000000	0.0000000	0.0000000	0.0000000	0.0000000	0.0000000
13.8900	0.0000000	0.0000000	0.0000000	0.0000000	0.0000000	0.0000000	0.0000000	0.0000000	0.0000000	0.0000000	0.0000000	0.0000000	0.0000000	0.0000000	0.0000000	0.0000000	0.0000000	0.0000000	0.0000000	0.0000000	0.0000000	0.0000000	0.0000000	0.0000000	0.0000000	0.0000000	0.0000000	0.0000000	0.0000000	0.0000000	0.0000000	0.0000000	0.0000000	0.0000000	0.0000000	0.0000000	0.0000000	0.0000000	0.0000000	0.0000000	0.0000000	1.6142032e-08	2.0532885e-06	0.00013249717	0.0044254253	0.076693078	0.66984786	3.0823933	8.6953348	17.848260	30.075155	44.537557	59.995557	74.729679	86.531035	92.848859	91.438490	81.336484	63.882140	43.048290	24.076534	10.800859	3.7839710	1.0302362	0.22483849	0.042058897	0.0072928000	0.0012450647	0.00021683410	3.9167058e-05	7.3707668e-06	1.4437755e-06	1.8022181e-07	0.0000000	0.0000000	0.0000000	0.0000000	0.0000000	0.0000000	0.0000000	0.0000000
16.0040	0.0000000	0.0000000	0.0000000	0.0000000	0.0000000	0.0000000	0.0000000	0.0000000	0.0000000	0.0000000	0.0000000	0.0000000	0.0000000	0.0000000	0.0000000	0.0000000	0.0000000	0.0000000	0.0000000	0.0000000	0.0000000	0.0000000	0.0000000	0.0000000	0.0000000	0.0000000	0.0000000	0.0000000	0.0000000	0.0000000	0.0000000	0.0000000	0.0000000	0.0000000	0.0000000	0.0000000	0.0000000	0.0000000	0.0000000	0.0000000	0.0000000	3.3048616e-08	3.9314662e-06	0.00023800008	0.0074054767	0.11781430	0.94618201	4.0243554	10.597599	20.518883	32.895138	46.648284	60.420893	72.483440	80.843325	83.591834	79.414480	68.260046	51.919261	33.972728	18.488667	8.0817021	2.7610347	0.73355092	0.15630192	0.028557619	0.0048392483	0.00080806733	0.00013777516	2.4389234e-05	4.5023224e-06	8.6584326e-07	1.0620420e-07	0.0000000	0.0000000	0.0000000	0.0000000	0.0000000	0.0000000	0.0000000	0.0000000
10.7700	0.0000000	0.0000000	0.0000000	0.0000000	0.0000000	0.0000000	0.0000000	0.0000000	0.0000000	0.0000000	0.0000000	0.0000000	0.0000000	0.0000000	0.0000000	0.0000000	0.0000000	0.0000000	0.0000000	0.0000000	0.0000000	0.0000000	0.0000000	0.0000000	0.0000000	0.0000000	0.0000000	0.0000000	0.0000000	0.0000000	0.0000000	0.0000000	0.0000000	0.0000000	0.0000000	0.0000000	0.0000000	0.0000000	0.0000000	0.0000000	0.0000000	2.4883646e-09	4.4758650e-07	3.9351915e-05	0.0017174082	0.037159698	0.39476252	2.1645238	7.1712917	17.084345	33.057480	55.659207	84.419903	117.19969	149.71937	175.64418	187.65483	179.92731	151.56625	109.12993	64.984997	30.930242	11.455564	3.2850409	0.75224444	0.14706869	0.026538895	0.0046942781	0.00084324659	0.00015643409	3.0113075e-05	6.0111812e-06	7.6214254e-07	0.0000000	0.0000000	0.0000000	0.0000000	0.0000000	0.0000000	0.0000000	0.0000000
10.6570	0.0000000	0.0000000	0.0000000	0.0000000	0.0000000	0.0000000	0.0000000	0.0000000	0.0000000	0.0000000	0.0000000	0.0000000	0.0000000	0.0000000	0.0000000	0.0000000	0.0000000	0.0000000	0.0000000	0.0000000	0.0000000	0.0000000	0.0000000	0.0000000	0.0000000	0.0000000	0.0000000	0.0000000	0.0000000	0.0000000	0.0000000	0.0000000	0.0000000	0.0000000	0.0000000	0.0000000	0.0000000	0.0000000	0.0000000	0.0000000	0.0000000	1.2933859e-09	2.3754814e-07	2.1235795e-05	0.00093843649	0.020473644	0.21836150	1.1972987	3.9543188	9.3706813	18.008736	30.086668	45.252985	62.276638	78.844052	91.682649	97.142070	92.467486	77.457241	55.589438	33.090821	15.797295	5.8909513	1.7082134	0.39741016	0.079351717	0.014698427	0.0026747311	0.00049391129	9.3856976e-05	1.8405705e-05	3.7239518e-06	4.7640783e-07	0.0000000	0.0000000	0.0000000	0.0000000	0.0000000	0.0000000	0.0000000	0.0000000
12.6800	0.0000000	0.0000000	0.0000000	0.0000000	0.0000000	0.0000000	0.0000000	0.0000000	0.0000000	0.0000000	0.0000000	0.0000000	0.0000000	0.0000000	0.0000000	0.0000000	0.0000000	0.0000000	0.0000000	0.0000000	0.0000000	0.0000000	0.0000000	0.0000000	0.0000000	0.0000000	0.0000000	0.0000000	0.0000000	0.0000000	0.0000000	0.0000000	0.0000000	0.0000000	0.0000000	0.0000000	0.0000000	0.0000000	0.0000000	0.0000000	0.0000000	5.0324733e-09	7.0700601e-07	5.0064456e-05	0.0018104540	0.033242401	0.30468157	1.4517185	4.1954708	8.7580234	14.925818	22.282226	30.245289	38.010870	44.417047	48.092240	47.770573	42.817351	33.850475	22.965130	12.937367	5.8483853	2.0655060	0.56708000	0.12477753	0.023516282	0.0041036794	0.00070409609	0.00012304098	2.2539630e-05	4.4075978e-06	8.9870621e-07	1.1653989e-07	0.0000000	0.0000000	0.0000000	0.0000000	0.0000000	0.0000000	0.0000000	0.0000000
11.0230	0.0000000	0.0000000	0.0000000	0.0000000	0.0000000	0.0000000	0.0000000	0.0000000	0.0000000	0.0000000	0.0000000	0.0000000	0.0000000	0.0000000	0.0000000	0.0000000	0.0000000	0.0000000	0.0000000	0.0000000	0.0000000	0.0000000	0.0000000	0.0000000	0.0000000	0.0000000	0.0000000	0.0000000	0.0000000	0.0000000	0.0000000	0.0000000	0.0000000	0.0000000	0.0000000	0.0000000	0.0000000	0.0000000	0.0000000	0.0000000	0.0000000	9.6162788e-10	1.7211114e-07	1.5156550e-05	0.00066354132	0.014361890	0.15218569	0.83111700	2.7446428	6.5375966	12.707539	21.592684	33.166366	46.727812	60.615815	72.179585	78.245239	76.128775	65.105902	47.439109	28.582933	13.779105	5.1696319	1.5008044	0.34750687	0.068602214	0.012485582	0.0022255855	0.00040302923	7.5488016e-05	1.4703920e-05	2.9777781e-06	3.8403286e-07	0.0000000	0.0000000	0.0000000	0.0000000	0.0000000	0.0000000	0.0000000	0.0000000
10.1150	0.0000000	0.0000000	0.0000000	0.0000000	0.0000000	0.0000000	0.0000000	0.0000000	0.0000000	0.0000000	0.0000000	0.0000000	0.0000000	0.0000000	0.0000000	0.0000000	0.0000000	0.0000000	0.0000000	0.0000000	0.0000000	0.0000000	0.0000000	0.0000000	0.0000000	0.0000000	0.0000000	0.0000000	0.0000000	0.0000000	0.0000000	0.0000000	0.0000000	0.0000000	0.0000000	0.0000000	0.0000000	0.0000000	0.0000000	0.0000000	0.0000000	1.3014090e-10	2.5753790e-08	2.4753281e-06	0.00011741013	0.0027458148	0.031362120	0.18395337	0.64875869	1.6363731	3.3338266	5.8818601	9.3115516	13.451236	17.839960	21.695169	23.987663	23.757192	20.626430	15.269669	9.3260295	4.5451185	1.7221188	0.50502367	0.11826056	0.023649145	0.0043658589	0.00078983998	0.00014502835	2.7478596e-05	5.3968920e-06	1.0979475e-06	1.4169346e-07	0.0000000	0.0000000	0.0000000	0.0000000	0.0000000	0.0000000	0.0000000	0.0000000
