# DO NOT EDIT: written Thu Mar 14 18:48:37 2019 by wrt_emiss_fe17.pro
# faked emissivities [1e-23 ergs cm^3/s] for Fe17 lines from Del Zanna 2011, A&A 536, A59
# emissivities include ion balance, but not abundance, and are spline and ion balance jittered off of emiss_Fe17_00000.txt
# line 6 -- SEED, LOGT
# lines 7+ -- WVL, EMISSIVITY
       18288	4.00	4.05	4.10	4.15	4.20	4.25	4.30	4.35	4.40	4.45	4.50	4.55	4.60	4.65	4.70	4.75	4.80	4.85	4.90	4.95	5.00	5.05	5.10	5.15	5.20	5.25	5.30	5.35	5.40	5.45	5.50	5.55	5.60	5.65	5.70	5.75	5.80	5.85	5.90	5.95	6.00	6.05	6.10	6.15	6.20	6.25	6.30	6.35	6.40	6.45	6.50	6.55	6.60	6.65	6.70	6.75	6.80	6.85	6.90	6.95	7.00	7.05	7.10	7.15	7.20	7.25	7.30	7.35	7.40	7.45	7.50	7.55	7.60	7.65	7.70	7.75	7.80	7.85	7.90	7.95	8.00
15.0130	0.0000000	0.0000000	0.0000000	0.0000000	0.0000000	0.0000000	0.0000000	0.0000000	0.0000000	0.0000000	0.0000000	0.0000000	0.0000000	0.0000000	0.0000000	0.0000000	0.0000000	0.0000000	0.0000000	0.0000000	0.0000000	0.0000000	0.0000000	0.0000000	0.0000000	0.0000000	0.0000000	0.0000000	0.0000000	0.0000000	0.0000000	0.0000000	0.0000000	0.0000000	0.0000000	0.0000000	0.0000000	0.0000000	0.0000000	0.0000000	0.0000000	1.1395052e-06	0.00014491557	0.0093346627	0.30871715	5.2262314	44.855530	205.06217	580.12169	1197.5566	2032.9932	3041.8782	4151.8768	5247.6135	6167.0215	6720.0620	6730.6499	6105.5917	4911.6005	3409.7528	1976.8791	924.40471	338.56816	96.107008	21.684020	4.1512829	0.73051030	0.12579337	0.021998704	0.0039786032	0.00074831033	0.00014643398	2.0698082e-05	0.0000000	0.0000000	0.0000000	0.0000000	0.0000000	0.0000000	0.0000000	0.0000000
17.0510	0.0000000	0.0000000	0.0000000	0.0000000	0.0000000	0.0000000	0.0000000	0.0000000	0.0000000	0.0000000	0.0000000	0.0000000	0.0000000	0.0000000	0.0000000	0.0000000	0.0000000	0.0000000	0.0000000	0.0000000	0.0000000	0.0000000	0.0000000	0.0000000	0.0000000	0.0000000	0.0000000	0.0000000	0.0000000	0.0000000	0.0000000	0.0000000	0.0000000	0.0000000	0.0000000	0.0000000	0.0000000	0.0000000	0.0000000	0.0000000	0.0000000	2.4536611e-06	0.00027796475	0.016135155	0.48498172	7.5125249	59.329698	250.85783	659.60404	1271.5500	2024.5280	2851.5449	3675.0820	4397.2535	4902.4719	5077.4918	4786.5437	4036.7200	3009.8152	1929.2346	1029.1208	441.71235	148.36058	38.666285	8.1424627	1.5046960	0.25635359	0.042866493	0.0072995655	0.0012885905	0.00023696972	4.5378797e-05	6.2779503e-06	0.0000000	0.0000000	0.0000000	0.0000000	0.0000000	0.0000000	0.0000000	0.0000000
17.0960	0.0000000	0.0000000	0.0000000	0.0000000	0.0000000	0.0000000	0.0000000	0.0000000	0.0000000	0.0000000	0.0000000	0.0000000	0.0000000	0.0000000	0.0000000	0.0000000	0.0000000	0.0000000	0.0000000	0.0000000	0.0000000	0.0000000	0.0000000	0.0000000	0.0000000	0.0000000	0.0000000	0.0000000	0.0000000	0.0000000	0.0000000	0.0000000	0.0000000	0.0000000	0.0000000	0.0000000	0.0000000	0.0000000	0.0000000	0.0000000	0.0000000	2.1474802e-06	0.00023985644	0.013736454	0.40817555	6.2603872	48.973695	204.91996	532.20608	1010.8079	1581.2558	2182.6739	2750.3106	3210.9371	3487.7181	3514.9813	3258.2033	2736.9153	2039.1200	1310.8229	703.42763	304.30686	103.09673	27.091781	5.6681875	1.0087967	0.16557815	0.026695023	0.0043876211	0.00074859749	0.00013326215	2.4740935e-05	3.3227570e-06	0.0000000	0.0000000	0.0000000	0.0000000	0.0000000	0.0000000	0.0000000	0.0000000
16.7760	0.0000000	0.0000000	0.0000000	0.0000000	0.0000000	0.0000000	0.0000000	0.0000000	0.0000000	0.0000000	0.0000000	0.0000000	0.0000000	0.0000000	0.0000000	0.0000000	0.0000000	0.0000000	0.0000000	0.0000000	0.0000000	0.0000000	0.0000000	0.0000000	0.0000000	0.0000000	0.0000000	0.0000000	0.0000000	0.0000000	0.0000000	0.0000000	0.0000000	0.0000000	0.0000000	0.0000000	0.0000000	0.0000000	0.0000000	0.0000000	0.0000000	1.6233275e-06	0.00018475473	0.010749771	0.32396176	5.0379990	40.005697	170.34311	451.60081	878.22223	1410.3484	2001.9012	2595.0645	3116.5270	3482.0570	3609.8733	3442.9110	2977.1387	2285.3907	1515.4748	840.03905	375.90115	131.88429	35.916781	7.7900958	1.4370344	0.24430022	0.040747971	0.0069183859	0.0012171126	0.00022293601	4.2499447e-05	5.8533187e-06	0.0000000	0.0000000	0.0000000	0.0000000	0.0000000	0.0000000	0.0000000	0.0000000
15.2620	0.0000000	0.0000000	0.0000000	0.0000000	0.0000000	0.0000000	0.0000000	0.0000000	0.0000000	0.0000000	0.0000000	0.0000000	0.0000000	0.0000000	0.0000000	0.0000000	0.0000000	0.0000000	0.0000000	0.0000000	0.0000000	0.0000000	0.0000000	0.0000000	0.0000000	0.0000000	0.0000000	0.0000000	0.0000000	0.0000000	0.0000000	0.0000000	0.0000000	0.0000000	0.0000000	0.0000000	0.0000000	0.0000000	0.0000000	0.0000000	0.0000000	3.2525968e-07	4.0631039e-05	0.0025802421	0.084346583	1.4132246	12.008310	54.356904	152.29309	311.46741	524.19037	778.29481	1055.0885	1325.4307	1549.0149	1679.2031	1673.5343	1510.7408	1209.3195	835.36137	481.95547	224.32486	81.814531	23.141076	5.2071768	0.99536761	0.17514121	0.030205362	0.0052987511	0.00096274825	0.00018217824	3.5912888e-05	5.1194783e-06	0.0000000	0.0000000	0.0000000	0.0000000	0.0000000	0.0000000	0.0000000	0.0000000
12.1240	0.0000000	0.0000000	0.0000000	0.0000000	0.0000000	0.0000000	0.0000000	0.0000000	0.0000000	0.0000000	0.0000000	0.0000000	0.0000000	0.0000000	0.0000000	0.0000000	0.0000000	0.0000000	0.0000000	0.0000000	0.0000000	0.0000000	0.0000000	0.0000000	0.0000000	0.0000000	0.0000000	0.0000000	0.0000000	0.0000000	0.0000000	0.0000000	0.0000000	0.0000000	0.0000000	0.0000000	0.0000000	0.0000000	0.0000000	0.0000000	0.0000000	2.8594724e-08	4.4943044e-06	0.00034887155	0.013593066	0.26566049	2.5857026	13.206945	41.232307	92.933403	170.64958	273.92158	398.13647	532.28223	657.92068	750.41794	783.47445	738.18747	614.79825	440.55097	262.88773	126.17751	47.316760	13.727460	3.1616882	0.61729360	0.11069910	0.019414059	0.0034553847	0.00063551256	0.00012140939	2.4091492e-05	3.4471145e-06	0.0000000	0.0000000	0.0000000	0.0000000	0.0000000	0.0000000	0.0000000	0.0000000
12.2640	0.0000000	0.0000000	0.0000000	0.0000000	0.0000000	0.0000000	0.0000000	0.0000000	0.0000000	0.0000000	0.0000000	0.0000000	0.0000000	0.0000000	0.0000000	0.0000000	0.0000000	0.0000000	0.0000000	0.0000000	0.0000000	0.0000000	0.0000000	0.0000000	0.0000000	0.0000000	0.0000000	0.0000000	0.0000000	0.0000000	0.0000000	0.0000000	0.0000000	0.0000000	0.0000000	0.0000000	0.0000000	0.0000000	0.0000000	0.0000000	0.0000000	2.7718302e-08	4.2850111e-06	0.00032856091	0.012697262	0.24704831	2.4012750	12.273055	38.373984	86.662583	159.50379	256.69954	374.20784	501.95474	622.39928	711.64726	744.00615	700.97769	582.97002	416.72489	247.94279	118.65283	44.379346	12.848701	2.9545695	0.57607155	0.10317051	0.018067633	0.0032102816	0.00058921011	0.00011227747	2.2210955e-05	3.1665770e-06	0.0000000	0.0000000	0.0000000	0.0000000	0.0000000	0.0000000	0.0000000	0.0000000
13.8250	0.0000000	0.0000000	0.0000000	0.0000000	0.0000000	0.0000000	0.0000000	0.0000000	0.0000000	0.0000000	0.0000000	0.0000000	0.0000000	0.0000000	0.0000000	0.0000000	0.0000000	0.0000000	0.0000000	0.0000000	0.0000000	0.0000000	0.0000000	0.0000000	0.0000000	0.0000000	0.0000000	0.0000000	0.0000000	0.0000000	0.0000000	0.0000000	0.0000000	0.0000000	0.0000000	0.0000000	0.0000000	0.0000000	0.0000000	0.0000000	0.0000000	4.2799206e-08	5.8093695e-06	0.00040020059	0.014190418	0.25798117	2.3769143	11.628961	34.989279	76.306056	136.05566	212.78187	302.42586	396.99530	483.57517	544.74552	562.11921	523.26306	430.10295	303.77814	178.53556	84.396348	31.193588	8.9308793	2.0335964	0.39350490	0.070133256	0.012260260	0.0021815860	0.00040229534	7.7272187e-05	1.5457328e-05	2.2345882e-06	0.0000000	0.0000000	0.0000000	0.0000000	0.0000000	0.0000000	0.0000000	0.0000000
15.4530	0.0000000	0.0000000	0.0000000	0.0000000	0.0000000	0.0000000	0.0000000	0.0000000	0.0000000	0.0000000	0.0000000	0.0000000	0.0000000	0.0000000	0.0000000	0.0000000	0.0000000	0.0000000	0.0000000	0.0000000	0.0000000	0.0000000	0.0000000	0.0000000	0.0000000	0.0000000	0.0000000	0.0000000	0.0000000	0.0000000	0.0000000	0.0000000	0.0000000	0.0000000	0.0000000	0.0000000	0.0000000	0.0000000	0.0000000	0.0000000	0.0000000	1.2507552e-07	1.5147609e-05	0.00093053356	0.029367707	0.47427619	3.8788567	16.873547	45.348481	88.780478	142.69292	201.81848	259.96465	309.49972	341.91075	349.52943	327.84143	278.06531	208.85335	135.21279	73.049348	31.821481	10.860582	2.8764739	0.50130494	0.080531531	0.013335818	0.0021691867	0.00035966263	6.1886539e-05	1.1105217e-05	2.0772572e-06	2.8097694e-07	0.0000000	0.0000000	0.0000000	0.0000000	0.0000000	0.0000000	0.0000000	0.0000000
11.2500	0.0000000	0.0000000	0.0000000	0.0000000	0.0000000	0.0000000	0.0000000	0.0000000	0.0000000	0.0000000	0.0000000	0.0000000	0.0000000	0.0000000	0.0000000	0.0000000	0.0000000	0.0000000	0.0000000	0.0000000	0.0000000	0.0000000	0.0000000	0.0000000	0.0000000	0.0000000	0.0000000	0.0000000	0.0000000	0.0000000	0.0000000	0.0000000	0.0000000	0.0000000	0.0000000	0.0000000	0.0000000	0.0000000	0.0000000	0.0000000	0.0000000	6.0670480e-09	1.0428483e-06	8.7507143e-05	0.0036438885	0.075244429	0.76471923	4.0294131	12.914647	30.183231	58.734576	101.48274	159.42556	228.99793	299.65071	354.73652	377.70899	357.59583	295.53279	207.96948	120.86076	56.143383	20.295439	5.6668376	1.2575973	0.24476148	0.044056353	0.0077520834	0.0013836769	0.00025507734	4.8815824e-05	9.6973457e-06	1.3878470e-06	0.0000000	0.0000000	0.0000000	0.0000000	0.0000000	0.0000000	0.0000000	0.0000000
11.1290	0.0000000	0.0000000	0.0000000	0.0000000	0.0000000	0.0000000	0.0000000	0.0000000	0.0000000	0.0000000	0.0000000	0.0000000	0.0000000	0.0000000	0.0000000	0.0000000	0.0000000	0.0000000	0.0000000	0.0000000	0.0000000	0.0000000	0.0000000	0.0000000	0.0000000	0.0000000	0.0000000	0.0000000	0.0000000	0.0000000	0.0000000	0.0000000	0.0000000	0.0000000	0.0000000	0.0000000	0.0000000	0.0000000	0.0000000	0.0000000	0.0000000	4.1100261e-09	7.1592493e-07	6.0965007e-05	0.0025818608	0.054381095	0.56585516	3.0656053	10.076979	23.758976	45.373804	75.357069	112.80590	154.68569	195.30949	226.69674	240.04656	228.70652	192.12056	138.57478	83.115055	40.061783	15.081047	4.3915643	1.0153289	0.19904797	0.035847013	0.0063136442	0.0011284556	0.00020838630	3.9962921e-05	7.9578659e-06	1.1420155e-06	0.0000000	0.0000000	0.0000000	0.0000000	0.0000000	0.0000000	0.0000000	0.0000000
16.3360	0.0000000	0.0000000	0.0000000	0.0000000	0.0000000	0.0000000	0.0000000	0.0000000	0.0000000	0.0000000	0.0000000	0.0000000	0.0000000	0.0000000	0.0000000	0.0000000	0.0000000	0.0000000	0.0000000	0.0000000	0.0000000	0.0000000	0.0000000	0.0000000	0.0000000	0.0000000	0.0000000	0.0000000	0.0000000	0.0000000	0.0000000	0.0000000	0.0000000	0.0000000	0.0000000	0.0000000	0.0000000	0.0000000	0.0000000	0.0000000	0.0000000	4.8091185e-08	5.5517640e-06	0.00032663187	0.0099245611	0.15509852	1.2321932	5.2206886	13.687022	26.140243	40.951588	56.358619	70.536762	82.151872	90.256403	93.281907	89.628588	78.624013	61.437748	41.495909	23.388081	10.602652	3.7538073	1.0283574	0.22380103	0.041338194	0.0070253116	0.0011699530	0.00019813858	3.4741278e-05	6.3374937e-06	1.2022126e-06	1.6452270e-07	0.0000000	0.0000000	0.0000000	0.0000000	0.0000000	0.0000000	0.0000000	0.0000000
13.8900	0.0000000	0.0000000	0.0000000	0.0000000	0.0000000	0.0000000	0.0000000	0.0000000	0.0000000	0.0000000	0.0000000	0.0000000	0.0000000	0.0000000	0.0000000	0.0000000	0.0000000	0.0000000	0.0000000	0.0000000	0.0000000	0.0000000	0.0000000	0.0000000	0.0000000	0.0000000	0.0000000	0.0000000	0.0000000	0.0000000	0.0000000	0.0000000	0.0000000	0.0000000	0.0000000	0.0000000	0.0000000	0.0000000	0.0000000	0.0000000	0.0000000	1.5926950e-08	2.0754670e-06	0.00013706446	0.0046559936	0.081083391	0.71556436	3.3506876	9.6282271	20.001227	33.895012	50.305162	67.810920	84.483810	97.870098	105.13843	103.79240	92.723887	73.334834	49.937494	28.346366	12.963581	4.6428677	1.2900816	0.28551353	0.053767957	0.0093378989	0.0015925191	0.00027674690	4.9886753e-05	9.3737310e-06	1.8352238e-06	2.5973122e-07	0.0000000	0.0000000	0.0000000	0.0000000	0.0000000	0.0000000	0.0000000	0.0000000
16.0040	0.0000000	0.0000000	0.0000000	0.0000000	0.0000000	0.0000000	0.0000000	0.0000000	0.0000000	0.0000000	0.0000000	0.0000000	0.0000000	0.0000000	0.0000000	0.0000000	0.0000000	0.0000000	0.0000000	0.0000000	0.0000000	0.0000000	0.0000000	0.0000000	0.0000000	0.0000000	0.0000000	0.0000000	0.0000000	0.0000000	0.0000000	0.0000000	0.0000000	0.0000000	0.0000000	0.0000000	0.0000000	0.0000000	0.0000000	0.0000000	0.0000000	2.8281973e-08	3.3574422e-06	0.00020291261	0.0063207514	0.10110009	0.82206482	3.5708156	9.6287639	18.999190	30.900622	44.382976	58.246590	70.871902	80.245046	84.280029	81.356469	71.068341	54.947239	36.556660	20.234389	8.9910751	3.1142118	0.83383405	0.17742570	0.032100116	0.0053617917	0.00088222569	0.00014851523	2.6036655e-05	4.7754179e-06	9.1559940e-07	1.2726821e-07	0.0000000	0.0000000	0.0000000	0.0000000	0.0000000	0.0000000	0.0000000	0.0000000
10.7700	0.0000000	0.0000000	0.0000000	0.0000000	0.0000000	0.0000000	0.0000000	0.0000000	0.0000000	0.0000000	0.0000000	0.0000000	0.0000000	0.0000000	0.0000000	0.0000000	0.0000000	0.0000000	0.0000000	0.0000000	0.0000000	0.0000000	0.0000000	0.0000000	0.0000000	0.0000000	0.0000000	0.0000000	0.0000000	0.0000000	0.0000000	0.0000000	0.0000000	0.0000000	0.0000000	0.0000000	0.0000000	0.0000000	0.0000000	0.0000000	0.0000000	1.8768733e-09	3.3953549e-07	3.0002973e-05	0.0013179422	0.028780843	0.31021395	1.7376194	5.8856196	14.238867	27.796264	47.040554	71.584626	99.638405	127.60778	150.14506	161.03858	155.25729	131.81770	95.967777	58.019953	28.154049	10.657494	3.1175109	0.72337550	0.14222258	0.025669794	0.0045280565	0.00080999869	0.00014960551	2.8676868e-05	5.7041720e-06	8.1714490e-07	0.0000000	0.0000000	0.0000000	0.0000000	0.0000000	0.0000000	0.0000000	0.0000000
10.6570	0.0000000	0.0000000	0.0000000	0.0000000	0.0000000	0.0000000	0.0000000	0.0000000	0.0000000	0.0000000	0.0000000	0.0000000	0.0000000	0.0000000	0.0000000	0.0000000	0.0000000	0.0000000	0.0000000	0.0000000	0.0000000	0.0000000	0.0000000	0.0000000	0.0000000	0.0000000	0.0000000	0.0000000	0.0000000	0.0000000	0.0000000	0.0000000	0.0000000	0.0000000	0.0000000	0.0000000	0.0000000	0.0000000	0.0000000	0.0000000	0.0000000	1.3481347e-09	2.4767096e-07	2.2153333e-05	0.00098225531	0.021595454	0.23379067	1.3129611	4.4315499	9.8835031	17.437284	26.737805	40.369345	56.316928	72.263299	85.151879	91.413144	88.158210	74.831721	54.445711	32.882315	15.931725	6.0185527	1.7560632	0.40624421	0.079611947	0.014326858	0.0025216364	0.00045055060	8.3216869e-05	1.5971413e-05	3.1848710e-06	4.7328795e-07	0.0000000	0.0000000	0.0000000	0.0000000	0.0000000	0.0000000	0.0000000	0.0000000
12.6800	0.0000000	0.0000000	0.0000000	0.0000000	0.0000000	0.0000000	0.0000000	0.0000000	0.0000000	0.0000000	0.0000000	0.0000000	0.0000000	0.0000000	0.0000000	0.0000000	0.0000000	0.0000000	0.0000000	0.0000000	0.0000000	0.0000000	0.0000000	0.0000000	0.0000000	0.0000000	0.0000000	0.0000000	0.0000000	0.0000000	0.0000000	0.0000000	0.0000000	0.0000000	0.0000000	0.0000000	0.0000000	0.0000000	0.0000000	0.0000000	0.0000000	5.9638142e-09	8.4270555e-07	5.9807935e-05	0.0021656573	0.039847363	0.36732463	1.7699458	5.1707727	10.827467	18.374349	27.195472	36.517219	45.356766	52.378548	56.082963	55.168456	49.083063	38.647566	26.231589	14.868480	6.8040939	2.4442756	0.68304164	0.15241389	0.029006619	0.0051025031	0.00088334010	0.00015602842	2.8586824e-05	5.4526321e-06	1.0812391e-06	1.5453897e-07	0.0000000	0.0000000	0.0000000	0.0000000	0.0000000	0.0000000	0.0000000	0.0000000
11.0230	0.0000000	0.0000000	0.0000000	0.0000000	0.0000000	0.0000000	0.0000000	0.0000000	0.0000000	0.0000000	0.0000000	0.0000000	0.0000000	0.0000000	0.0000000	0.0000000	0.0000000	0.0000000	0.0000000	0.0000000	0.0000000	0.0000000	0.0000000	0.0000000	0.0000000	0.0000000	0.0000000	0.0000000	0.0000000	0.0000000	0.0000000	0.0000000	0.0000000	0.0000000	0.0000000	0.0000000	0.0000000	0.0000000	0.0000000	0.0000000	0.0000000	7.0698903e-10	1.2668217e-07	1.1148882e-05	0.00048816105	0.010591919	0.11308482	0.62645088	2.1035781	5.1319122	10.146382	17.463991	27.110606	38.555091	50.452577	60.591571	66.263031	65.092969	56.295197	41.759579	25.740169	12.736990	4.9137724	1.4630164	0.34491250	0.068766801	0.012565689	0.0022412406	0.00040538768	7.5798853e-05	1.4737441e-05	2.9801644e-06	4.3495356e-07	0.0000000	0.0000000	0.0000000	0.0000000	0.0000000	0.0000000	0.0000000	0.0000000
10.1150	0.0000000	0.0000000	0.0000000	0.0000000	0.0000000	0.0000000	0.0000000	0.0000000	0.0000000	0.0000000	0.0000000	0.0000000	0.0000000	0.0000000	0.0000000	0.0000000	0.0000000	0.0000000	0.0000000	0.0000000	0.0000000	0.0000000	0.0000000	0.0000000	0.0000000	0.0000000	0.0000000	0.0000000	0.0000000	0.0000000	0.0000000	0.0000000	0.0000000	0.0000000	0.0000000	0.0000000	0.0000000	0.0000000	0.0000000	0.0000000	0.0000000	1.1215841e-10	2.2124682e-08	2.1169062e-06	0.00010008228	0.0023400930	0.026885088	0.15989117	0.57301926	1.4613843	2.9966246	5.3117066	8.4483241	12.272813	16.392563	20.113065	22.480682	22.547319	19.859394	14.941749	9.2923847	4.6169508	1.7810830	0.52823919	0.12371090	0.024582481	0.0044973223	0.00080603333	0.00014678499	2.7643837e-05	5.4102294e-06	1.1000098e-06	1.6122126e-07	0.0000000	0.0000000	0.0000000	0.0000000	0.0000000	0.0000000	0.0000000	0.0000000
