# DO NOT EDIT: written Thu Mar 14 18:48:37 2019 by wrt_emiss_fe17.pro
# faked emissivities [1e-23 ergs cm^3/s] for Fe17 lines from Del Zanna 2011, A&A 536, A59
# emissivities include ion balance, but not abundance, and are spline and ion balance jittered off of emiss_Fe17_00000.txt
# line 6 -- SEED, LOGT
# lines 7+ -- WVL, EMISSIVITY
      533653	4.00	4.05	4.10	4.15	4.20	4.25	4.30	4.35	4.40	4.45	4.50	4.55	4.60	4.65	4.70	4.75	4.80	4.85	4.90	4.95	5.00	5.05	5.10	5.15	5.20	5.25	5.30	5.35	5.40	5.45	5.50	5.55	5.60	5.65	5.70	5.75	5.80	5.85	5.90	5.95	6.00	6.05	6.10	6.15	6.20	6.25	6.30	6.35	6.40	6.45	6.50	6.55	6.60	6.65	6.70	6.75	6.80	6.85	6.90	6.95	7.00	7.05	7.10	7.15	7.20	7.25	7.30	7.35	7.40	7.45	7.50	7.55	7.60	7.65	7.70	7.75	7.80	7.85	7.90	7.95	8.00
15.0130	0.0000000	0.0000000	0.0000000	0.0000000	0.0000000	0.0000000	0.0000000	0.0000000	0.0000000	0.0000000	0.0000000	0.0000000	0.0000000	0.0000000	0.0000000	0.0000000	0.0000000	0.0000000	0.0000000	0.0000000	0.0000000	0.0000000	0.0000000	0.0000000	0.0000000	0.0000000	0.0000000	0.0000000	0.0000000	0.0000000	0.0000000	0.0000000	0.0000000	0.0000000	0.0000000	0.0000000	0.0000000	0.0000000	0.0000000	0.0000000	0.0000000	1.4857917e-06	0.00018327929	0.011446193	0.36547192	5.9425814	48.557840	209.13288	558.74297	1106.7002	1828.3476	2683.1019	3603.5730	4485.2651	5187.1881	5552.6050	5446.9324	4817.7539	3754.4327	2502.7116	1377.1248	603.39612	205.20271	54.311994	11.664850	2.1824446	0.38314733	0.066674575	0.011884070	0.0021955338	0.00042277490	8.4788309e-05	7.5701898e-06	0.0000000	0.0000000	0.0000000	0.0000000	0.0000000	0.0000000	0.0000000	0.0000000
17.0510	0.0000000	0.0000000	0.0000000	0.0000000	0.0000000	0.0000000	0.0000000	0.0000000	0.0000000	0.0000000	0.0000000	0.0000000	0.0000000	0.0000000	0.0000000	0.0000000	0.0000000	0.0000000	0.0000000	0.0000000	0.0000000	0.0000000	0.0000000	0.0000000	0.0000000	0.0000000	0.0000000	0.0000000	0.0000000	0.0000000	0.0000000	0.0000000	0.0000000	0.0000000	0.0000000	0.0000000	0.0000000	0.0000000	0.0000000	0.0000000	0.0000000	2.6673263e-06	0.00030015028	0.017333993	0.51653810	7.8792060	60.485788	244.32870	611.32978	1137.6005	1774.5922	2469.6306	3156.7244	3750.4021	4149.9292	4258.8678	4012.4397	3413.2644	2560.5213	1643.8662	871.40714	367.89284	120.58041	30.779084	6.3819630	1.1541057	0.19604793	0.033011894	0.0056807019	0.0010116541	0.00018688575	3.5724921e-05	3.0254762e-06	0.0000000	0.0000000	0.0000000	0.0000000	0.0000000	0.0000000	0.0000000	0.0000000
17.0960	0.0000000	0.0000000	0.0000000	0.0000000	0.0000000	0.0000000	0.0000000	0.0000000	0.0000000	0.0000000	0.0000000	0.0000000	0.0000000	0.0000000	0.0000000	0.0000000	0.0000000	0.0000000	0.0000000	0.0000000	0.0000000	0.0000000	0.0000000	0.0000000	0.0000000	0.0000000	0.0000000	0.0000000	0.0000000	0.0000000	0.0000000	0.0000000	0.0000000	0.0000000	0.0000000	0.0000000	0.0000000	0.0000000	0.0000000	0.0000000	0.0000000	2.7441382e-06	0.00030577169	0.017496257	0.51759018	7.8496054	59.931577	240.53616	596.81240	1098.4725	1690.1485	2313.9847	2902.6178	3376.1735	3649.7440	3652.4831	3350.0507	2770.3284	2017.4621	1255.5852	644.24563	262.86297	83.151240	20.464334	4.0888820	0.71251833	0.11671500	0.018991602	0.0031682412	0.00054922479	9.9259739e-05	1.8657726e-05	1.5583177e-06	0.0000000	0.0000000	0.0000000	0.0000000	0.0000000	0.0000000	0.0000000	0.0000000
16.7760	0.0000000	0.0000000	0.0000000	0.0000000	0.0000000	0.0000000	0.0000000	0.0000000	0.0000000	0.0000000	0.0000000	0.0000000	0.0000000	0.0000000	0.0000000	0.0000000	0.0000000	0.0000000	0.0000000	0.0000000	0.0000000	0.0000000	0.0000000	0.0000000	0.0000000	0.0000000	0.0000000	0.0000000	0.0000000	0.0000000	0.0000000	0.0000000	0.0000000	0.0000000	0.0000000	0.0000000	0.0000000	0.0000000	0.0000000	0.0000000	0.0000000	2.0689116e-06	0.00024447465	0.014401100	0.42900626	6.4509725	48.366500	189.89783	461.72998	837.84542	1278.9609	1746.5925	2194.4576	2566.4325	2830.5196	2911.6142	2747.3277	2339.5864	1756.8451	1129.1250	599.24331	253.28154	83.097954	21.226284	4.4025720	0.79607864	0.13517834	0.022767694	0.0039531445	0.00071625791	0.00013527068	2.6571835e-05	2.3200555e-06	0.0000000	0.0000000	0.0000000	0.0000000	0.0000000	0.0000000	0.0000000	0.0000000
15.2620	0.0000000	0.0000000	0.0000000	0.0000000	0.0000000	0.0000000	0.0000000	0.0000000	0.0000000	0.0000000	0.0000000	0.0000000	0.0000000	0.0000000	0.0000000	0.0000000	0.0000000	0.0000000	0.0000000	0.0000000	0.0000000	0.0000000	0.0000000	0.0000000	0.0000000	0.0000000	0.0000000	0.0000000	0.0000000	0.0000000	0.0000000	0.0000000	0.0000000	0.0000000	0.0000000	0.0000000	0.0000000	0.0000000	0.0000000	0.0000000	0.0000000	4.2246111e-07	5.2719102e-05	0.0033413034	0.10834580	1.7838243	14.667049	63.021984	166.71169	326.26857	533.10477	775.07188	1033.4461	1279.9396	1476.6978	1581.4294	1556.9037	1386.7788	1092.3779	738.96009	414.35095	185.80077	64.889802	17.659766	3.8967021	0.74693143	0.13373673	0.023611407	0.0042443189	0.00078791549	0.00015170432	3.0254571e-05	2.6722809e-06	0.0000000	0.0000000	0.0000000	0.0000000	0.0000000	0.0000000	0.0000000	0.0000000
12.1240	0.0000000	0.0000000	0.0000000	0.0000000	0.0000000	0.0000000	0.0000000	0.0000000	0.0000000	0.0000000	0.0000000	0.0000000	0.0000000	0.0000000	0.0000000	0.0000000	0.0000000	0.0000000	0.0000000	0.0000000	0.0000000	0.0000000	0.0000000	0.0000000	0.0000000	0.0000000	0.0000000	0.0000000	0.0000000	0.0000000	0.0000000	0.0000000	0.0000000	0.0000000	0.0000000	0.0000000	0.0000000	0.0000000	0.0000000	0.0000000	0.0000000	3.6863533e-08	5.7712403e-06	0.00044753006	0.017376918	0.33645795	3.2046850	15.750314	47.139643	103.32546	187.23687	298.97323	433.61986	578.63892	712.75866	807.92984	834.95842	774.44523	630.20795	436.90750	249.04855	112.61052	39.376428	10.681593	2.3443986	0.44687675	0.079673797	0.014033406	0.0025206944	0.00046822143	9.0284386e-05	1.8040548e-05	1.5973878e-06	0.0000000	0.0000000	0.0000000	0.0000000	0.0000000	0.0000000	0.0000000	0.0000000
12.2640	0.0000000	0.0000000	0.0000000	0.0000000	0.0000000	0.0000000	0.0000000	0.0000000	0.0000000	0.0000000	0.0000000	0.0000000	0.0000000	0.0000000	0.0000000	0.0000000	0.0000000	0.0000000	0.0000000	0.0000000	0.0000000	0.0000000	0.0000000	0.0000000	0.0000000	0.0000000	0.0000000	0.0000000	0.0000000	0.0000000	0.0000000	0.0000000	0.0000000	0.0000000	0.0000000	0.0000000	0.0000000	0.0000000	0.0000000	0.0000000	0.0000000	3.6361594e-08	5.6550393e-06	0.00043632907	0.016879545	0.32587416	3.0946715	15.146778	45.059856	98.003464	175.98874	278.24746	399.49802	527.91302	644.14293	723.30566	740.34638	679.82184	547.35737	375.32599	211.61139	94.668689	32.771663	8.8085890	1.9174714	0.36283577	0.064276986	0.011259693	0.0020134560	0.00037274111	7.1718597e-05	1.4319781e-05	1.2690380e-06	0.0000000	0.0000000	0.0000000	0.0000000	0.0000000	0.0000000	0.0000000	0.0000000
13.8250	0.0000000	0.0000000	0.0000000	0.0000000	0.0000000	0.0000000	0.0000000	0.0000000	0.0000000	0.0000000	0.0000000	0.0000000	0.0000000	0.0000000	0.0000000	0.0000000	0.0000000	0.0000000	0.0000000	0.0000000	0.0000000	0.0000000	0.0000000	0.0000000	0.0000000	0.0000000	0.0000000	0.0000000	0.0000000	0.0000000	0.0000000	0.0000000	0.0000000	0.0000000	0.0000000	0.0000000	0.0000000	0.0000000	0.0000000	0.0000000	0.0000000	6.3717834e-08	8.4421461e-06	0.00056801081	0.019591358	0.34409198	3.0244613	13.886332	39.109917	81.140454	139.96905	214.01105	299.14248	387.51419	466.70504	520.27434	531.08506	487.87397	393.71133	270.80983	153.25618	68.866668	23.964537	6.4803991	1.4208244	0.27124697	0.048567979	0.0086146744	0.0015622260	0.00029362969	5.7401422e-05	1.1646914e-05	1.0482121e-06	0.0000000	0.0000000	0.0000000	0.0000000	0.0000000	0.0000000	0.0000000	0.0000000
15.4530	0.0000000	0.0000000	0.0000000	0.0000000	0.0000000	0.0000000	0.0000000	0.0000000	0.0000000	0.0000000	0.0000000	0.0000000	0.0000000	0.0000000	0.0000000	0.0000000	0.0000000	0.0000000	0.0000000	0.0000000	0.0000000	0.0000000	0.0000000	0.0000000	0.0000000	0.0000000	0.0000000	0.0000000	0.0000000	0.0000000	0.0000000	0.0000000	0.0000000	0.0000000	0.0000000	0.0000000	0.0000000	0.0000000	0.0000000	0.0000000	0.0000000	1.4555488e-07	1.7621329e-05	0.0010827676	0.034024801	0.54280312	4.3232818	17.976004	45.928501	86.625406	136.08309	189.74088	241.97206	285.59822	312.58649	315.89221	291.73602	242.17363	176.49986	109.60550	55.953703	22.648854	7.0967110	1.7320879	0.34386957	0.059639030	0.0097356666	0.0015803718	0.00026335526	4.5682834e-05	8.2786527e-06	1.5641081e-06	1.3166013e-07	0.0000000	0.0000000	0.0000000	0.0000000	0.0000000	0.0000000	0.0000000	0.0000000
11.2500	0.0000000	0.0000000	0.0000000	0.0000000	0.0000000	0.0000000	0.0000000	0.0000000	0.0000000	0.0000000	0.0000000	0.0000000	0.0000000	0.0000000	0.0000000	0.0000000	0.0000000	0.0000000	0.0000000	0.0000000	0.0000000	0.0000000	0.0000000	0.0000000	0.0000000	0.0000000	0.0000000	0.0000000	0.0000000	0.0000000	0.0000000	0.0000000	0.0000000	0.0000000	0.0000000	0.0000000	0.0000000	0.0000000	0.0000000	0.0000000	0.0000000	7.1893305e-09	1.2184005e-06	0.00010141185	0.0041969726	0.086118647	0.86522877	4.4686815	14.018969	32.172807	61.037655	102.06468	154.92863	216.03906	277.31394	326.34262	348.50711	332.19268	276.05427	194.20255	111.72200	50.749225	17.759193	4.8062296	1.0499176	0.19885828	0.035187265	0.0061466453	0.0010947432	0.00020169899	3.8611472e-05	7.6709345e-06	6.7661428e-07	0.0000000	0.0000000	0.0000000	0.0000000	0.0000000	0.0000000	0.0000000	0.0000000
11.1290	0.0000000	0.0000000	0.0000000	0.0000000	0.0000000	0.0000000	0.0000000	0.0000000	0.0000000	0.0000000	0.0000000	0.0000000	0.0000000	0.0000000	0.0000000	0.0000000	0.0000000	0.0000000	0.0000000	0.0000000	0.0000000	0.0000000	0.0000000	0.0000000	0.0000000	0.0000000	0.0000000	0.0000000	0.0000000	0.0000000	0.0000000	0.0000000	0.0000000	0.0000000	0.0000000	0.0000000	0.0000000	0.0000000	0.0000000	0.0000000	0.0000000	5.3305389e-09	9.2822737e-07	7.9065926e-05	0.0033346373	0.069419657	0.70420209	3.6529823	11.444749	26.074438	48.812042	80.098996	118.86755	161.71202	202.40364	232.42789	242.69046	226.87868	185.67132	129.21310	73.831011	33.428980	11.697009	3.1740493	0.69688883	0.13293285	0.023727141	0.0041857090	0.00075339435	0.00014031595	2.7147265e-05	5.4471563e-06	4.8468207e-07	0.0000000	0.0000000	0.0000000	0.0000000	0.0000000	0.0000000	0.0000000	0.0000000
16.3360	0.0000000	0.0000000	0.0000000	0.0000000	0.0000000	0.0000000	0.0000000	0.0000000	0.0000000	0.0000000	0.0000000	0.0000000	0.0000000	0.0000000	0.0000000	0.0000000	0.0000000	0.0000000	0.0000000	0.0000000	0.0000000	0.0000000	0.0000000	0.0000000	0.0000000	0.0000000	0.0000000	0.0000000	0.0000000	0.0000000	0.0000000	0.0000000	0.0000000	0.0000000	0.0000000	0.0000000	0.0000000	0.0000000	0.0000000	0.0000000	0.0000000	5.6944313e-08	6.5218477e-06	0.00038162212	0.011504347	0.17739738	1.3746955	5.5931884	14.053214	26.152812	40.628326	56.089505	70.876978	83.020180	90.387559	91.128522	84.247650	70.268685	51.657708	32.500960	16.894655	7.0022730	2.2566449	0.56756916	0.11625523	0.020830906	0.0035189875	0.00059225704	0.00010254085	1.8511381e-05	3.4924004e-06	6.8625140e-07	5.9948394e-08	0.0000000	0.0000000	0.0000000	0.0000000	0.0000000	0.0000000	0.0000000	0.0000000
13.8900	0.0000000	0.0000000	0.0000000	0.0000000	0.0000000	0.0000000	0.0000000	0.0000000	0.0000000	0.0000000	0.0000000	0.0000000	0.0000000	0.0000000	0.0000000	0.0000000	0.0000000	0.0000000	0.0000000	0.0000000	0.0000000	0.0000000	0.0000000	0.0000000	0.0000000	0.0000000	0.0000000	0.0000000	0.0000000	0.0000000	0.0000000	0.0000000	0.0000000	0.0000000	0.0000000	0.0000000	0.0000000	0.0000000	0.0000000	0.0000000	0.0000000	2.0600072e-08	2.6662388e-06	0.00017518757	0.0059010010	0.10123231	0.86886645	3.8897521	10.646122	21.373705	35.538797	52.203860	69.933374	86.716773	99.972090	106.74371	104.46536	92.127428	71.453203	47.258382	25.718606	11.115265	3.7212823	0.96864408	0.20456399	0.037645543	0.0065039168	0.0011144049	0.00019548466	3.5595158e-05	6.7521697e-06	1.3316811e-06	1.1669890e-07	0.0000000	0.0000000	0.0000000	0.0000000	0.0000000	0.0000000	0.0000000	0.0000000
16.0040	0.0000000	0.0000000	0.0000000	0.0000000	0.0000000	0.0000000	0.0000000	0.0000000	0.0000000	0.0000000	0.0000000	0.0000000	0.0000000	0.0000000	0.0000000	0.0000000	0.0000000	0.0000000	0.0000000	0.0000000	0.0000000	0.0000000	0.0000000	0.0000000	0.0000000	0.0000000	0.0000000	0.0000000	0.0000000	0.0000000	0.0000000	0.0000000	0.0000000	0.0000000	0.0000000	0.0000000	0.0000000	0.0000000	0.0000000	0.0000000	0.0000000	3.7979580e-08	4.5197380e-06	0.00027400569	0.0085226427	0.13503726	1.0722112	4.4631383	11.468332	21.834817	34.710367	49.035480	63.388344	75.910675	84.449211	86.959306	82.068887	69.826656	52.308914	33.482594	17.665393	7.4089250	2.4077845	0.60842386	0.12473332	0.022287008	0.0037409952	0.00062352683	0.00010657463	1.8948113e-05	3.5172254e-06	6.8011784e-07	5.8537201e-08	0.0000000	0.0000000	0.0000000	0.0000000	0.0000000	0.0000000	0.0000000	0.0000000
10.7700	0.0000000	0.0000000	0.0000000	0.0000000	0.0000000	0.0000000	0.0000000	0.0000000	0.0000000	0.0000000	0.0000000	0.0000000	0.0000000	0.0000000	0.0000000	0.0000000	0.0000000	0.0000000	0.0000000	0.0000000	0.0000000	0.0000000	0.0000000	0.0000000	0.0000000	0.0000000	0.0000000	0.0000000	0.0000000	0.0000000	0.0000000	0.0000000	0.0000000	0.0000000	0.0000000	0.0000000	0.0000000	0.0000000	0.0000000	0.0000000	0.0000000	3.2440401e-09	5.8327838e-07	5.1298082e-05	0.0022344745	0.048052567	0.46568554	1.9904404	6.4125604	14.966134	28.602393	47.781721	72.037199	99.438319	126.22043	146.93031	155.42081	157.11944	139.56691	103.53683	62.150454	29.213953	10.508343	2.9072547	0.64627747	0.12409498	0.022187048	0.0039043695	0.00069862021	0.00012899747	2.4693849e-05	4.8964465e-06	4.3032440e-07	0.0000000	0.0000000	0.0000000	0.0000000	0.0000000	0.0000000	0.0000000	0.0000000
10.6570	0.0000000	0.0000000	0.0000000	0.0000000	0.0000000	0.0000000	0.0000000	0.0000000	0.0000000	0.0000000	0.0000000	0.0000000	0.0000000	0.0000000	0.0000000	0.0000000	0.0000000	0.0000000	0.0000000	0.0000000	0.0000000	0.0000000	0.0000000	0.0000000	0.0000000	0.0000000	0.0000000	0.0000000	0.0000000	0.0000000	0.0000000	0.0000000	0.0000000	0.0000000	0.0000000	0.0000000	0.0000000	0.0000000	0.0000000	0.0000000	0.0000000	1.7222874e-09	3.1447555e-07	2.7996065e-05	0.0012309049	0.026649957	0.28040570	1.5039950	4.8101623	10.158716	16.844003	26.884163	40.624569	56.203837	71.477653	83.328693	88.224233	83.509581	69.093386	48.538460	27.954702	12.739445	4.4804930	1.2205100	0.26870296	0.051356232	0.0091827061	0.0016231022	0.00029285231	5.4706629e-05	1.0622891e-05	2.1406069e-06	1.9136936e-07	0.0000000	0.0000000	0.0000000	0.0000000	0.0000000	0.0000000	0.0000000	0.0000000
12.6800	0.0000000	0.0000000	0.0000000	0.0000000	0.0000000	0.0000000	0.0000000	0.0000000	0.0000000	0.0000000	0.0000000	0.0000000	0.0000000	0.0000000	0.0000000	0.0000000	0.0000000	0.0000000	0.0000000	0.0000000	0.0000000	0.0000000	0.0000000	0.0000000	0.0000000	0.0000000	0.0000000	0.0000000	0.0000000	0.0000000	0.0000000	0.0000000	0.0000000	0.0000000	0.0000000	0.0000000	0.0000000	0.0000000	0.0000000	0.0000000	0.0000000	7.0534573e-09	1.0025134e-06	7.1892675e-05	0.0026278421	0.048583279	0.44498904	2.0968884	5.9738065	12.208740	20.544770	30.432709	41.076539	51.363816	59.695889	64.214260	63.244962	56.038329	43.602448	28.935671	15.813682	6.8690697	2.3131439	0.60602252	0.12883798	0.023858559	0.0041445500	0.00071324168	0.00012549930	2.2890977e-05	4.3438302e-06	8.5599137e-07	7.3091394e-08	0.0000000	0.0000000	0.0000000	0.0000000	0.0000000	0.0000000	0.0000000	0.0000000
11.0230	0.0000000	0.0000000	0.0000000	0.0000000	0.0000000	0.0000000	0.0000000	0.0000000	0.0000000	0.0000000	0.0000000	0.0000000	0.0000000	0.0000000	0.0000000	0.0000000	0.0000000	0.0000000	0.0000000	0.0000000	0.0000000	0.0000000	0.0000000	0.0000000	0.0000000	0.0000000	0.0000000	0.0000000	0.0000000	0.0000000	0.0000000	0.0000000	0.0000000	0.0000000	0.0000000	0.0000000	0.0000000	0.0000000	0.0000000	0.0000000	0.0000000	9.0320227e-10	1.6085230e-07	1.4089294e-05	0.00061173486	0.013071000	0.13563257	0.71759853	2.2880383	5.3014526	10.106945	16.923184	25.666995	35.727017	45.771894	53.775248	57.412458	54.862578	45.892935	32.654523	19.086929	8.8414828	3.1628454	0.87621500	0.19602573	0.038023829	0.0068889795	0.0012316611	0.00022457957	4.2400182e-05	8.3266437e-06	1.6986286e-06	1.5390189e-07	0.0000000	0.0000000	0.0000000	0.0000000	0.0000000	0.0000000	0.0000000	0.0000000
10.1150	0.0000000	0.0000000	0.0000000	0.0000000	0.0000000	0.0000000	0.0000000	0.0000000	0.0000000	0.0000000	0.0000000	0.0000000	0.0000000	0.0000000	0.0000000	0.0000000	0.0000000	0.0000000	0.0000000	0.0000000	0.0000000	0.0000000	0.0000000	0.0000000	0.0000000	0.0000000	0.0000000	0.0000000	0.0000000	0.0000000	0.0000000	0.0000000	0.0000000	0.0000000	0.0000000	0.0000000	0.0000000	0.0000000	0.0000000	0.0000000	0.0000000	1.7054404e-10	3.3341828e-08	3.1579014e-06	0.00014686208	0.0033458484	0.036868941	0.20611518	0.68985493	1.6634049	3.2684070	5.5936309	8.6202680	12.152499	15.761704	18.781147	20.381680	19.838099	16.935617	12.318308	7.3659843	3.4941268	1.2820346	0.36497910	0.084070284	0.016816715	0.0031435259	0.00057930157	0.00010852872	2.0943303e-05	4.1787737e-06	8.6084408e-07	7.8294381e-08	0.0000000	0.0000000	0.0000000	0.0000000	0.0000000	0.0000000	0.0000000	0.0000000
