# DO NOT EDIT: written Thu Mar 14 18:48:37 2019 by wrt_emiss_fe17.pro
# faked emissivities [1e-23 ergs cm^3/s] for Fe17 lines from Del Zanna 2011, A&A 536, A59
# emissivities include ion balance, but not abundance, and are spline and ion balance jittered off of emiss_Fe17_00000.txt
# line 6 -- SEED, LOGT
# lines 7+ -- WVL, EMISSIVITY
      738131	4.00	4.05	4.10	4.15	4.20	4.25	4.30	4.35	4.40	4.45	4.50	4.55	4.60	4.65	4.70	4.75	4.80	4.85	4.90	4.95	5.00	5.05	5.10	5.15	5.20	5.25	5.30	5.35	5.40	5.45	5.50	5.55	5.60	5.65	5.70	5.75	5.80	5.85	5.90	5.95	6.00	6.05	6.10	6.15	6.20	6.25	6.30	6.35	6.40	6.45	6.50	6.55	6.60	6.65	6.70	6.75	6.80	6.85	6.90	6.95	7.00	7.05	7.10	7.15	7.20	7.25	7.30	7.35	7.40	7.45	7.50	7.55	7.60	7.65	7.70	7.75	7.80	7.85	7.90	7.95	8.00
15.0130	0.0000000	0.0000000	0.0000000	0.0000000	0.0000000	0.0000000	0.0000000	0.0000000	0.0000000	0.0000000	0.0000000	0.0000000	0.0000000	0.0000000	0.0000000	0.0000000	0.0000000	0.0000000	0.0000000	0.0000000	0.0000000	0.0000000	0.0000000	0.0000000	0.0000000	0.0000000	0.0000000	0.0000000	0.0000000	0.0000000	0.0000000	0.0000000	0.0000000	0.0000000	0.0000000	0.0000000	0.0000000	0.0000000	0.0000000	0.0000000	1.3787527e-07	2.0441553e-05	0.0014894033	0.056425599	1.1306845	12.184961	73.506760	266.06486	649.51506	1227.6368	1968.0975	2798.7821	3611.4495	4267.0725	4617.6519	4835.8563	4656.9666	4014.0805	3019.8166	1920.5101	993.70708	402.57889	124.54789	29.858729	5.9300071	1.0654790	0.18572060	0.032722645	0.0059521858	0.0011245408	0.00022098952	4.2440208e-05	0.0000000	0.0000000	0.0000000	0.0000000	0.0000000	0.0000000	0.0000000	0.0000000	0.0000000
17.0510	0.0000000	0.0000000	0.0000000	0.0000000	0.0000000	0.0000000	0.0000000	0.0000000	0.0000000	0.0000000	0.0000000	0.0000000	0.0000000	0.0000000	0.0000000	0.0000000	0.0000000	0.0000000	0.0000000	0.0000000	0.0000000	0.0000000	0.0000000	0.0000000	0.0000000	0.0000000	0.0000000	0.0000000	0.0000000	0.0000000	0.0000000	0.0000000	0.0000000	0.0000000	0.0000000	0.0000000	0.0000000	0.0000000	0.0000000	0.0000000	3.1380302e-07	3.9930746e-05	0.0025260259	0.083894851	1.4816849	14.382062	80.417798	268.41453	604.65229	1061.9243	1602.3439	2181.4710	2739.3177	3198.3850	3471.3125	3480.8442	3527.8144	3174.7934	2370.2894	1440.7566	697.29183	262.44832	76.120558	17.450573	3.3749106	0.59912003	0.10427870	0.018327065	0.0032150836	0.00058702628	0.00011167029	2.0782807e-05	0.0000000	0.0000000	0.0000000	0.0000000	0.0000000	0.0000000	0.0000000	0.0000000	0.0000000
17.0960	0.0000000	0.0000000	0.0000000	0.0000000	0.0000000	0.0000000	0.0000000	0.0000000	0.0000000	0.0000000	0.0000000	0.0000000	0.0000000	0.0000000	0.0000000	0.0000000	0.0000000	0.0000000	0.0000000	0.0000000	0.0000000	0.0000000	0.0000000	0.0000000	0.0000000	0.0000000	0.0000000	0.0000000	0.0000000	0.0000000	0.0000000	0.0000000	0.0000000	0.0000000	0.0000000	0.0000000	0.0000000	0.0000000	0.0000000	0.0000000	2.6168660e-07	3.3367503e-05	0.0021427009	0.073794142	1.3593747	13.521747	75.034292	248.40389	556.27046	1002.9084	1569.5111	2238.8717	2954.6915	3559.6041	3890.5174	3813.9929	3408.7065	2726.5748	1902.4986	1121.1133	528.82522	193.15942	53.690576	11.551686	2.0619045	0.33432701	0.052952001	0.0085578447	0.0014421939	0.00025466818	4.7110031e-05	8.5612619e-06	0.0000000	0.0000000	0.0000000	0.0000000	0.0000000	0.0000000	0.0000000	0.0000000	0.0000000
16.7760	0.0000000	0.0000000	0.0000000	0.0000000	0.0000000	0.0000000	0.0000000	0.0000000	0.0000000	0.0000000	0.0000000	0.0000000	0.0000000	0.0000000	0.0000000	0.0000000	0.0000000	0.0000000	0.0000000	0.0000000	0.0000000	0.0000000	0.0000000	0.0000000	0.0000000	0.0000000	0.0000000	0.0000000	0.0000000	0.0000000	0.0000000	0.0000000	0.0000000	0.0000000	0.0000000	0.0000000	0.0000000	0.0000000	0.0000000	0.0000000	2.1727695e-07	2.8751578e-05	0.0018936080	0.065644976	1.2150449	12.144461	67.838548	226.86902	513.61398	909.05283	1385.8486	1910.5611	2433.3777	2887.1273	3192.5153	3269.5675	3062.7218	2575.0653	1893.6991	1178.9526	597.64853	236.28807	69.988792	16.081065	3.0653527	0.52955447	0.088921035	0.015122744	0.0026603275	0.00048696376	9.2841767e-05	1.7311446e-05	0.0000000	0.0000000	0.0000000	0.0000000	0.0000000	0.0000000	0.0000000	0.0000000	0.0000000
15.2620	0.0000000	0.0000000	0.0000000	0.0000000	0.0000000	0.0000000	0.0000000	0.0000000	0.0000000	0.0000000	0.0000000	0.0000000	0.0000000	0.0000000	0.0000000	0.0000000	0.0000000	0.0000000	0.0000000	0.0000000	0.0000000	0.0000000	0.0000000	0.0000000	0.0000000	0.0000000	0.0000000	0.0000000	0.0000000	0.0000000	0.0000000	0.0000000	0.0000000	0.0000000	0.0000000	0.0000000	0.0000000	0.0000000	0.0000000	0.0000000	3.9918263e-08	5.9138909e-06	0.00043336055	0.016609504	0.33746877	3.6730897	22.156626	79.348885	190.82173	356.12999	568.85495	817.54875	1081.4340	1327.8046	1513.3948	1591.7943	1526.5774	1310.6171	982.15369	622.18584	320.64531	129.36168	39.844116	9.5069217	1.8785810	0.33572397	0.058184459	0.010189595	0.0018416158	0.00034559045	6.7432803e-05	1.2852941e-05	0.0000000	0.0000000	0.0000000	0.0000000	0.0000000	0.0000000	0.0000000	0.0000000	0.0000000
12.1240	0.0000000	0.0000000	0.0000000	0.0000000	0.0000000	0.0000000	0.0000000	0.0000000	0.0000000	0.0000000	0.0000000	0.0000000	0.0000000	0.0000000	0.0000000	0.0000000	0.0000000	0.0000000	0.0000000	0.0000000	0.0000000	0.0000000	0.0000000	0.0000000	0.0000000	0.0000000	0.0000000	0.0000000	0.0000000	0.0000000	0.0000000	0.0000000	0.0000000	0.0000000	0.0000000	0.0000000	0.0000000	0.0000000	0.0000000	0.0000000	2.7306268e-09	5.2394289e-07	4.8182459e-05	0.0022535351	0.054521501	0.69193343	4.7812012	19.327112	51.815783	106.61852	185.86294	288.75827	409.28774	534.15085	642.57105	709.11699	710.04281	633.90985	492.37262	322.42408	171.38419	71.194060	22.552921	5.5327832	1.1244049	0.20675518	0.036868172	0.0066384144	0.0012319547	0.00023693162	4.7251620e-05	9.1727687e-06	0.0000000	0.0000000	0.0000000	0.0000000	0.0000000	0.0000000	0.0000000	0.0000000	0.0000000
12.2640	0.0000000	0.0000000	0.0000000	0.0000000	0.0000000	0.0000000	0.0000000	0.0000000	0.0000000	0.0000000	0.0000000	0.0000000	0.0000000	0.0000000	0.0000000	0.0000000	0.0000000	0.0000000	0.0000000	0.0000000	0.0000000	0.0000000	0.0000000	0.0000000	0.0000000	0.0000000	0.0000000	0.0000000	0.0000000	0.0000000	0.0000000	0.0000000	0.0000000	0.0000000	0.0000000	0.0000000	0.0000000	0.0000000	0.0000000	0.0000000	2.4752570e-09	4.6991860e-07	4.2943755e-05	0.0020040622	0.048548169	0.61858817	4.2984861	17.478462	47.103063	97.353496	170.37190	265.64497	377.91538	495.23730	598.32855	662.95920	666.01352	595.85692	463.07858	302.95195	160.65851	66.497097	20.962373	5.1109518	1.0307795	0.18777108	0.033104839	0.0058789274	0.0010727904	0.00020214024	3.9323688e-05	7.4127985e-06	0.0000000	0.0000000	0.0000000	0.0000000	0.0000000	0.0000000	0.0000000	0.0000000	0.0000000
13.8250	0.0000000	0.0000000	0.0000000	0.0000000	0.0000000	0.0000000	0.0000000	0.0000000	0.0000000	0.0000000	0.0000000	0.0000000	0.0000000	0.0000000	0.0000000	0.0000000	0.0000000	0.0000000	0.0000000	0.0000000	0.0000000	0.0000000	0.0000000	0.0000000	0.0000000	0.0000000	0.0000000	0.0000000	0.0000000	0.0000000	0.0000000	0.0000000	0.0000000	0.0000000	0.0000000	0.0000000	0.0000000	0.0000000	0.0000000	0.0000000	5.6669218e-09	9.1176831e-07	7.2313505e-05	0.0029916791	0.065275458	0.76421341	4.9616098	19.087723	49.057620	97.282361	164.25842	248.42550	344.67127	443.02813	528.03478	579.94706	579.59299	517.02133	395.92677	254.27619	131.92291	53.219365	16.284275	3.8364585	0.74586786	0.13127309	0.022535245	0.0039519230	0.00072682172	0.00014122713	2.8872563e-05	5.7984210e-06	0.0000000	0.0000000	0.0000000	0.0000000	0.0000000	0.0000000	0.0000000	0.0000000	0.0000000
15.4530	0.0000000	0.0000000	0.0000000	0.0000000	0.0000000	0.0000000	0.0000000	0.0000000	0.0000000	0.0000000	0.0000000	0.0000000	0.0000000	0.0000000	0.0000000	0.0000000	0.0000000	0.0000000	0.0000000	0.0000000	0.0000000	0.0000000	0.0000000	0.0000000	0.0000000	0.0000000	0.0000000	0.0000000	0.0000000	0.0000000	0.0000000	0.0000000	0.0000000	0.0000000	0.0000000	0.0000000	0.0000000	0.0000000	0.0000000	0.0000000	1.2818290e-08	1.8178289e-06	0.00012864110	0.0048045522	0.095564552	1.0181139	5.9912248	20.854527	48.561461	87.416058	134.14230	184.44788	232.49519	270.92558	291.90665	289.15793	260.29593	209.13407	146.27455	86.287396	41.336843	15.485352	4.4269583	0.98103844	0.18033274	0.030050522	0.0048706044	0.00080039208	0.00013623940	2.4169688e-05	4.4741084e-06	8.1153246e-07	0.0000000	0.0000000	0.0000000	0.0000000	0.0000000	0.0000000	0.0000000	0.0000000	0.0000000
11.2500	0.0000000	0.0000000	0.0000000	0.0000000	0.0000000	0.0000000	0.0000000	0.0000000	0.0000000	0.0000000	0.0000000	0.0000000	0.0000000	0.0000000	0.0000000	0.0000000	0.0000000	0.0000000	0.0000000	0.0000000	0.0000000	0.0000000	0.0000000	0.0000000	0.0000000	0.0000000	0.0000000	0.0000000	0.0000000	0.0000000	0.0000000	0.0000000	0.0000000	0.0000000	0.0000000	0.0000000	0.0000000	0.0000000	0.0000000	0.0000000	5.3212496e-10	1.1312397e-07	1.1406598e-05	0.00057961112	0.015110258	0.20509159	1.5051395	6.4190218	18.046987	38.740759	70.131543	112.68043	164.56565	220.55932	271.57203	305.74822	311.33067	281.76292	221.16568	145.92682	77.938118	32.444139	10.272883	2.5127231	0.50794166	0.092704773	0.016381637	0.0029205294	0.00053657200	0.00010221973	2.0218038e-05	3.8997901e-06	0.0000000	0.0000000	0.0000000	0.0000000	0.0000000	0.0000000	0.0000000	0.0000000	0.0000000
11.1290	0.0000000	0.0000000	0.0000000	0.0000000	0.0000000	0.0000000	0.0000000	0.0000000	0.0000000	0.0000000	0.0000000	0.0000000	0.0000000	0.0000000	0.0000000	0.0000000	0.0000000	0.0000000	0.0000000	0.0000000	0.0000000	0.0000000	0.0000000	0.0000000	0.0000000	0.0000000	0.0000000	0.0000000	0.0000000	0.0000000	0.0000000	0.0000000	0.0000000	0.0000000	0.0000000	0.0000000	0.0000000	0.0000000	0.0000000	0.0000000	3.8433773e-10	8.5713235e-08	8.7284973e-06	0.00044761486	0.011768928	0.16099683	1.1899432	5.1065811	14.432889	31.117580	56.533735	91.103222	133.38814	179.16794	221.04292	249.29452	254.23237	230.38679	181.03343	119.55026	62.823040	25.713704	8.0039778	1.9248595	0.38273664	0.068761804	0.011973008	0.0021060840	0.00038239992	7.2137478e-05	1.4162034e-05	2.7187837e-06	0.0000000	0.0000000	0.0000000	0.0000000	0.0000000	0.0000000	0.0000000	0.0000000	0.0000000
16.3360	0.0000000	0.0000000	0.0000000	0.0000000	0.0000000	0.0000000	0.0000000	0.0000000	0.0000000	0.0000000	0.0000000	0.0000000	0.0000000	0.0000000	0.0000000	0.0000000	0.0000000	0.0000000	0.0000000	0.0000000	0.0000000	0.0000000	0.0000000	0.0000000	0.0000000	0.0000000	0.0000000	0.0000000	0.0000000	0.0000000	0.0000000	0.0000000	0.0000000	0.0000000	0.0000000	0.0000000	0.0000000	0.0000000	0.0000000	0.0000000	6.1672000e-09	8.2656283e-07	5.5164785e-05	0.0019387895	0.036419664	0.36956966	2.0929653	7.0749701	16.120142	28.556018	43.320771	59.103303	74.127059	86.157126	92.770789	91.962056	82.966511	66.933011	47.106100	28.035504	13.595338	5.1756863	1.5105354	0.34354496	0.065194802	0.011288145	0.0019143297	0.00033140787	5.9683076e-05	1.1217535e-05	2.1971912e-06	4.1284142e-07	0.0000000	0.0000000	0.0000000	0.0000000	0.0000000	0.0000000	0.0000000	0.0000000	0.0000000
13.8900	0.0000000	0.0000000	0.0000000	0.0000000	0.0000000	0.0000000	0.0000000	0.0000000	0.0000000	0.0000000	0.0000000	0.0000000	0.0000000	0.0000000	0.0000000	0.0000000	0.0000000	0.0000000	0.0000000	0.0000000	0.0000000	0.0000000	0.0000000	0.0000000	0.0000000	0.0000000	0.0000000	0.0000000	0.0000000	0.0000000	0.0000000	0.0000000	0.0000000	0.0000000	0.0000000	0.0000000	0.0000000	0.0000000	0.0000000	0.0000000	2.1282145e-09	3.2930483e-07	2.5072265e-05	0.00099628503	0.020987528	0.23704530	1.4833856	5.4909667	13.534461	25.640297	41.207779	59.134522	77.659569	94.359275	106.28698	110.34422	104.28327	88.024861	64.647975	39.981077	20.044792	7.8453351	2.3407890	0.54129766	0.10390129	0.018106831	0.0030758813	0.00053130576	9.5401413e-05	1.7929499e-05	3.5331015e-06	6.8589123e-07	0.0000000	0.0000000	0.0000000	0.0000000	0.0000000	0.0000000	0.0000000	0.0000000	0.0000000
16.0040	0.0000000	0.0000000	0.0000000	0.0000000	0.0000000	0.0000000	0.0000000	0.0000000	0.0000000	0.0000000	0.0000000	0.0000000	0.0000000	0.0000000	0.0000000	0.0000000	0.0000000	0.0000000	0.0000000	0.0000000	0.0000000	0.0000000	0.0000000	0.0000000	0.0000000	0.0000000	0.0000000	0.0000000	0.0000000	0.0000000	0.0000000	0.0000000	0.0000000	0.0000000	0.0000000	0.0000000	0.0000000	0.0000000	0.0000000	0.0000000	4.3954774e-09	6.1557537e-07	4.2799206e-05	0.0015590223	0.030144482	0.31274807	1.8019059	6.1770103	14.249809	25.546986	39.216063	54.138955	68.726727	80.911627	88.384997	89.094611	81.912237	67.434247	48.454506	29.425860	14.532802	5.6171856	1.6576262	0.37933181	0.072022073	0.012396318	0.0020750043	0.00031061150	4.5719837e-05	8.3662334e-06	1.5958642e-06	2.9788916e-07	0.0000000	0.0000000	0.0000000	0.0000000	0.0000000	0.0000000	0.0000000	0.0000000	0.0000000
10.7700	0.0000000	0.0000000	0.0000000	0.0000000	0.0000000	0.0000000	0.0000000	0.0000000	0.0000000	0.0000000	0.0000000	0.0000000	0.0000000	0.0000000	0.0000000	0.0000000	0.0000000	0.0000000	0.0000000	0.0000000	0.0000000	0.0000000	0.0000000	0.0000000	0.0000000	0.0000000	0.0000000	0.0000000	0.0000000	0.0000000	0.0000000	0.0000000	0.0000000	0.0000000	0.0000000	0.0000000	0.0000000	0.0000000	0.0000000	0.0000000	1.5501148e-10	3.4591087e-08	3.6510080e-06	0.00019382530	0.0052716449	0.074544853	0.56887950	2.5154283	7.2995066	16.088460	29.764412	48.687848	72.189503	98.051654	124.11467	143.71345	150.32895	139.56712	112.19886	75.681719	41.249995	17.495483	5.6357139	1.4004239	0.28721818	0.053120724	0.0095000004	0.0017116376	0.00031731172	6.0893804e-05	1.2110999e-05	2.3445624e-06	0.0000000	0.0000000	0.0000000	0.0000000	0.0000000	0.0000000	0.0000000	0.0000000	0.0000000
10.6570	0.0000000	0.0000000	0.0000000	0.0000000	0.0000000	0.0000000	0.0000000	0.0000000	0.0000000	0.0000000	0.0000000	0.0000000	0.0000000	0.0000000	0.0000000	0.0000000	0.0000000	0.0000000	0.0000000	0.0000000	0.0000000	0.0000000	0.0000000	0.0000000	0.0000000	0.0000000	0.0000000	0.0000000	0.0000000	0.0000000	0.0000000	0.0000000	0.0000000	0.0000000	0.0000000	0.0000000	0.0000000	0.0000000	0.0000000	0.0000000	9.8834604e-11	2.2365234e-08	2.3848892e-06	0.00012748203	0.0034810736	0.049294915	0.37587606	1.6579943	4.7970322	10.544461	19.466822	31.802511	47.133321	64.037375	79.902582	91.145599	94.002733	86.116845	68.367850	45.581794	24.575778	10.317666	3.2917665	0.81058008	0.16482838	0.030246584	0.0053735290	0.00096334418	0.00017803872	3.4131047e-05	6.7954853e-06	1.3197023e-06	0.0000000	0.0000000	0.0000000	0.0000000	0.0000000	0.0000000	0.0000000	0.0000000	0.0000000
12.6800	0.0000000	0.0000000	0.0000000	0.0000000	0.0000000	0.0000000	0.0000000	0.0000000	0.0000000	0.0000000	0.0000000	0.0000000	0.0000000	0.0000000	0.0000000	0.0000000	0.0000000	0.0000000	0.0000000	0.0000000	0.0000000	0.0000000	0.0000000	0.0000000	0.0000000	0.0000000	0.0000000	0.0000000	0.0000000	0.0000000	0.0000000	0.0000000	0.0000000	0.0000000	0.0000000	0.0000000	0.0000000	0.0000000	0.0000000	0.0000000	6.0829887e-10	1.0177921e-07	8.3243160e-06	0.00035371938	0.0079376625	0.095002504	0.62457739	2.3975405	6.0621375	11.685287	18.980685	27.411643	36.185850	44.233529	50.128152	52.358957	49.783197	42.264676	31.219468	19.448825	9.8439141	3.8989137	1.1795431	0.27685661	0.053923464	0.0095185866	0.0016328229	0.00028358242	5.0921993e-05	9.5098256e-06	1.8488964e-06	3.5144181e-07	0.0000000	0.0000000	0.0000000	0.0000000	0.0000000	0.0000000	0.0000000	0.0000000	0.0000000
11.0230	0.0000000	0.0000000	0.0000000	0.0000000	0.0000000	0.0000000	0.0000000	0.0000000	0.0000000	0.0000000	0.0000000	0.0000000	0.0000000	0.0000000	0.0000000	0.0000000	0.0000000	0.0000000	0.0000000	0.0000000	0.0000000	0.0000000	0.0000000	0.0000000	0.0000000	0.0000000	0.0000000	0.0000000	0.0000000	0.0000000	0.0000000	0.0000000	0.0000000	0.0000000	0.0000000	0.0000000	0.0000000	0.0000000	0.0000000	0.0000000	7.1546592e-11	1.5692361e-08	1.6420817e-06	8.6882865e-05	0.0023565812	0.033119716	0.25038701	1.0948953	3.1438981	6.8769933	12.685736	20.787148	30.985291	42.406371	53.317759	61.244647	63.573508	58.622471	46.873677	31.508416	17.152139	7.2784948	2.3479337	0.58440069	0.12001546	0.022215521	0.0039755989	0.00071691786	0.00013321682	2.5694012e-05	5.1539531e-06	1.0102574e-06	0.0000000	0.0000000	0.0000000	0.0000000	0.0000000	0.0000000	0.0000000	0.0000000	0.0000000
10.1150	0.0000000	0.0000000	0.0000000	0.0000000	0.0000000	0.0000000	0.0000000	0.0000000	0.0000000	0.0000000	0.0000000	0.0000000	0.0000000	0.0000000	0.0000000	0.0000000	0.0000000	0.0000000	0.0000000	0.0000000	0.0000000	0.0000000	0.0000000	0.0000000	0.0000000	0.0000000	0.0000000	0.0000000	0.0000000	0.0000000	0.0000000	0.0000000	0.0000000	0.0000000	0.0000000	0.0000000	0.0000000	0.0000000	0.0000000	0.0000000	9.9315192e-12	2.4310230e-09	2.7843331e-07	1.5886101e-05	0.00046035684	0.0068819598	0.055126113	0.25416243	0.76457921	1.7399943	3.3193919	5.6078780	8.6041905	12.109556	15.655196	18.492937	19.712382	18.615613	15.193451	10.384438	5.7249067	2.4540465	0.79907810	0.20089730	0.041747128	0.0078380522	0.0014257309	0.00026167973	4.9481326e-05	9.6961928e-06	1.9711465e-06	3.9042378e-07	0.0000000	0.0000000	0.0000000	0.0000000	0.0000000	0.0000000	0.0000000	0.0000000	0.0000000
