# DO NOT EDIT: written Thu Mar 14 18:48:37 2019 by wrt_emiss_fe17.pro
# faked emissivities [1e-23 ergs cm^3/s] for Fe17 lines from Del Zanna 2011, A&A 536, A59
# emissivities include ion balance, but not abundance, and are spline and ion balance jittered off of emiss_Fe17_00000.txt
# line 6 -- SEED, LOGT
# lines 7+ -- WVL, EMISSIVITY
      502996	4.00	4.05	4.10	4.15	4.20	4.25	4.30	4.35	4.40	4.45	4.50	4.55	4.60	4.65	4.70	4.75	4.80	4.85	4.90	4.95	5.00	5.05	5.10	5.15	5.20	5.25	5.30	5.35	5.40	5.45	5.50	5.55	5.60	5.65	5.70	5.75	5.80	5.85	5.90	5.95	6.00	6.05	6.10	6.15	6.20	6.25	6.30	6.35	6.40	6.45	6.50	6.55	6.60	6.65	6.70	6.75	6.80	6.85	6.90	6.95	7.00	7.05	7.10	7.15	7.20	7.25	7.30	7.35	7.40	7.45	7.50	7.55	7.60	7.65	7.70	7.75	7.80	7.85	7.90	7.95	8.00
15.0130	0.0000000	0.0000000	0.0000000	0.0000000	0.0000000	0.0000000	0.0000000	0.0000000	0.0000000	0.0000000	0.0000000	0.0000000	0.0000000	0.0000000	0.0000000	0.0000000	0.0000000	0.0000000	0.0000000	0.0000000	0.0000000	0.0000000	0.0000000	0.0000000	0.0000000	0.0000000	0.0000000	0.0000000	0.0000000	0.0000000	0.0000000	0.0000000	0.0000000	0.0000000	0.0000000	0.0000000	0.0000000	0.0000000	0.0000000	0.0000000	0.0000000	1.1109462e-06	0.00014011655	0.0089647642	0.29360080	4.8930803	40.875135	179.14912	512.01257	1176.4072	2136.2350	3227.0747	4369.8589	5486.3590	6403.7370	6521.9759	5923.0742	4700.7224	3579.9878	2419.2567	1351.8942	602.79082	208.96545	56.353623	12.286997	2.3215177	0.40970370	0.071432730	0.012713149	0.0023437698	0.00044951929	8.9591277e-05	8.8231999e-06	0.0000000	0.0000000	0.0000000	0.0000000	0.0000000	0.0000000	0.0000000	0.0000000
17.0510	0.0000000	0.0000000	0.0000000	0.0000000	0.0000000	0.0000000	0.0000000	0.0000000	0.0000000	0.0000000	0.0000000	0.0000000	0.0000000	0.0000000	0.0000000	0.0000000	0.0000000	0.0000000	0.0000000	0.0000000	0.0000000	0.0000000	0.0000000	0.0000000	0.0000000	0.0000000	0.0000000	0.0000000	0.0000000	0.0000000	0.0000000	0.0000000	0.0000000	0.0000000	0.0000000	0.0000000	0.0000000	0.0000000	0.0000000	0.0000000	0.0000000	2.6670107e-06	0.00029914175	0.017204204	0.51050688	7.7587314	59.436735	240.18662	602.06450	1121.8228	1750.9077	2437.5132	3117.5363	3707.7458	4109.2791	4226.3348	3993.0606	3409.0337	2569.1168	1659.1319	886.25311	377.82049	125.26284	32.331637	6.7553398	1.2250406	0.20787003	0.034910731	0.0059960024	0.0010687157	0.00019845369	3.8329768e-05	3.6601700e-06	0.0000000	0.0000000	0.0000000	0.0000000	0.0000000	0.0000000	0.0000000	0.0000000
17.0960	0.0000000	0.0000000	0.0000000	0.0000000	0.0000000	0.0000000	0.0000000	0.0000000	0.0000000	0.0000000	0.0000000	0.0000000	0.0000000	0.0000000	0.0000000	0.0000000	0.0000000	0.0000000	0.0000000	0.0000000	0.0000000	0.0000000	0.0000000	0.0000000	0.0000000	0.0000000	0.0000000	0.0000000	0.0000000	0.0000000	0.0000000	0.0000000	0.0000000	0.0000000	0.0000000	0.0000000	0.0000000	0.0000000	0.0000000	0.0000000	0.0000000	2.6419940e-06	0.00029546192	0.016910754	0.49889572	7.5279415	57.113434	227.69631	560.35898	1019.4723	1545.1661	2078.6971	2557.7575	2914.9645	3085.2516	3021.5458	2744.2153	2278.1038	1667.0414	1043.8448	539.79530	222.41607	71.166177	17.707540	3.5637932	0.62225239	0.10166616	0.016447037	0.0027227100	0.00046811186	8.3925701e-05	1.5666508e-05	1.4475196e-06	0.0000000	0.0000000	0.0000000	0.0000000	0.0000000	0.0000000	0.0000000	0.0000000
16.7760	0.0000000	0.0000000	0.0000000	0.0000000	0.0000000	0.0000000	0.0000000	0.0000000	0.0000000	0.0000000	0.0000000	0.0000000	0.0000000	0.0000000	0.0000000	0.0000000	0.0000000	0.0000000	0.0000000	0.0000000	0.0000000	0.0000000	0.0000000	0.0000000	0.0000000	0.0000000	0.0000000	0.0000000	0.0000000	0.0000000	0.0000000	0.0000000	0.0000000	0.0000000	0.0000000	0.0000000	0.0000000	0.0000000	0.0000000	0.0000000	0.0000000	2.1199522e-06	0.00024157446	0.013998059	0.41625658	6.3136419	48.087647	192.47502	475.88172	870.27330	1325.8434	1790.9862	2207.5592	2549.9331	2834.5504	2919.8673	2760.1928	2356.4588	1775.7484	1146.9281	612.92809	261.50411	86.793598	22.432951	4.6945295	0.85282284	0.14498911	0.024400601	0.0041998410	0.00075016612	0.00013958577	2.7011124e-05	2.5837395e-06	0.0000000	0.0000000	0.0000000	0.0000000	0.0000000	0.0000000	0.0000000	0.0000000
15.2620	0.0000000	0.0000000	0.0000000	0.0000000	0.0000000	0.0000000	0.0000000	0.0000000	0.0000000	0.0000000	0.0000000	0.0000000	0.0000000	0.0000000	0.0000000	0.0000000	0.0000000	0.0000000	0.0000000	0.0000000	0.0000000	0.0000000	0.0000000	0.0000000	0.0000000	0.0000000	0.0000000	0.0000000	0.0000000	0.0000000	0.0000000	0.0000000	0.0000000	0.0000000	0.0000000	0.0000000	0.0000000	0.0000000	0.0000000	0.0000000	0.0000000	3.4935778e-07	4.3581276e-05	0.0027646043	0.089903437	1.5199362	13.315055	60.921982	171.07628	353.17476	604.14213	912.39716	1253.7127	1568.8253	1820.3766	1957.1890	1930.4953	1718.9128	1350.2813	908.74607	505.83034	223.21748	76.014538	20.108780	4.2961958	0.79482189	0.13730001	0.023432456	0.0040840420	0.00073800224	0.00013893036	2.7227866e-05	2.6428653e-06	0.0000000	0.0000000	0.0000000	0.0000000	0.0000000	0.0000000	0.0000000	0.0000000
12.1240	0.0000000	0.0000000	0.0000000	0.0000000	0.0000000	0.0000000	0.0000000	0.0000000	0.0000000	0.0000000	0.0000000	0.0000000	0.0000000	0.0000000	0.0000000	0.0000000	0.0000000	0.0000000	0.0000000	0.0000000	0.0000000	0.0000000	0.0000000	0.0000000	0.0000000	0.0000000	0.0000000	0.0000000	0.0000000	0.0000000	0.0000000	0.0000000	0.0000000	0.0000000	0.0000000	0.0000000	0.0000000	0.0000000	0.0000000	0.0000000	0.0000000	4.0234857e-08	6.3243263e-06	0.00049180008	0.019138789	0.37135952	3.5470374	17.505774	52.617140	115.58661	209.45681	333.98395	483.34163	643.33446	790.32815	893.55586	910.04520	821.17255	651.45265	441.61349	247.35708	110.70446	38.663344	10.568713	2.3494977	0.45436367	0.082219957	0.014696022	0.0026759489	0.00050285995	9.7764272e-05	1.9629701e-05	1.9368774e-06	0.0000000	0.0000000	0.0000000	0.0000000	0.0000000	0.0000000	0.0000000	0.0000000
12.2640	0.0000000	0.0000000	0.0000000	0.0000000	0.0000000	0.0000000	0.0000000	0.0000000	0.0000000	0.0000000	0.0000000	0.0000000	0.0000000	0.0000000	0.0000000	0.0000000	0.0000000	0.0000000	0.0000000	0.0000000	0.0000000	0.0000000	0.0000000	0.0000000	0.0000000	0.0000000	0.0000000	0.0000000	0.0000000	0.0000000	0.0000000	0.0000000	0.0000000	0.0000000	0.0000000	0.0000000	0.0000000	0.0000000	0.0000000	0.0000000	0.0000000	3.8515070e-08	5.9744007e-06	0.00046006107	0.017782113	0.34348157	3.2703764	16.090772	48.178497	105.35825	189.98481	301.44918	434.33055	576.09683	686.63133	594.57005	605.80717	559.86487	454.25232	314.41211	196.89846	96.533913	34.471386	8.8724551	1.7374844	0.33023994	0.058858001	0.010349614	0.0018551998	0.00034403050	6.6269187e-05	1.3241420e-05	1.3053585e-06	0.0000000	0.0000000	0.0000000	0.0000000	0.0000000	0.0000000	0.0000000	0.0000000
13.8250	0.0000000	0.0000000	0.0000000	0.0000000	0.0000000	0.0000000	0.0000000	0.0000000	0.0000000	0.0000000	0.0000000	0.0000000	0.0000000	0.0000000	0.0000000	0.0000000	0.0000000	0.0000000	0.0000000	0.0000000	0.0000000	0.0000000	0.0000000	0.0000000	0.0000000	0.0000000	0.0000000	0.0000000	0.0000000	0.0000000	0.0000000	0.0000000	0.0000000	0.0000000	0.0000000	0.0000000	0.0000000	0.0000000	0.0000000	0.0000000	0.0000000	5.4143306e-08	7.0963761e-06	0.00047260859	0.016149515	0.28129177	2.4556093	11.218216	31.514998	66.467228	116.24255	179.83938	254.01263	332.17308	403.54930	453.54959	466.60748	431.98090	351.42595	243.86219	139.41353	63.399530	22.362761	6.1273667	1.3565540	0.26024779	0.046641003	0.0082593625	0.0014930228	0.00029036410	5.9413577e-05	1.2672686e-05	1.3316939e-06	0.0000000	0.0000000	0.0000000	0.0000000	0.0000000	0.0000000	0.0000000	0.0000000
15.4530	0.0000000	0.0000000	0.0000000	0.0000000	0.0000000	0.0000000	0.0000000	0.0000000	0.0000000	0.0000000	0.0000000	0.0000000	0.0000000	0.0000000	0.0000000	0.0000000	0.0000000	0.0000000	0.0000000	0.0000000	0.0000000	0.0000000	0.0000000	0.0000000	0.0000000	0.0000000	0.0000000	0.0000000	0.0000000	0.0000000	0.0000000	0.0000000	0.0000000	0.0000000	0.0000000	0.0000000	0.0000000	0.0000000	0.0000000	0.0000000	0.0000000	1.3163308e-07	1.5841395e-05	0.00096738512	0.030226262	0.47997068	3.8126688	15.855079	40.579128	76.593956	120.21295	167.21362	212.49196	249.81056	272.40524	274.51459	253.21253	210.42691	154.02087	96.456879	49.923340	20.617808	6.6244360	1.6585656	0.33663524	0.059415064	0.0098350013	0.0016156781	0.00027225454	4.7761891e-05	8.7582948e-06	1.6760636e-06	1.5902255e-07	0.0000000	0.0000000	0.0000000	0.0000000	0.0000000	0.0000000	0.0000000	0.0000000
11.2500	0.0000000	0.0000000	0.0000000	0.0000000	0.0000000	0.0000000	0.0000000	0.0000000	0.0000000	0.0000000	0.0000000	0.0000000	0.0000000	0.0000000	0.0000000	0.0000000	0.0000000	0.0000000	0.0000000	0.0000000	0.0000000	0.0000000	0.0000000	0.0000000	0.0000000	0.0000000	0.0000000	0.0000000	0.0000000	0.0000000	0.0000000	0.0000000	0.0000000	0.0000000	0.0000000	0.0000000	0.0000000	0.0000000	0.0000000	0.0000000	0.0000000	7.8682874e-09	1.3475690e-06	0.00011297720	0.0046955797	0.096497426	0.96892111	4.9930509	15.580918	35.378401	66.040598	108.20937	160.63828	219.00321	275.15231	317.67046	333.99627	314.89930	260.35964	183.42408	106.34794	48.985172	17.473596	4.8333794	1.0781402	0.20790921	0.037358648	0.0066155606	0.0011928653	0.00022224603	4.2956793e-05	8.6005073e-06	8.4803345e-07	0.0000000	0.0000000	0.0000000	0.0000000	0.0000000	0.0000000	0.0000000	0.0000000
11.1290	0.0000000	0.0000000	0.0000000	0.0000000	0.0000000	0.0000000	0.0000000	0.0000000	0.0000000	0.0000000	0.0000000	0.0000000	0.0000000	0.0000000	0.0000000	0.0000000	0.0000000	0.0000000	0.0000000	0.0000000	0.0000000	0.0000000	0.0000000	0.0000000	0.0000000	0.0000000	0.0000000	0.0000000	0.0000000	0.0000000	0.0000000	0.0000000	0.0000000	0.0000000	0.0000000	0.0000000	0.0000000	0.0000000	0.0000000	0.0000000	0.0000000	5.0392055e-09	8.7189338e-07	7.3857034e-05	0.0031017734	0.064399705	0.65297237	3.3949157	10.674230	24.382050	45.704357	75.053370	111.44888	151.74035	190.14115	218.70144	228.87581	214.64238	176.43738	123.54509	71.193943	32.600070	11.565218	3.1834410	0.70717359	0.13593312	0.024370977	0.0043105970	0.00077721817	0.00014497669	2.8092283e-05	5.6468001e-06	5.5988462e-07	0.0000000	0.0000000	0.0000000	0.0000000	0.0000000	0.0000000	0.0000000	0.0000000
16.3360	0.0000000	0.0000000	0.0000000	0.0000000	0.0000000	0.0000000	0.0000000	0.0000000	0.0000000	0.0000000	0.0000000	0.0000000	0.0000000	0.0000000	0.0000000	0.0000000	0.0000000	0.0000000	0.0000000	0.0000000	0.0000000	0.0000000	0.0000000	0.0000000	0.0000000	0.0000000	0.0000000	0.0000000	0.0000000	0.0000000	0.0000000	0.0000000	0.0000000	0.0000000	0.0000000	0.0000000	0.0000000	0.0000000	0.0000000	0.0000000	0.0000000	5.6129443e-08	6.3922850e-06	0.00037200108	0.011161899	0.17151882	1.3271590	5.4061393	13.618074	25.389154	39.479148	54.551230	69.025626	81.001684	88.392046	89.350761	82.850758	69.340441	51.181068	32.358770	16.924169	7.0682012	2.2977799	0.58231419	0.11965885	0.021381637	0.0035851162	0.00059773343	0.00010203831	1.8096135e-05	3.3465531e-06	6.4640414e-07	6.1977856e-08	0.0000000	0.0000000	0.0000000	0.0000000	0.0000000	0.0000000	0.0000000	0.0000000
13.8900	0.0000000	0.0000000	0.0000000	0.0000000	0.0000000	0.0000000	0.0000000	0.0000000	0.0000000	0.0000000	0.0000000	0.0000000	0.0000000	0.0000000	0.0000000	0.0000000	0.0000000	0.0000000	0.0000000	0.0000000	0.0000000	0.0000000	0.0000000	0.0000000	0.0000000	0.0000000	0.0000000	0.0000000	0.0000000	0.0000000	0.0000000	0.0000000	0.0000000	0.0000000	0.0000000	0.0000000	0.0000000	0.0000000	0.0000000	0.0000000	0.0000000	2.0345460e-08	2.6528454e-06	0.00017563570	0.0059648655	0.10326102	0.89568308	4.0603942	11.259158	22.860227	38.358699	56.776076	76.557629	95.473578	110.61489	118.61245	116.50479	103.07007	80.193207	53.249670	29.142963	12.692895	4.2899043	1.1269021	0.23932519	0.044067197	0.0075846295	0.0012907293	0.00022437447	4.0421393e-05	7.5741654e-06	1.4733499e-06	1.4137790e-07	0.0000000	0.0000000	0.0000000	0.0000000	0.0000000	0.0000000	0.0000000	0.0000000
16.0040	0.0000000	0.0000000	0.0000000	0.0000000	0.0000000	0.0000000	0.0000000	0.0000000	0.0000000	0.0000000	0.0000000	0.0000000	0.0000000	0.0000000	0.0000000	0.0000000	0.0000000	0.0000000	0.0000000	0.0000000	0.0000000	0.0000000	0.0000000	0.0000000	0.0000000	0.0000000	0.0000000	0.0000000	0.0000000	0.0000000	0.0000000	0.0000000	0.0000000	0.0000000	0.0000000	0.0000000	0.0000000	0.0000000	0.0000000	0.0000000	0.0000000	3.0651171e-08	3.6326285e-06	0.00021932145	0.0067977016	0.10743137	0.85231113	3.5532895	9.1541883	17.454730	27.752459	39.192096	50.649585	60.665820	67.548021	69.676747	65.944315	56.342563	42.457677	27.397794	14.613517	6.2166367	2.4980270	0.71523859	0.13638233	0.021560906	0.0033833729	0.00056808829	9.7652045e-05	1.7436917e-05	3.2461799e-06	6.2884400e-07	6.0237081e-08	0.0000000	0.0000000	0.0000000	0.0000000	0.0000000	0.0000000	0.0000000	0.0000000
10.7700	0.0000000	0.0000000	0.0000000	0.0000000	0.0000000	0.0000000	0.0000000	0.0000000	0.0000000	0.0000000	0.0000000	0.0000000	0.0000000	0.0000000	0.0000000	0.0000000	0.0000000	0.0000000	0.0000000	0.0000000	0.0000000	0.0000000	0.0000000	0.0000000	0.0000000	0.0000000	0.0000000	0.0000000	0.0000000	0.0000000	0.0000000	0.0000000	0.0000000	0.0000000	0.0000000	0.0000000	0.0000000	0.0000000	0.0000000	0.0000000	0.0000000	3.1527380e-09	5.6722570e-07	4.9911094e-05	0.0021759968	0.046871838	0.49254304	2.6486346	8.5834553	20.120825	38.556058	64.515943	97.382768	130.82178	140.99648	147.34679	156.14862	148.13112	123.01907	86.904433	54.628306	27.526946	10.601865	3.0981365	0.69026140	0.13297354	0.023875324	0.0042260599	0.00076200223	0.00014204630	2.7488633e-05	5.5148292e-06	5.3368764e-07	0.0000000	0.0000000	0.0000000	0.0000000	0.0000000	0.0000000	0.0000000	0.0000000
10.6570	0.0000000	0.0000000	0.0000000	0.0000000	0.0000000	0.0000000	0.0000000	0.0000000	0.0000000	0.0000000	0.0000000	0.0000000	0.0000000	0.0000000	0.0000000	0.0000000	0.0000000	0.0000000	0.0000000	0.0000000	0.0000000	0.0000000	0.0000000	0.0000000	0.0000000	0.0000000	0.0000000	0.0000000	0.0000000	0.0000000	0.0000000	0.0000000	0.0000000	0.0000000	0.0000000	0.0000000	0.0000000	0.0000000	0.0000000	0.0000000	0.0000000	1.4562405e-09	2.6899169e-07	2.4215697e-05	0.0010762777	0.023545288	0.25027928	1.3563794	4.4184135	10.393536	19.959823	33.437326	50.481417	69.697319	88.383228	102.68408	108.31634	102.15932	84.263638	59.075423	34.012607	15.530425	5.4844647	1.5005155	0.33089702	0.063096219	0.011221672	0.0019700286	0.00035290887	6.5490346e-05	1.2644576e-05	2.5369514e-06	2.5152097e-07	0.0000000	0.0000000	0.0000000	0.0000000	0.0000000	0.0000000	0.0000000	0.0000000
12.6800	0.0000000	0.0000000	0.0000000	0.0000000	0.0000000	0.0000000	0.0000000	0.0000000	0.0000000	0.0000000	0.0000000	0.0000000	0.0000000	0.0000000	0.0000000	0.0000000	0.0000000	0.0000000	0.0000000	0.0000000	0.0000000	0.0000000	0.0000000	0.0000000	0.0000000	0.0000000	0.0000000	0.0000000	0.0000000	0.0000000	0.0000000	0.0000000	0.0000000	0.0000000	0.0000000	0.0000000	0.0000000	0.0000000	0.0000000	0.0000000	0.0000000	6.1121279e-09	8.6488007e-07	6.1715353e-05	0.0022445020	0.041296232	0.37674027	1.7707452	5.0328068	10.389954	17.618889	26.256764	35.618387	44.733927	52.197974	56.362021	55.723898	49.578630	38.761837	25.876052	14.249972	6.2509017	2.1299328	0.56464300	0.12109576	0.022521727	0.0039151837	0.00067282344	0.00011808660	2.1476243e-05	4.0630228e-06	7.9837231e-07	7.7478360e-08	0.0000000	0.0000000	0.0000000	0.0000000	0.0000000	0.0000000	0.0000000	0.0000000
11.0230	0.0000000	0.0000000	0.0000000	0.0000000	0.0000000	0.0000000	0.0000000	0.0000000	0.0000000	0.0000000	0.0000000	0.0000000	0.0000000	0.0000000	0.0000000	0.0000000	0.0000000	0.0000000	0.0000000	0.0000000	0.0000000	0.0000000	0.0000000	0.0000000	0.0000000	0.0000000	0.0000000	0.0000000	0.0000000	0.0000000	0.0000000	0.0000000	0.0000000	0.0000000	0.0000000	0.0000000	0.0000000	0.0000000	0.0000000	0.0000000	0.0000000	1.0367198e-09	1.8530760e-07	1.6275046e-05	0.00070815241	0.015161909	0.15776700	0.83828633	2.6850441	6.2384576	11.903443	19.927444	30.207211	42.027307	53.834069	63.263152	67.600101	64.706986	54.281723	38.793762	22.823679	10.668721	3.8601375	1.0819524	0.24421939	0.047596189	0.0086349759	0.0015429245	0.00028089946	5.2939537e-05	1.0378084e-05	2.1139937e-06	2.1275698e-07	0.0000000	0.0000000	0.0000000	0.0000000	0.0000000	0.0000000	0.0000000	0.0000000
10.1150	0.0000000	0.0000000	0.0000000	0.0000000	0.0000000	0.0000000	0.0000000	0.0000000	0.0000000	0.0000000	0.0000000	0.0000000	0.0000000	0.0000000	0.0000000	0.0000000	0.0000000	0.0000000	0.0000000	0.0000000	0.0000000	0.0000000	0.0000000	0.0000000	0.0000000	0.0000000	0.0000000	0.0000000	0.0000000	0.0000000	0.0000000	0.0000000	0.0000000	0.0000000	0.0000000	0.0000000	0.0000000	0.0000000	0.0000000	0.0000000	0.0000000	1.7488025e-10	3.4376344e-08	3.2766580e-06	0.00015359493	0.0035341381	0.039444709	0.22415636	0.76269936	1.8560436	3.6739205	6.3244513	9.7894761	13.839300	17.964881	21.375075	23.100287	22.323046	18.858995	13.531385	7.9663738	3.7194216	1.3440186	0.37670812	0.085224549	0.016694977	0.0030525363	0.00055081205	0.00010132852	1.9283851e-05	3.8119813e-06	7.8162832e-07	7.9046928e-08	0.0000000	0.0000000	0.0000000	0.0000000	0.0000000	0.0000000	0.0000000	0.0000000
