# DO NOT EDIT: written Thu Mar 14 18:48:37 2019 by wrt_emiss_fe17.pro
# faked emissivities [1e-23 ergs cm^3/s] for Fe17 lines from Del Zanna 2011, A&A 536, A59
# emissivities include ion balance, but not abundance, and are spline and ion balance jittered off of emiss_Fe17_00000.txt
# line 6 -- SEED, LOGT
# lines 7+ -- WVL, EMISSIVITY
       65961	4.00	4.05	4.10	4.15	4.20	4.25	4.30	4.35	4.40	4.45	4.50	4.55	4.60	4.65	4.70	4.75	4.80	4.85	4.90	4.95	5.00	5.05	5.10	5.15	5.20	5.25	5.30	5.35	5.40	5.45	5.50	5.55	5.60	5.65	5.70	5.75	5.80	5.85	5.90	5.95	6.00	6.05	6.10	6.15	6.20	6.25	6.30	6.35	6.40	6.45	6.50	6.55	6.60	6.65	6.70	6.75	6.80	6.85	6.90	6.95	7.00	7.05	7.10	7.15	7.20	7.25	7.30	7.35	7.40	7.45	7.50	7.55	7.60	7.65	7.70	7.75	7.80	7.85	7.90	7.95	8.00
15.0130	0.0000000	0.0000000	0.0000000	0.0000000	0.0000000	0.0000000	0.0000000	0.0000000	0.0000000	0.0000000	0.0000000	0.0000000	0.0000000	0.0000000	0.0000000	0.0000000	0.0000000	0.0000000	0.0000000	0.0000000	0.0000000	0.0000000	0.0000000	0.0000000	0.0000000	0.0000000	0.0000000	0.0000000	0.0000000	0.0000000	0.0000000	0.0000000	0.0000000	0.0000000	0.0000000	0.0000000	0.0000000	0.0000000	0.0000000	0.0000000	0.0000000	1.3088114e-06	0.00016437388	0.010481003	0.34164945	5.6517844	46.601041	199.93399	527.59560	1035.6675	1707.0682	2510.5443	3387.8402	4242.8495	4940.4252	5324.8458	5255.7603	4669.7036	3644.7527	2421.9489	1318.8833	566.32080	186.80907	47.788851	10.019762	1.8636271	0.33036262	0.058581326	0.010676563	0.0020207744	0.00039838477	8.1462346e-05	3.6931593e-06	0.0000000	0.0000000	0.0000000	0.0000000	0.0000000	0.0000000	0.0000000	0.0000000
17.0510	0.0000000	0.0000000	0.0000000	0.0000000	0.0000000	0.0000000	0.0000000	0.0000000	0.0000000	0.0000000	0.0000000	0.0000000	0.0000000	0.0000000	0.0000000	0.0000000	0.0000000	0.0000000	0.0000000	0.0000000	0.0000000	0.0000000	0.0000000	0.0000000	0.0000000	0.0000000	0.0000000	0.0000000	0.0000000	0.0000000	0.0000000	0.0000000	0.0000000	0.0000000	0.0000000	0.0000000	0.0000000	0.0000000	0.0000000	0.0000000	0.0000000	2.9390302e-06	0.00032655580	0.018616422	0.54679032	8.1999869	61.594860	241.82461	586.46430	1062.3616	1621.9376	2216.3255	2785.8932	3256.5433	3567.1678	3637.8944	3400.2917	2862.4251	2116.9874	1332.6612	687.24083	279.35236	87.212587	21.121881	4.1958758	0.74016203	0.12458185	0.020999453	0.0036419307	0.00065657974	0.00012336318	2.4078213e-05	1.0464483e-06	0.0000000	0.0000000	0.0000000	0.0000000	0.0000000	0.0000000	0.0000000	0.0000000
17.0960	0.0000000	0.0000000	0.0000000	0.0000000	0.0000000	0.0000000	0.0000000	0.0000000	0.0000000	0.0000000	0.0000000	0.0000000	0.0000000	0.0000000	0.0000000	0.0000000	0.0000000	0.0000000	0.0000000	0.0000000	0.0000000	0.0000000	0.0000000	0.0000000	0.0000000	0.0000000	0.0000000	0.0000000	0.0000000	0.0000000	0.0000000	0.0000000	0.0000000	0.0000000	0.0000000	0.0000000	0.0000000	0.0000000	0.0000000	0.0000000	0.0000000	2.9032673e-06	0.00032225240	0.018366862	0.54029565	8.1261667	61.235709	240.93998	584.47612	1056.4077	1604.9939	2177.2245	2710.6932	3131.8372	3363.4568	3342.5228	3040.8911	2489.1165	1788.2361	1092.3383	545.94699	214.79701	64.828823	15.163884	2.9072846	0.49481262	0.080368407	0.013079306	0.0021916880	0.00038212312	6.9508190e-05	1.3150149e-05	5.5467825e-07	0.0000000	0.0000000	0.0000000	0.0000000	0.0000000	0.0000000	0.0000000	0.0000000
16.7760	0.0000000	0.0000000	0.0000000	0.0000000	0.0000000	0.0000000	0.0000000	0.0000000	0.0000000	0.0000000	0.0000000	0.0000000	0.0000000	0.0000000	0.0000000	0.0000000	0.0000000	0.0000000	0.0000000	0.0000000	0.0000000	0.0000000	0.0000000	0.0000000	0.0000000	0.0000000	0.0000000	0.0000000	0.0000000	0.0000000	0.0000000	0.0000000	0.0000000	0.0000000	0.0000000	0.0000000	0.0000000	0.0000000	0.0000000	0.0000000	0.0000000	1.8437016e-06	0.00028122679	0.012363887	0.35771710	5.4508421	41.687085	166.95770	413.68288	766.22815	1196.1803	1670.1488	2141.0486	2547.0545	2817.0919	2884.1197	2704.4687	2283.3775	1693.8715	1069.8165	553.65422	225.88916	70.786385	17.206425	3.4299520	0.60704251	0.10249502	0.017327889	0.0030135230	0.00073689480	0.00013876190	2.7135155e-05	1.1811229e-06	0.0000000	0.0000000	0.0000000	0.0000000	0.0000000	0.0000000	0.0000000	0.0000000
15.2620	0.0000000	0.0000000	0.0000000	0.0000000	0.0000000	0.0000000	0.0000000	0.0000000	0.0000000	0.0000000	0.0000000	0.0000000	0.0000000	0.0000000	0.0000000	0.0000000	0.0000000	0.0000000	0.0000000	0.0000000	0.0000000	0.0000000	0.0000000	0.0000000	0.0000000	0.0000000	0.0000000	0.0000000	0.0000000	0.0000000	0.0000000	0.0000000	0.0000000	0.0000000	0.0000000	0.0000000	0.0000000	0.0000000	0.0000000	0.0000000	0.0000000	4.2287301e-07	5.2283507e-05	0.0032922724	0.10623391	1.7420567	14.248174	60.686580	159.17051	311.06482	511.56822	752.73769	1019.1986	1283.4324	1504.4905	1633.0814	1622.6906	1449.7559	1135.7218	755.53192	410.54548	175.21154	57.173455	14.389253	2.9494635	0.53242589	0.090957646	0.015467306	0.0026965569	0.00048832274	9.2411828e-05	1.8286282e-05	8.1403163e-07	0.0000000	0.0000000	0.0000000	0.0000000	0.0000000	0.0000000	0.0000000	0.0000000
12.1240	0.0000000	0.0000000	0.0000000	0.0000000	0.0000000	0.0000000	0.0000000	0.0000000	0.0000000	0.0000000	0.0000000	0.0000000	0.0000000	0.0000000	0.0000000	0.0000000	0.0000000	0.0000000	0.0000000	0.0000000	0.0000000	0.0000000	0.0000000	0.0000000	0.0000000	0.0000000	0.0000000	0.0000000	0.0000000	0.0000000	0.0000000	0.0000000	0.0000000	0.0000000	0.0000000	0.0000000	0.0000000	0.0000000	0.0000000	0.0000000	0.0000000	4.0856520e-08	6.4282846e-06	0.00050056917	0.019472159	0.37644992	3.5603314	17.244147	50.679440	109.46016	196.33747	311.04957	447.86135	593.02512	723.98932	811.98254	828.30692	755.89281	602.47676	406.58914	223.76430	96.703058	31.999067	8.1939940	1.7177037	0.31925429	0.056555764	0.010028468	0.0018299435	0.00034741026	6.8826248e-05	1.4148675e-05	6.4442649e-07	0.0000000	0.0000000	0.0000000	0.0000000	0.0000000	0.0000000	0.0000000	0.0000000
12.2640	0.0000000	0.0000000	0.0000000	0.0000000	0.0000000	0.0000000	0.0000000	0.0000000	0.0000000	0.0000000	0.0000000	0.0000000	0.0000000	0.0000000	0.0000000	0.0000000	0.0000000	0.0000000	0.0000000	0.0000000	0.0000000	0.0000000	0.0000000	0.0000000	0.0000000	0.0000000	0.0000000	0.0000000	0.0000000	0.0000000	0.0000000	0.0000000	0.0000000	0.0000000	0.0000000	0.0000000	0.0000000	0.0000000	0.0000000	0.0000000	0.0000000	3.2038508e-08	4.9571548e-06	0.00038097475	0.014673201	0.28329971	2.7344630	13.508477	40.431266	88.800066	161.76513	260.04079	379.73953	509.95211	631.28189	717.50665	741.04775	683.85168	550.51673	374.93390	208.08398	90.605605	30.174452	7.7655264	1.6329424	0.30366305	0.053649924	0.0094515315	0.0017059671	0.00031878822	6.1845795e-05	1.2420534e-05	5.5384963e-07	0.0000000	0.0000000	0.0000000	0.0000000	0.0000000	0.0000000	0.0000000	0.0000000
13.8250	0.0000000	0.0000000	0.0000000	0.0000000	0.0000000	0.0000000	0.0000000	0.0000000	0.0000000	0.0000000	0.0000000	0.0000000	0.0000000	0.0000000	0.0000000	0.0000000	0.0000000	0.0000000	0.0000000	0.0000000	0.0000000	0.0000000	0.0000000	0.0000000	0.0000000	0.0000000	0.0000000	0.0000000	0.0000000	0.0000000	0.0000000	0.0000000	0.0000000	0.0000000	0.0000000	0.0000000	0.0000000	0.0000000	0.0000000	0.0000000	0.0000000	6.0913123e-08	8.1609534e-06	0.00055654706	0.019461588	0.34608348	3.0675039	14.108100	39.672876	82.452685	143.07843	220.48797	310.63547	405.13783	490.31605	547.88038	558.73752	510.61074	407.62130	275.29972	151.44380	65.332946	21.568937	5.5125739	1.1550715	0.21513230	0.038275657	0.0068235714	0.0012514535	0.00023837984	4.7248113e-05	9.7069304e-06	4.4279134e-07	0.0000000	0.0000000	0.0000000	0.0000000	0.0000000	0.0000000	0.0000000	0.0000000
15.4530	0.0000000	0.0000000	0.0000000	0.0000000	0.0000000	0.0000000	0.0000000	0.0000000	0.0000000	0.0000000	0.0000000	0.0000000	0.0000000	0.0000000	0.0000000	0.0000000	0.0000000	0.0000000	0.0000000	0.0000000	0.0000000	0.0000000	0.0000000	0.0000000	0.0000000	0.0000000	0.0000000	0.0000000	0.0000000	0.0000000	0.0000000	0.0000000	0.0000000	0.0000000	0.0000000	0.0000000	0.0000000	0.0000000	0.0000000	0.0000000	0.0000000	1.6143984e-07	1.9606392e-05	0.0012071351	0.037878598	0.60033522	4.7160176	19.177041	47.735802	88.021661	135.80542	186.43598	234.35159	272.92980	295.05467	294.74605	269.18894	220.94846	159.05485	97.326828	48.739877	19.226877	5.8228317	1.3678129	0.26359811	0.045134715	0.0073802872	0.0012099315	0.00020436264	3.5933452e-05	6.5943055e-06	1.2588985e-06	5.3584766e-08	0.0000000	0.0000000	0.0000000	0.0000000	0.0000000	0.0000000	0.0000000	0.0000000
11.2500	0.0000000	0.0000000	0.0000000	0.0000000	0.0000000	0.0000000	0.0000000	0.0000000	0.0000000	0.0000000	0.0000000	0.0000000	0.0000000	0.0000000	0.0000000	0.0000000	0.0000000	0.0000000	0.0000000	0.0000000	0.0000000	0.0000000	0.0000000	0.0000000	0.0000000	0.0000000	0.0000000	0.0000000	0.0000000	0.0000000	0.0000000	0.0000000	0.0000000	0.0000000	0.0000000	0.0000000	0.0000000	0.0000000	0.0000000	0.0000000	0.0000000	9.6196448e-09	1.6478735e-06	0.00013844847	0.0057639543	0.11839163	1.1816490	6.0017172	18.394052	41.239800	76.485221	124.87949	184.80816	250.96387	313.57365	359.27891	373.82377	347.48615	281.79648	193.33825	108.07905	47.390001	15.887453	4.0476836	0.84148128	0.15457678	0.026957098	0.0046843429	0.00083341196	0.00015340391	2.9308629e-05	5.8053666e-06	2.5618213e-07	0.0000000	0.0000000	0.0000000	0.0000000	0.0000000	0.0000000	0.0000000	0.0000000
11.1290	0.0000000	0.0000000	0.0000000	0.0000000	0.0000000	0.0000000	0.0000000	0.0000000	0.0000000	0.0000000	0.0000000	0.0000000	0.0000000	0.0000000	0.0000000	0.0000000	0.0000000	0.0000000	0.0000000	0.0000000	0.0000000	0.0000000	0.0000000	0.0000000	0.0000000	0.0000000	0.0000000	0.0000000	0.0000000	0.0000000	0.0000000	0.0000000	0.0000000	0.0000000	0.0000000	0.0000000	0.0000000	0.0000000	0.0000000	0.0000000	0.0000000	5.2131349e-09	8.9615150e-07	7.5557680e-05	0.0031575011	0.065123454	0.65296557	3.3331364	10.270759	23.164688	43.252749	71.170666	106.28157	145.85727	184.48516	214.34766	226.57581	214.36913	177.18669	123.92961	70.565491	31.458724	10.695619	2.8021371	0.59843032	0.11281324	0.020171567	0.0035909186	0.00065400320	0.00012314689	2.4042204e-05	4.8525992e-06	2.1712529e-07	0.0000000	0.0000000	0.0000000	0.0000000	0.0000000	0.0000000	0.0000000	0.0000000
16.3360	0.0000000	0.0000000	0.0000000	0.0000000	0.0000000	0.0000000	0.0000000	0.0000000	0.0000000	0.0000000	0.0000000	0.0000000	0.0000000	0.0000000	0.0000000	0.0000000	0.0000000	0.0000000	0.0000000	0.0000000	0.0000000	0.0000000	0.0000000	0.0000000	0.0000000	0.0000000	0.0000000	0.0000000	0.0000000	0.0000000	0.0000000	0.0000000	0.0000000	0.0000000	0.0000000	0.0000000	0.0000000	0.0000000	0.0000000	0.0000000	0.0000000	6.3508774e-08	7.2170742e-06	0.00041901444	0.012518891	0.19098398	1.4591044	5.8233974	14.344028	26.352145	40.759552	56.406750	71.789494	84.950797	93.597308	95.546968	89.373747	75.256497	55.626944	34.966576	17.989347	7.2875534	2.2649809	0.54565915	0.10776058	0.018889986	0.0031590862	0.00052911259	9.1194664e-05	1.6340801e-05	3.0515665e-06	5.9190660e-07	2.5557181e-08	0.0000000	0.0000000	0.0000000	0.0000000	0.0000000	0.0000000	0.0000000	0.0000000
13.8900	0.0000000	0.0000000	0.0000000	0.0000000	0.0000000	0.0000000	0.0000000	0.0000000	0.0000000	0.0000000	0.0000000	0.0000000	0.0000000	0.0000000	0.0000000	0.0000000	0.0000000	0.0000000	0.0000000	0.0000000	0.0000000	0.0000000	0.0000000	0.0000000	0.0000000	0.0000000	0.0000000	0.0000000	0.0000000	0.0000000	0.0000000	0.0000000	0.0000000	0.0000000	0.0000000	0.0000000	0.0000000	0.0000000	0.0000000	0.0000000	0.0000000	2.1714834e-08	2.8167091e-06	0.00018597788	0.0063001569	0.10861923	0.93379234	4.1629872	11.320758	22.681162	37.824130	55.863505	75.269741	93.775842	108.39546	115.69935	112.74364	98.489436	75.175166	48.550026	25.553310	10.556888	3.3388220	0.81717027	0.16376578	0.029112535	0.0049351459	0.00083770562	0.00014633968	2.6589259e-05	5.0392999e-06	9.9334368e-07	4.3666333e-08	0.0000000	0.0000000	0.0000000	0.0000000	0.0000000	0.0000000	0.0000000	0.0000000
16.0040	0.0000000	0.0000000	0.0000000	0.0000000	0.0000000	0.0000000	0.0000000	0.0000000	0.0000000	0.0000000	0.0000000	0.0000000	0.0000000	0.0000000	0.0000000	0.0000000	0.0000000	0.0000000	0.0000000	0.0000000	0.0000000	0.0000000	0.0000000	0.0000000	0.0000000	0.0000000	0.0000000	0.0000000	0.0000000	0.0000000	0.0000000	0.0000000	0.0000000	0.0000000	0.0000000	0.0000000	0.0000000	0.0000000	0.0000000	0.0000000	0.0000000	4.4675198e-08	5.3816683e-06	0.00032967073	0.010267422	0.16120728	1.2630655	5.1557748	12.962317	24.263255	38.143452	53.487074	68.767688	81.984631	90.825623	93.114421	87.417590	73.864097	54.794148	34.575433	17.859231	7.2652619	2.2682283	0.54912854	0.10903154	0.019225608	0.0032359080	0.00054580799	9.4798599e-05	1.7128437e-05	3.2152202e-06	6.2315889e-07	2.6873449e-08	0.0000000	0.0000000	0.0000000	0.0000000	0.0000000	0.0000000	0.0000000	0.0000000
10.7700	0.0000000	0.0000000	0.0000000	0.0000000	0.0000000	0.0000000	0.0000000	0.0000000	0.0000000	0.0000000	0.0000000	0.0000000	0.0000000	0.0000000	0.0000000	0.0000000	0.0000000	0.0000000	0.0000000	0.0000000	0.0000000	0.0000000	0.0000000	0.0000000	0.0000000	0.0000000	0.0000000	0.0000000	0.0000000	0.0000000	0.0000000	0.0000000	0.0000000	0.0000000	0.0000000	0.0000000	0.0000000	0.0000000	0.0000000	0.0000000	0.0000000	3.0713517e-09	5.4783729e-07	4.7806142e-05	0.0020633071	0.043859033	0.45206504	2.3638390	7.4241885	16.967040	31.927588	52.693321	78.611854	107.44626	135.04084	155.57158	162.68232	151.89916	123.66216	85.119705	47.717760	20.979778	7.0537153	1.8327665	0.38930135	0.073211536	0.013097667	0.0023397530	0.00042889858	8.1541868e-05	1.6127587e-05	3.3094134e-06	1.5110484e-07	0.0000000	0.0000000	0.0000000	0.0000000	0.0000000	0.0000000	0.0000000	0.0000000
10.6570	0.0000000	0.0000000	0.0000000	0.0000000	0.0000000	0.0000000	0.0000000	0.0000000	0.0000000	0.0000000	0.0000000	0.0000000	0.0000000	0.0000000	0.0000000	0.0000000	0.0000000	0.0000000	0.0000000	0.0000000	0.0000000	0.0000000	0.0000000	0.0000000	0.0000000	0.0000000	0.0000000	0.0000000	0.0000000	0.0000000	0.0000000	0.0000000	0.0000000	0.0000000	0.0000000	0.0000000	0.0000000	0.0000000	0.0000000	0.0000000	0.0000000	1.6036386e-09	2.9339441e-07	2.6187857e-05	0.0011533630	0.024964806	0.26152848	1.3880883	4.4236495	10.262338	19.614916	32.906753	49.937583	69.460280	88.844302	104.13327	110.71427	105.00564	86.738100	60.505886	34.325588	15.246042	5.1637371	1.3385572	0.28322589	0.052982837	0.0094198774	0.0016712885	0.00030412853	5.7367093e-05	1.1249027e-05	2.2863464e-06	1.0326810e-07	0.0000000	0.0000000	0.0000000	0.0000000	0.0000000	0.0000000	0.0000000	0.0000000
12.6800	0.0000000	0.0000000	0.0000000	0.0000000	0.0000000	0.0000000	0.0000000	0.0000000	0.0000000	0.0000000	0.0000000	0.0000000	0.0000000	0.0000000	0.0000000	0.0000000	0.0000000	0.0000000	0.0000000	0.0000000	0.0000000	0.0000000	0.0000000	0.0000000	0.0000000	0.0000000	0.0000000	0.0000000	0.0000000	0.0000000	0.0000000	0.0000000	0.0000000	0.0000000	0.0000000	0.0000000	0.0000000	0.0000000	0.0000000	0.0000000	0.0000000	7.7248886e-09	1.0746302e-06	7.5379402e-05	0.0026891584	0.048370044	0.42891744	1.9443018	5.3187277	10.649313	17.679126	25.972728	34.904452	43.570133	50.629833	54.492099	53.685906	47.516767	36.824842	24.223009	13.023070	5.5083218	1.7866528	0.44894792	0.092383408	0.016846959	0.0029241642	0.00050684779	9.0118581e-05	1.6605923e-05	3.1794295e-06	6.3059899e-07	2.7781963e-08	0.0000000	0.0000000	0.0000000	0.0000000	0.0000000	0.0000000	0.0000000	0.0000000
11.0230	0.0000000	0.0000000	0.0000000	0.0000000	0.0000000	0.0000000	0.0000000	0.0000000	0.0000000	0.0000000	0.0000000	0.0000000	0.0000000	0.0000000	0.0000000	0.0000000	0.0000000	0.0000000	0.0000000	0.0000000	0.0000000	0.0000000	0.0000000	0.0000000	0.0000000	0.0000000	0.0000000	0.0000000	0.0000000	0.0000000	0.0000000	0.0000000	0.0000000	0.0000000	0.0000000	0.0000000	0.0000000	0.0000000	0.0000000	0.0000000	0.0000000	1.1018943e-09	1.9667218e-07	1.7290756e-05	0.00075381185	0.016169137	0.16809754	0.88784131	2.8278290	6.5868121	12.684985	21.461564	32.770046	45.685459	58.318922	67.920695	71.508891	67.007752	54.614938	37.575664	21.033048	9.2221800	3.0867090	0.79671443	0.16772616	0.031198244	0.0055134722	0.00097257371	0.00017627381	3.3220403e-05	6.5347763e-06	1.3409872e-06	6.1384509e-08	0.0000000	0.0000000	0.0000000	0.0000000	0.0000000	0.0000000	0.0000000	0.0000000
10.1150	0.0000000	0.0000000	0.0000000	0.0000000	0.0000000	0.0000000	0.0000000	0.0000000	0.0000000	0.0000000	0.0000000	0.0000000	0.0000000	0.0000000	0.0000000	0.0000000	0.0000000	0.0000000	0.0000000	0.0000000	0.0000000	0.0000000	0.0000000	0.0000000	0.0000000	0.0000000	0.0000000	0.0000000	0.0000000	0.0000000	0.0000000	0.0000000	0.0000000	0.0000000	0.0000000	0.0000000	0.0000000	0.0000000	0.0000000	0.0000000	0.0000000	1.4547299e-10	2.8523172e-08	2.7133874e-06	0.00012674136	0.0028972049	0.031934389	0.17768738	0.59118372	1.4246386	2.8140834	4.8692412	7.6688393	11.065964	14.695821	17.916914	19.855484	19.667565	16.965402	12.289782	7.1632470	3.2215635	1.0958120	0.28947604	0.063671750	0.012616671	0.0024068249	0.00046138131	8.7825661e-05	1.6982354e-05	3.4074293e-06	7.0727437e-07	3.2560800e-08	0.0000000	0.0000000	0.0000000	0.0000000	0.0000000	0.0000000	0.0000000	0.0000000
