# DO NOT EDIT: written Thu Mar 14 18:48:37 2019 by wrt_emiss_fe17.pro
# faked emissivities [1e-23 ergs cm^3/s] for Fe17 lines from Del Zanna 2011, A&A 536, A59
# emissivities include ion balance, but not abundance, and are spline and ion balance jittered off of emiss_Fe17_00000.txt
# line 6 -- SEED, LOGT
# lines 7+ -- WVL, EMISSIVITY
      881341	4.00	4.05	4.10	4.15	4.20	4.25	4.30	4.35	4.40	4.45	4.50	4.55	4.60	4.65	4.70	4.75	4.80	4.85	4.90	4.95	5.00	5.05	5.10	5.15	5.20	5.25	5.30	5.35	5.40	5.45	5.50	5.55	5.60	5.65	5.70	5.75	5.80	5.85	5.90	5.95	6.00	6.05	6.10	6.15	6.20	6.25	6.30	6.35	6.40	6.45	6.50	6.55	6.60	6.65	6.70	6.75	6.80	6.85	6.90	6.95	7.00	7.05	7.10	7.15	7.20	7.25	7.30	7.35	7.40	7.45	7.50	7.55	7.60	7.65	7.70	7.75	7.80	7.85	7.90	7.95	8.00
15.0130	0.0000000	0.0000000	0.0000000	0.0000000	0.0000000	0.0000000	0.0000000	0.0000000	0.0000000	0.0000000	0.0000000	0.0000000	0.0000000	0.0000000	0.0000000	0.0000000	0.0000000	0.0000000	0.0000000	0.0000000	0.0000000	0.0000000	0.0000000	0.0000000	0.0000000	0.0000000	0.0000000	0.0000000	0.0000000	0.0000000	0.0000000	0.0000000	0.0000000	0.0000000	0.0000000	0.0000000	0.0000000	0.0000000	0.0000000	0.0000000	9.9281596e-08	1.5383418e-05	0.0011633340	0.046344775	0.98950075	11.446939	73.264527	272.76950	668.50356	1257.8844	2015.2515	2896.6687	3826.4057	4689.3169	5335.9878	5608.5186	5383.7001	4636.6350	3494.9363	2233.6392	1164.6896	476.60742	149.18864	36.233544	7.2896096	1.3246810	0.23278900	0.041166562	0.0074866815	0.0014100347	0.00027567093	5.3577467e-05	0.0000000	0.0000000	0.0000000	0.0000000	0.0000000	0.0000000	0.0000000	0.0000000	0.0000000
17.0510	0.0000000	0.0000000	0.0000000	0.0000000	0.0000000	0.0000000	0.0000000	0.0000000	0.0000000	0.0000000	0.0000000	0.0000000	0.0000000	0.0000000	0.0000000	0.0000000	0.0000000	0.0000000	0.0000000	0.0000000	0.0000000	0.0000000	0.0000000	0.0000000	0.0000000	0.0000000	0.0000000	0.0000000	0.0000000	0.0000000	0.0000000	0.0000000	0.0000000	0.0000000	0.0000000	0.0000000	0.0000000	0.0000000	0.0000000	0.0000000	2.2802417e-07	3.1077096e-05	0.0021171191	0.077498678	1.5443802	16.890767	101.01998	349.91272	802.84328	1422.4144	2156.5376	2945.3502	3708.5014	4341.8698	4727.0253	4757.7852	4375.0971	3608.6792	2602.3760	1588.4545	789.28248	306.98078	91.074023	20.916700	3.9791181	0.68540396	0.11470488	0.019439147	0.0034079100	0.00062179385	0.00011820689	2.2392165e-05	0.0000000	0.0000000	0.0000000	0.0000000	0.0000000	0.0000000	0.0000000	0.0000000	0.0000000
17.0960	0.0000000	0.0000000	0.0000000	0.0000000	0.0000000	0.0000000	0.0000000	0.0000000	0.0000000	0.0000000	0.0000000	0.0000000	0.0000000	0.0000000	0.0000000	0.0000000	0.0000000	0.0000000	0.0000000	0.0000000	0.0000000	0.0000000	0.0000000	0.0000000	0.0000000	0.0000000	0.0000000	0.0000000	0.0000000	0.0000000	0.0000000	0.0000000	0.0000000	0.0000000	0.0000000	0.0000000	0.0000000	0.0000000	0.0000000	0.0000000	2.2833823e-07	3.0956278e-05	0.0020584687	0.072148744	1.3597868	14.045231	81.153150	275.28839	619.55601	1077.5384	1604.2585	2152.3364	2662.7131	3063.3988	3277.6893	3242.2782	2929.7232	2373.7915	1680.5609	1006.0565	489.58771	186.15800	53.888617	12.053339	2.2291858	0.37271779	0.060472008	0.0099252985	0.0016835378	0.00029690532	5.4503283e-05	9.9624120e-06	0.0000000	0.0000000	0.0000000	0.0000000	0.0000000	0.0000000	0.0000000	0.0000000	0.0000000
16.7760	0.0000000	0.0000000	0.0000000	0.0000000	0.0000000	0.0000000	0.0000000	0.0000000	0.0000000	0.0000000	0.0000000	0.0000000	0.0000000	0.0000000	0.0000000	0.0000000	0.0000000	0.0000000	0.0000000	0.0000000	0.0000000	0.0000000	0.0000000	0.0000000	0.0000000	0.0000000	0.0000000	0.0000000	0.0000000	0.0000000	0.0000000	0.0000000	0.0000000	0.0000000	0.0000000	0.0000000	0.0000000	0.0000000	0.0000000	0.0000000	1.5793041e-07	2.1587366e-05	0.0014570376	0.052366273	1.0191542	10.852056	64.504499	224.95401	520.54591	931.05530	1425.4388	1965.0623	2493.5118	2937.0423	3213.0195	3246.7848	2995.7799	2478.8440	1793.5653	1098.7543	548.11334	214.06827	63.777590	14.708610	2.8093118	0.48575943	0.081592788	0.013876462	0.0024408264	0.00044671563	8.5158718e-05	1.6170874e-05	0.0000000	0.0000000	0.0000000	0.0000000	0.0000000	0.0000000	0.0000000	0.0000000	0.0000000
15.2620	0.0000000	0.0000000	0.0000000	0.0000000	0.0000000	0.0000000	0.0000000	0.0000000	0.0000000	0.0000000	0.0000000	0.0000000	0.0000000	0.0000000	0.0000000	0.0000000	0.0000000	0.0000000	0.0000000	0.0000000	0.0000000	0.0000000	0.0000000	0.0000000	0.0000000	0.0000000	0.0000000	0.0000000	0.0000000	0.0000000	0.0000000	0.0000000	0.0000000	0.0000000	0.0000000	0.0000000	0.0000000	0.0000000	0.0000000	0.0000000	2.8764296e-08	4.4104388e-06	0.00033113190	0.013121424	0.27899662	3.2153054	20.495688	75.997148	185.54116	347.89952	555.69206	796.88370	1050.7639	1285.6585	1460.4168	1531.6475	1465.8775	1257.3004	942.43128	597.84566	308.73259	124.79770	38.475115	9.1771652	1.8113949	0.32336593	0.056020719	0.0098176845	0.0017782449	0.00033497686	6.5737194e-05	1.2860855e-05	0.0000000	0.0000000	0.0000000	0.0000000	0.0000000	0.0000000	0.0000000	0.0000000	0.0000000
12.1240	0.0000000	0.0000000	0.0000000	0.0000000	0.0000000	0.0000000	0.0000000	0.0000000	0.0000000	0.0000000	0.0000000	0.0000000	0.0000000	0.0000000	0.0000000	0.0000000	0.0000000	0.0000000	0.0000000	0.0000000	0.0000000	0.0000000	0.0000000	0.0000000	0.0000000	0.0000000	0.0000000	0.0000000	0.0000000	0.0000000	0.0000000	0.0000000	0.0000000	0.0000000	0.0000000	0.0000000	0.0000000	0.0000000	0.0000000	0.0000000	1.6825759e-09	3.3305277e-07	3.1319899e-05	0.0015147281	0.038429503	0.51829886	3.8038034	16.019391	47.919214	111.74995	214.62428	340.30366	485.06750	636.34391	769.32484	853.19378	858.59220	770.46865	601.51306	395.79356	211.18482	87.883104	27.801037	6.7854851	1.3672003	0.24854738	0.043740589	0.0077672389	0.0014218702	0.00027000484	5.3259542e-05	1.0245299e-05	0.0000000	0.0000000	0.0000000	0.0000000	0.0000000	0.0000000	0.0000000	0.0000000	0.0000000
12.2640	0.0000000	0.0000000	0.0000000	0.0000000	0.0000000	0.0000000	0.0000000	0.0000000	0.0000000	0.0000000	0.0000000	0.0000000	0.0000000	0.0000000	0.0000000	0.0000000	0.0000000	0.0000000	0.0000000	0.0000000	0.0000000	0.0000000	0.0000000	0.0000000	0.0000000	0.0000000	0.0000000	0.0000000	0.0000000	0.0000000	0.0000000	0.0000000	0.0000000	0.0000000	0.0000000	0.0000000	0.0000000	0.0000000	0.0000000	0.0000000	2.2163830e-09	4.3134047e-07	4.0029425e-05	0.0019170811	0.048307282	0.64858673	4.7449206	19.921429	54.401350	112.84175	197.38986	307.15326	435.88141	567.98349	669.10996	723.68967	710.78648	622.96581	475.38948	306.13494	160.16324	65.514407	20.433493	4.9346576	0.98766230	0.17907444	0.031541578	0.0056216102	0.0010350876	0.00019799678	3.9376215e-05	7.7842605e-06	0.0000000	0.0000000	0.0000000	0.0000000	0.0000000	0.0000000	0.0000000	0.0000000	0.0000000
13.8250	0.0000000	0.0000000	0.0000000	0.0000000	0.0000000	0.0000000	0.0000000	0.0000000	0.0000000	0.0000000	0.0000000	0.0000000	0.0000000	0.0000000	0.0000000	0.0000000	0.0000000	0.0000000	0.0000000	0.0000000	0.0000000	0.0000000	0.0000000	0.0000000	0.0000000	0.0000000	0.0000000	0.0000000	0.0000000	0.0000000	0.0000000	0.0000000	0.0000000	0.0000000	0.0000000	0.0000000	0.0000000	0.0000000	0.0000000	0.0000000	3.7211570e-09	6.1418321e-07	4.9521066e-05	0.0021094981	0.048335535	0.60189548	4.1519842	16.641113	43.719535	87.752398	149.33228	227.21095	316.89810	409.39620	490.48805	541.73195	544.78430	489.39516	382.60620	251.96678	134.50211	55.992464	17.723900	4.3308169	0.87433869	0.15946568	0.028192614	0.0050355825	0.00092810918	0.00017755141	3.5289005e-05	6.9679559e-06	0.0000000	0.0000000	0.0000000	0.0000000	0.0000000	0.0000000	0.0000000	0.0000000	0.0000000
15.4530	0.0000000	0.0000000	0.0000000	0.0000000	0.0000000	0.0000000	0.0000000	0.0000000	0.0000000	0.0000000	0.0000000	0.0000000	0.0000000	0.0000000	0.0000000	0.0000000	0.0000000	0.0000000	0.0000000	0.0000000	0.0000000	0.0000000	0.0000000	0.0000000	0.0000000	0.0000000	0.0000000	0.0000000	0.0000000	0.0000000	0.0000000	0.0000000	0.0000000	0.0000000	0.0000000	0.0000000	0.0000000	0.0000000	0.0000000	0.0000000	1.0750701e-08	1.5745339e-06	0.00011280679	0.0042646328	0.086505189	0.95122446	5.7873493	20.484609	47.729822	85.358720	129.89594	177.19865	221.88569	257.29777	276.38703	273.51253	246.49338	198.70453	139.73269	83.023534	40.105217	15.151395	4.3640261	0.97291119	0.17970053	0.030071167	0.0048935998	0.00080743791	0.00013802018	2.4593146e-05	4.5733245e-06	8.4880245e-07	0.0000000	0.0000000	0.0000000	0.0000000	0.0000000	0.0000000	0.0000000	0.0000000	0.0000000
11.2500	0.0000000	0.0000000	0.0000000	0.0000000	0.0000000	0.0000000	0.0000000	0.0000000	0.0000000	0.0000000	0.0000000	0.0000000	0.0000000	0.0000000	0.0000000	0.0000000	0.0000000	0.0000000	0.0000000	0.0000000	0.0000000	0.0000000	0.0000000	0.0000000	0.0000000	0.0000000	0.0000000	0.0000000	0.0000000	0.0000000	0.0000000	0.0000000	0.0000000	0.0000000	0.0000000	0.0000000	0.0000000	0.0000000	0.0000000	0.0000000	3.7765775e-10	8.2634438e-08	8.4988314e-06	0.00044524734	0.012130721	0.17429650	1.3525729	5.9800830	17.098315	36.950348	67.027424	107.66871	157.02677	210.05835	258.14268	290.17229	295.21833	267.22351	210.02626	138.90942	74.417022	31.070320	9.8577634	2.4130965	0.48785563	0.089062422	0.015755486	0.0028157073	0.00051945350	9.9562674e-05	1.9857052e-05	3.9429766e-06	0.0000000	0.0000000	0.0000000	0.0000000	0.0000000	0.0000000	0.0000000	0.0000000	0.0000000
11.1290	0.0000000	0.0000000	0.0000000	0.0000000	0.0000000	0.0000000	0.0000000	0.0000000	0.0000000	0.0000000	0.0000000	0.0000000	0.0000000	0.0000000	0.0000000	0.0000000	0.0000000	0.0000000	0.0000000	0.0000000	0.0000000	0.0000000	0.0000000	0.0000000	0.0000000	0.0000000	0.0000000	0.0000000	0.0000000	0.0000000	0.0000000	0.0000000	0.0000000	0.0000000	0.0000000	0.0000000	0.0000000	0.0000000	0.0000000	0.0000000	2.1948503e-10	5.0195604e-08	5.3913698e-06	0.00029447416	0.0083441866	0.12430231	0.99628215	4.5287875	13.259538	29.312112	54.400949	89.426920	133.47328	179.77423	222.48048	251.85701	258.03195	235.15038	186.00801	123.75566	66.655018	27.960798	8.9063215	2.1869319	0.44305875	0.080961052	0.014316193	0.0025532895	0.00046922799	8.9408049e-05	1.7687683e-05	3.4754501e-06	0.0000000	0.0000000	0.0000000	0.0000000	0.0000000	0.0000000	0.0000000	0.0000000	0.0000000
16.3360	0.0000000	0.0000000	0.0000000	0.0000000	0.0000000	0.0000000	0.0000000	0.0000000	0.0000000	0.0000000	0.0000000	0.0000000	0.0000000	0.0000000	0.0000000	0.0000000	0.0000000	0.0000000	0.0000000	0.0000000	0.0000000	0.0000000	0.0000000	0.0000000	0.0000000	0.0000000	0.0000000	0.0000000	0.0000000	0.0000000	0.0000000	0.0000000	0.0000000	0.0000000	0.0000000	0.0000000	0.0000000	0.0000000	0.0000000	0.0000000	4.9219753e-09	6.8238085e-07	4.6599376e-05	0.0016901482	0.033130425	0.35463778	2.1133952	7.3647548	16.966725	30.094475	45.546160	61.945698	77.513419	90.054651	97.189190	96.891488	88.190612	71.957361	51.300383	30.944624	15.193928	5.8400567	1.7125852	0.38892457	0.073197522	0.012481230	0.0020693985	0.00034778654	6.0524234e-05	1.0972161e-05	2.0740915e-06	3.9091084e-07	0.0000000	0.0000000	0.0000000	0.0000000	0.0000000	0.0000000	0.0000000	0.0000000	0.0000000
13.8900	0.0000000	0.0000000	0.0000000	0.0000000	0.0000000	0.0000000	0.0000000	0.0000000	0.0000000	0.0000000	0.0000000	0.0000000	0.0000000	0.0000000	0.0000000	0.0000000	0.0000000	0.0000000	0.0000000	0.0000000	0.0000000	0.0000000	0.0000000	0.0000000	0.0000000	0.0000000	0.0000000	0.0000000	0.0000000	0.0000000	0.0000000	0.0000000	0.0000000	0.0000000	0.0000000	0.0000000	0.0000000	0.0000000	0.0000000	0.0000000	1.5475986e-09	2.4458606e-07	1.8832594e-05	0.00076434382	0.016658703	0.19710003	1.2905004	4.9009752	12.163054	22.981886	36.704322	52.291101	68.198988	82.388673	92.433234	95.803437	90.653968	76.876568	56.930569	35.624252	18.122311	7.2101141	2.1874239	0.51376012	0.099985942	0.017629184	0.0030218281	0.00052487073	9.4363174e-05	1.7663761e-05	3.4459834e-06	6.6995174e-07	0.0000000	0.0000000	0.0000000	0.0000000	0.0000000	0.0000000	0.0000000	0.0000000	0.0000000
16.0040	0.0000000	0.0000000	0.0000000	0.0000000	0.0000000	0.0000000	0.0000000	0.0000000	0.0000000	0.0000000	0.0000000	0.0000000	0.0000000	0.0000000	0.0000000	0.0000000	0.0000000	0.0000000	0.0000000	0.0000000	0.0000000	0.0000000	0.0000000	0.0000000	0.0000000	0.0000000	0.0000000	0.0000000	0.0000000	0.0000000	0.0000000	0.0000000	0.0000000	0.0000000	0.0000000	0.0000000	0.0000000	0.0000000	0.0000000	0.0000000	2.7549709e-09	3.9603310e-07	2.8005167e-05	0.0010487580	0.021135321	0.23157130	1.4080729	4.9971728	11.714975	21.143075	32.548976	45.003611	57.204003	67.457270	73.861857	74.706862	69.005547	57.159469	41.388066	25.363096	12.650841	4.9383489	1.4703481	0.33902154	0.064785409	0.011216070	0.0018878833	0.00032205116	5.6874132e-05	1.0458663e-05	2.0041518e-06	3.8256461e-07	0.0000000	0.0000000	0.0000000	0.0000000	0.0000000	0.0000000	0.0000000	0.0000000	0.0000000
10.7700	0.0000000	0.0000000	0.0000000	0.0000000	0.0000000	0.0000000	0.0000000	0.0000000	0.0000000	0.0000000	0.0000000	0.0000000	0.0000000	0.0000000	0.0000000	0.0000000	0.0000000	0.0000000	0.0000000	0.0000000	0.0000000	0.0000000	0.0000000	0.0000000	0.0000000	0.0000000	0.0000000	0.0000000	0.0000000	0.0000000	0.0000000	0.0000000	0.0000000	0.0000000	0.0000000	0.0000000	0.0000000	0.0000000	0.0000000	0.0000000	1.3343386e-10	3.0905606e-08	3.3552893e-06	0.00018519494	0.0053081543	0.080122923	0.65192855	3.0130124	8.9634819	20.044068	37.438653	61.667564	91.915677	125.34020	156.71035	178.84101	184.25341	168.37523	133.12129	88.203104	47.125396	19.529894	6.1309019	1.4860519	0.29898487	0.054837080	0.0098785023	0.0018193128	0.00034530875	6.7064995e-05	1.3302466e-05	2.5912068e-06	0.0000000	0.0000000	0.0000000	0.0000000	0.0000000	0.0000000	0.0000000	0.0000000	0.0000000
10.6570	0.0000000	0.0000000	0.0000000	0.0000000	0.0000000	0.0000000	0.0000000	0.0000000	0.0000000	0.0000000	0.0000000	0.0000000	0.0000000	0.0000000	0.0000000	0.0000000	0.0000000	0.0000000	0.0000000	0.0000000	0.0000000	0.0000000	0.0000000	0.0000000	0.0000000	0.0000000	0.0000000	0.0000000	0.0000000	0.0000000	0.0000000	0.0000000	0.0000000	0.0000000	0.0000000	0.0000000	0.0000000	0.0000000	0.0000000	0.0000000	7.5147694e-11	1.7601587e-08	1.9137748e-06	0.00010469372	0.0029422925	0.043176974	0.33989351	1.5190923	4.3908991	9.6321287	17.830532	29.367448	44.084115	60.863338	77.301431	89.771268	94.133983	87.450391	70.124309	47.009189	25.388518	10.643107	3.3813341	0.82768143	0.16717295	0.030467961	0.0053785252	0.00095888006	0.00017641231	3.3705205e-05	6.6967826e-06	1.3236017e-06	0.0000000	0.0000000	0.0000000	0.0000000	0.0000000	0.0000000	0.0000000	0.0000000	0.0000000
12.6800	0.0000000	0.0000000	0.0000000	0.0000000	0.0000000	0.0000000	0.0000000	0.0000000	0.0000000	0.0000000	0.0000000	0.0000000	0.0000000	0.0000000	0.0000000	0.0000000	0.0000000	0.0000000	0.0000000	0.0000000	0.0000000	0.0000000	0.0000000	0.0000000	0.0000000	0.0000000	0.0000000	0.0000000	0.0000000	0.0000000	0.0000000	0.0000000	0.0000000	0.0000000	0.0000000	0.0000000	0.0000000	0.0000000	0.0000000	0.0000000	4.7176374e-10	8.1294616e-08	6.7745262e-06	0.00029593968	0.0069084596	0.087028839	0.60136008	2.3797598	6.0922185	11.792214	19.192450	27.777216	36.786573	45.178147	51.520694	54.245392	52.084012	44.732835	33.480434	21.156339	10.862862	4.3600190	1.3337685	0.31569321	0.061855145	0.010963505	0.0018856744	0.00032795241	5.8903910e-05	1.0990269e-05	2.1322259e-06	4.1138450e-07	0.0000000	0.0000000	0.0000000	0.0000000	0.0000000	0.0000000	0.0000000	0.0000000	0.0000000
11.0230	0.0000000	0.0000000	0.0000000	0.0000000	0.0000000	0.0000000	0.0000000	0.0000000	0.0000000	0.0000000	0.0000000	0.0000000	0.0000000	0.0000000	0.0000000	0.0000000	0.0000000	0.0000000	0.0000000	0.0000000	0.0000000	0.0000000	0.0000000	0.0000000	0.0000000	0.0000000	0.0000000	0.0000000	0.0000000	0.0000000	0.0000000	0.0000000	0.0000000	0.0000000	0.0000000	0.0000000	0.0000000	0.0000000	0.0000000	0.0000000	4.3601461e-11	9.8305134e-09	1.0480748e-06	5.7122893e-05	0.0016183607	0.024075140	0.19254820	0.87381419	2.5560625	5.6422636	10.462542	17.208754	25.737678	35.701333	46.780256	55.976104	60.472774	57.957699	48.074615	33.437368	18.766030	8.1734981	2.6925448	0.68085180	0.14141074	0.026377464	0.0047429144	0.00085724948	0.00015932103	3.0674892e-05	6.1315949e-06	1.2177922e-06	0.0000000	0.0000000	0.0000000	0.0000000	0.0000000	0.0000000	0.0000000	0.0000000	0.0000000
10.1150	0.0000000	0.0000000	0.0000000	0.0000000	0.0000000	0.0000000	0.0000000	0.0000000	0.0000000	0.0000000	0.0000000	0.0000000	0.0000000	0.0000000	0.0000000	0.0000000	0.0000000	0.0000000	0.0000000	0.0000000	0.0000000	0.0000000	0.0000000	0.0000000	0.0000000	0.0000000	0.0000000	0.0000000	0.0000000	0.0000000	0.0000000	0.0000000	0.0000000	0.0000000	0.0000000	0.0000000	0.0000000	0.0000000	0.0000000	0.0000000	6.2878953e-12	1.5991217e-09	1.8938712e-07	1.1337473e-05	0.00035062235	0.0056833467	0.049441456	0.24329455	0.76754188	1.8119923	3.5564526	6.1301574	9.5264049	13.500973	17.495325	20.644452	21.927916	20.583451	16.641929	11.215444	6.0645780	2.5480014	0.81797061	0.20542751	0.043230858	0.0082855068	0.0015418174	0.00028857577	5.5352758e-05	1.0952133e-05	2.2392334e-06	4.5273471e-07	0.0000000	0.0000000	0.0000000	0.0000000	0.0000000	0.0000000	0.0000000	0.0000000	0.0000000
