# DO NOT EDIT: written Thu Mar 14 18:48:37 2019 by wrt_emiss_fe17.pro
# faked emissivities [1e-23 ergs cm^3/s] for Fe17 lines from Del Zanna 2011, A&A 536, A59
# emissivities include ion balance, but not abundance, and are spline and ion balance jittered off of emiss_Fe17_00000.txt
# line 6 -- SEED, LOGT
# lines 7+ -- WVL, EMISSIVITY
      798603	4.00	4.05	4.10	4.15	4.20	4.25	4.30	4.35	4.40	4.45	4.50	4.55	4.60	4.65	4.70	4.75	4.80	4.85	4.90	4.95	5.00	5.05	5.10	5.15	5.20	5.25	5.30	5.35	5.40	5.45	5.50	5.55	5.60	5.65	5.70	5.75	5.80	5.85	5.90	5.95	6.00	6.05	6.10	6.15	6.20	6.25	6.30	6.35	6.40	6.45	6.50	6.55	6.60	6.65	6.70	6.75	6.80	6.85	6.90	6.95	7.00	7.05	7.10	7.15	7.20	7.25	7.30	7.35	7.40	7.45	7.50	7.55	7.60	7.65	7.70	7.75	7.80	7.85	7.90	7.95	8.00
15.0130	0.0000000	0.0000000	0.0000000	0.0000000	0.0000000	0.0000000	0.0000000	0.0000000	0.0000000	0.0000000	0.0000000	0.0000000	0.0000000	0.0000000	0.0000000	0.0000000	0.0000000	0.0000000	0.0000000	0.0000000	0.0000000	0.0000000	0.0000000	0.0000000	0.0000000	0.0000000	0.0000000	0.0000000	0.0000000	0.0000000	0.0000000	0.0000000	0.0000000	0.0000000	0.0000000	0.0000000	0.0000000	0.0000000	0.0000000	0.0000000	9.8378101e-09	2.9158375e-06	0.00028593897	0.015167388	0.43249234	6.5045173	50.186493	204.94123	521.40506	1011.1768	1653.6353	2418.0627	3246.5219	4044.3912	4680.7390	5008.0014	4898.0002	4301.5111	3307.1911	2154.4711	1142.2942	473.04044	148.77839	36.020267	7.1855610	1.2924829	0.22512722	0.039599064	0.0071884776	0.0013551954	0.00026578724	5.3821612e-05	0.0000000	0.0000000	0.0000000	0.0000000	0.0000000	0.0000000	0.0000000	0.0000000	0.0000000
17.0510	0.0000000	0.0000000	0.0000000	0.0000000	0.0000000	0.0000000	0.0000000	0.0000000	0.0000000	0.0000000	0.0000000	0.0000000	0.0000000	0.0000000	0.0000000	0.0000000	0.0000000	0.0000000	0.0000000	0.0000000	0.0000000	0.0000000	0.0000000	0.0000000	0.0000000	0.0000000	0.0000000	0.0000000	0.0000000	0.0000000	0.0000000	0.0000000	0.0000000	0.0000000	0.0000000	0.0000000	0.0000000	0.0000000	0.0000000	0.0000000	2.2325215e-08	5.9205012e-06	0.00053340158	0.026507621	0.71654376	10.270174	75.669957	295.46836	716.61397	1303.3959	2003.0395	2756.7112	3487.4788	4097.0525	4474.0250	4518.7467	4174.1832	3463.9076	2517.0785	1549.9629	776.94902	304.32133	90.603746	20.796729	3.9415351	0.67522533	0.11231153	0.018916667	0.0032974063	0.00059858098	0.00011331789	2.2192714e-05	0.0000000	0.0000000	0.0000000	0.0000000	0.0000000	0.0000000	0.0000000	0.0000000	0.0000000
17.0960	0.0000000	0.0000000	0.0000000	0.0000000	0.0000000	0.0000000	0.0000000	0.0000000	0.0000000	0.0000000	0.0000000	0.0000000	0.0000000	0.0000000	0.0000000	0.0000000	0.0000000	0.0000000	0.0000000	0.0000000	0.0000000	0.0000000	0.0000000	0.0000000	0.0000000	0.0000000	0.0000000	0.0000000	0.0000000	0.0000000	0.0000000	0.0000000	0.0000000	0.0000000	0.0000000	0.0000000	0.0000000	0.0000000	0.0000000	0.0000000	2.2498334e-08	5.7468746e-06	0.00049911646	0.023990088	0.63023983	8.8181989	63.645198	243.98378	581.77876	1041.3089	1575.8990	2137.1408	2665.3258	3087.7105	3325.9313	3314.0527	3020.1272	2471.9780	1770.8194	1073.9837	529.49565	203.61128	59.392260	13.329444	2.4655599	0.41158477	0.066632973	0.010913845	0.0018485795	0.00032584530	5.9857181e-05	1.1367472e-05	0.0000000	0.0000000	0.0000000	0.0000000	0.0000000	0.0000000	0.0000000	0.0000000	0.0000000
16.7760	0.0000000	0.0000000	0.0000000	0.0000000	0.0000000	0.0000000	0.0000000	0.0000000	0.0000000	0.0000000	0.0000000	0.0000000	0.0000000	0.0000000	0.0000000	0.0000000	0.0000000	0.0000000	0.0000000	0.0000000	0.0000000	0.0000000	0.0000000	0.0000000	0.0000000	0.0000000	0.0000000	0.0000000	0.0000000	0.0000000	0.0000000	0.0000000	0.0000000	0.0000000	0.0000000	0.0000000	0.0000000	0.0000000	0.0000000	0.0000000	1.8681817e-08	4.9235432e-06	0.00043933542	0.021599798	0.57858434	8.2408401	60.534449	236.46572	575.64772	1053.8683	1633.7301	2270.9110	2901.3870	3440.7693	3792.4770	3866.4976	3606.0066	3022.3081	2219.4128	1381.8911	686.35980	266.40185	78.679778	17.934030	3.3792489	0.57632742	0.095586393	0.016082067	0.0028056613	0.00051079786	9.7194817e-05	1.9177236e-05	0.0000000	0.0000000	0.0000000	0.0000000	0.0000000	0.0000000	0.0000000	0.0000000	0.0000000
15.2620	0.0000000	0.0000000	0.0000000	0.0000000	0.0000000	0.0000000	0.0000000	0.0000000	0.0000000	0.0000000	0.0000000	0.0000000	0.0000000	0.0000000	0.0000000	0.0000000	0.0000000	0.0000000	0.0000000	0.0000000	0.0000000	0.0000000	0.0000000	0.0000000	0.0000000	0.0000000	0.0000000	0.0000000	0.0000000	0.0000000	0.0000000	0.0000000	0.0000000	0.0000000	0.0000000	0.0000000	0.0000000	0.0000000	0.0000000	0.0000000	3.1728571e-09	9.4228313e-07	9.3979555e-05	0.0051198668	0.15047940	2.3272735	18.375837	76.434373	196.46170	377.08502	609.55997	880.46568	1167.1511	1434.9784	1638.4791	1729.0645	1667.6683	1444.1932	1094.9235	703.44408	367.89027	150.32375	46.670635	11.160565	2.2008562	0.39174023	0.067606759	0.011800102	0.0021292484	0.00039978871	7.8257153e-05	1.5846782e-05	0.0000000	0.0000000	0.0000000	0.0000000	0.0000000	0.0000000	0.0000000	0.0000000	0.0000000
12.1240	0.0000000	0.0000000	0.0000000	0.0000000	0.0000000	0.0000000	0.0000000	0.0000000	0.0000000	0.0000000	0.0000000	0.0000000	0.0000000	0.0000000	0.0000000	0.0000000	0.0000000	0.0000000	0.0000000	0.0000000	0.0000000	0.0000000	0.0000000	0.0000000	0.0000000	0.0000000	0.0000000	0.0000000	0.0000000	0.0000000	0.0000000	0.0000000	0.0000000	0.0000000	0.0000000	0.0000000	0.0000000	0.0000000	0.0000000	0.0000000	2.1786667e-10	8.1850861e-08	1.0005600e-05	0.00065000852	0.022254057	0.39295071	3.4823037	16.112885	45.948523	97.589064	174.00036	276.07650	400.01346	534.46377	659.07514	746.29189	767.56243	704.77843	563.52122	379.85034	207.37946	88.035272	28.271004	6.9662833	1.4106847	0.25695943	0.045223594	0.0080208630	0.0014653925	0.00027755613	5.4589144e-05	1.1062405e-05	0.0000000	0.0000000	0.0000000	0.0000000	0.0000000	0.0000000	0.0000000	0.0000000	0.0000000
12.2640	0.0000000	0.0000000	0.0000000	0.0000000	0.0000000	0.0000000	0.0000000	0.0000000	0.0000000	0.0000000	0.0000000	0.0000000	0.0000000	0.0000000	0.0000000	0.0000000	0.0000000	0.0000000	0.0000000	0.0000000	0.0000000	0.0000000	0.0000000	0.0000000	0.0000000	0.0000000	0.0000000	0.0000000	0.0000000	0.0000000	0.0000000	0.0000000	0.0000000	0.0000000	0.0000000	0.0000000	0.0000000	0.0000000	0.0000000	0.0000000	2.0598069e-10	7.6505943e-08	9.2885872e-06	0.00060250058	0.020716574	0.36967653	3.3298645	15.641186	44.984391	95.806623	170.53163	269.29527	387.77511	514.93122	631.69073	712.65192	731.35347	670.79489	536.19578	361.65921	197.79534	84.209354	27.148650	6.7220710	1.3675617	0.24874897	0.043756498	0.0077623055	0.0014192320	0.00026913045	5.3012263e-05	1.0762284e-05	0.0000000	0.0000000	0.0000000	0.0000000	0.0000000	0.0000000	0.0000000	0.0000000	0.0000000
13.8250	0.0000000	0.0000000	0.0000000	0.0000000	0.0000000	0.0000000	0.0000000	0.0000000	0.0000000	0.0000000	0.0000000	0.0000000	0.0000000	0.0000000	0.0000000	0.0000000	0.0000000	0.0000000	0.0000000	0.0000000	0.0000000	0.0000000	0.0000000	0.0000000	0.0000000	0.0000000	0.0000000	0.0000000	0.0000000	0.0000000	0.0000000	0.0000000	0.0000000	0.0000000	0.0000000	0.0000000	0.0000000	0.0000000	0.0000000	0.0000000	3.8937867e-10	1.2344798e-07	1.3112637e-05	0.00076156368	0.023941607	0.39759138	3.3796837	15.130749	41.706823	85.459066	146.87314	224.74133	314.78270	408.35437	491.59857	546.27153	553.65604	502.25828	397.24437	264.98632	143.25602	60.270814	19.201953	4.6994768	0.94651671	0.17180592	0.030194285	0.0053591452	0.00098179758	0.00018681243	3.6970380e-05	7.5492359e-06	0.0000000	0.0000000	0.0000000	0.0000000	0.0000000	0.0000000	0.0000000	0.0000000	0.0000000
15.4530	0.0000000	0.0000000	0.0000000	0.0000000	0.0000000	0.0000000	0.0000000	0.0000000	0.0000000	0.0000000	0.0000000	0.0000000	0.0000000	0.0000000	0.0000000	0.0000000	0.0000000	0.0000000	0.0000000	0.0000000	0.0000000	0.0000000	0.0000000	0.0000000	0.0000000	0.0000000	0.0000000	0.0000000	0.0000000	0.0000000	0.0000000	0.0000000	0.0000000	0.0000000	0.0000000	0.0000000	0.0000000	0.0000000	0.0000000	0.0000000	1.0607087e-09	3.0164127e-07	2.8811481e-05	0.0015041449	0.042424629	0.63072269	4.7942045	19.213600	47.589020	87.972817	136.80422	189.75662	241.03441	283.22007	308.13487	308.84867	282.01222	230.44218	164.28492	98.894754	48.299285	18.380157	5.3041092	1.1779484	0.21575516	0.035703282	0.0057376140	0.00093448488	0.00015774082	2.7782879e-05	5.1151604e-06	9.7693142e-07	0.0000000	0.0000000	0.0000000	0.0000000	0.0000000	0.0000000	0.0000000	0.0000000	0.0000000
11.2500	0.0000000	0.0000000	0.0000000	0.0000000	0.0000000	0.0000000	0.0000000	0.0000000	0.0000000	0.0000000	0.0000000	0.0000000	0.0000000	0.0000000	0.0000000	0.0000000	0.0000000	0.0000000	0.0000000	0.0000000	0.0000000	0.0000000	0.0000000	0.0000000	0.0000000	0.0000000	0.0000000	0.0000000	0.0000000	0.0000000	0.0000000	0.0000000	0.0000000	0.0000000	0.0000000	0.0000000	0.0000000	0.0000000	0.0000000	0.0000000	3.3380833e-11	1.4034221e-08	2.0667309e-06	0.00016547399	0.0067954859	0.13229699	1.2682669	6.2828741	18.918545	41.924305	77.211551	125.50388	185.10637	250.58184	312.02011	356.00596	368.41096	339.48747	263.83778	172.99606	92.131557	38.336608	12.149546	2.9755642	0.60258540	0.11031999	0.019585307	0.0035118234	0.00064922692	0.00012438000	2.4703632e-05	5.0440452e-06	0.0000000	0.0000000	0.0000000	0.0000000	0.0000000	0.0000000	0.0000000	0.0000000	0.0000000
11.1290	0.0000000	0.0000000	0.0000000	0.0000000	0.0000000	0.0000000	0.0000000	0.0000000	0.0000000	0.0000000	0.0000000	0.0000000	0.0000000	0.0000000	0.0000000	0.0000000	0.0000000	0.0000000	0.0000000	0.0000000	0.0000000	0.0000000	0.0000000	0.0000000	0.0000000	0.0000000	0.0000000	0.0000000	0.0000000	0.0000000	0.0000000	0.0000000	0.0000000	0.0000000	0.0000000	0.0000000	0.0000000	0.0000000	0.0000000	0.0000000	2.2616388e-11	9.5532388e-09	1.3106994e-06	9.5658561e-05	0.0036910372	0.073812368	0.74462622	3.8914855	12.246437	27.814449	50.971908	79.038781	104.49594	133.98041	167.05926	190.82043	197.63670	182.47931	146.54081	99.127847	54.289463	23.115617	7.4453708	1.8403294	0.37395217	0.068383109	0.012086238	0.0021531455	0.00039515691	7.5185748e-05	1.4854202e-05	3.0235660e-06	0.0000000	0.0000000	0.0000000	0.0000000	0.0000000	0.0000000	0.0000000	0.0000000	0.0000000
16.3360	0.0000000	0.0000000	0.0000000	0.0000000	0.0000000	0.0000000	0.0000000	0.0000000	0.0000000	0.0000000	0.0000000	0.0000000	0.0000000	0.0000000	0.0000000	0.0000000	0.0000000	0.0000000	0.0000000	0.0000000	0.0000000	0.0000000	0.0000000	0.0000000	0.0000000	0.0000000	0.0000000	0.0000000	0.0000000	0.0000000	0.0000000	0.0000000	0.0000000	0.0000000	0.0000000	0.0000000	0.0000000	0.0000000	0.0000000	0.0000000	4.5262387e-10	1.2155713e-07	1.1021869e-05	0.00054901884	0.014865084	0.21352005	1.5769869	6.1717135	14.994817	27.288857	41.919762	57.631293	72.803259	85.400766	93.141941	93.984330	86.760697	71.966816	52.277206	32.186076	16.137008	6.3242824	1.8845871	0.43314135	0.082242056	0.014123558	0.0023569323	0.00039868251	6.9864554e-05	1.2761555e-05	2.4316565e-06	4.7900672e-07	0.0000000	0.0000000	0.0000000	0.0000000	0.0000000	0.0000000	0.0000000	0.0000000	0.0000000
13.8900	0.0000000	0.0000000	0.0000000	0.0000000	0.0000000	0.0000000	0.0000000	0.0000000	0.0000000	0.0000000	0.0000000	0.0000000	0.0000000	0.0000000	0.0000000	0.0000000	0.0000000	0.0000000	0.0000000	0.0000000	0.0000000	0.0000000	0.0000000	0.0000000	0.0000000	0.0000000	0.0000000	0.0000000	0.0000000	0.0000000	0.0000000	0.0000000	0.0000000	0.0000000	0.0000000	0.0000000	0.0000000	0.0000000	0.0000000	0.0000000	1.2677637e-10	3.8676067e-08	3.9468510e-06	0.00021999462	0.0066351347	0.10572595	0.86238430	3.7022588	9.7646779	19.093741	31.264234	45.487631	60.485670	74.460291	85.246073	90.291344	87.441842	76.010370	57.774195	37.139754	19.404700	7.9140655	2.4521767	0.58575105	0.11557700	0.020625049	0.0035740268	0.00062688046	0.00011367785	2.1431832e-05	4.2039365e-06	8.5055720e-07	0.0000000	0.0000000	0.0000000	0.0000000	0.0000000	0.0000000	0.0000000	0.0000000	0.0000000
16.0040	0.0000000	0.0000000	0.0000000	0.0000000	0.0000000	0.0000000	0.0000000	0.0000000	0.0000000	0.0000000	0.0000000	0.0000000	0.0000000	0.0000000	0.0000000	0.0000000	0.0000000	0.0000000	0.0000000	0.0000000	0.0000000	0.0000000	0.0000000	0.0000000	0.0000000	0.0000000	0.0000000	0.0000000	0.0000000	0.0000000	0.0000000	0.0000000	0.0000000	0.0000000	0.0000000	0.0000000	0.0000000	0.0000000	0.0000000	0.0000000	2.6150946e-10	7.2202258e-08	6.7720049e-06	0.00034985885	0.0098167390	0.14569742	1.1077437	4.4432093	11.009314	20.357856	31.700013	44.126204	56.451587	67.182760	74.616915	77.110993	73.335041	62.851413	47.160206	29.900201	15.376506	6.1569109	1.8674355	0.43536402	0.083589784	0.014473315	0.0024285148	0.00041199041	7.2232318e-05	1.3169534e-05	2.4998285e-06	4.8993120e-07	0.0000000	0.0000000	0.0000000	0.0000000	0.0000000	0.0000000	0.0000000	0.0000000	0.0000000
10.7700	0.0000000	0.0000000	0.0000000	0.0000000	0.0000000	0.0000000	0.0000000	0.0000000	0.0000000	0.0000000	0.0000000	0.0000000	0.0000000	0.0000000	0.0000000	0.0000000	0.0000000	0.0000000	0.0000000	0.0000000	0.0000000	0.0000000	0.0000000	0.0000000	0.0000000	0.0000000	0.0000000	0.0000000	0.0000000	0.0000000	0.0000000	0.0000000	0.0000000	0.0000000	0.0000000	0.0000000	0.0000000	0.0000000	0.0000000	0.0000000	1.3719156e-11	6.0460890e-09	8.5685747e-07	6.3931787e-05	0.0024948154	0.049886918	0.49743986	2.5570456	7.9574504	18.136747	34.208407	56.750081	85.211308	117.25736	148.32463	171.83214	180.42703	168.78654	137.22446	93.888128	51.960675	22.338938	7.2599762	1.8094194	0.37047481	0.068222549	0.012134323	0.0021737169	0.00040079141	7.6537379e-05	1.5160160e-05	3.0901070e-06	0.0000000	0.0000000	0.0000000	0.0000000	0.0000000	0.0000000	0.0000000	0.0000000	0.0000000
10.6570	0.0000000	0.0000000	0.0000000	0.0000000	0.0000000	0.0000000	0.0000000	0.0000000	0.0000000	0.0000000	0.0000000	0.0000000	0.0000000	0.0000000	0.0000000	0.0000000	0.0000000	0.0000000	0.0000000	0.0000000	0.0000000	0.0000000	0.0000000	0.0000000	0.0000000	0.0000000	0.0000000	0.0000000	0.0000000	0.0000000	0.0000000	0.0000000	0.0000000	0.0000000	0.0000000	0.0000000	0.0000000	0.0000000	0.0000000	0.0000000	7.2187540e-12	3.2095825e-09	4.5631516e-07	3.3981858e-05	0.0013177756	0.026087256	0.25674763	1.3001891	3.9847340	8.9535473	16.680743	27.408741	40.900754	56.151146	71.162124	82.990654	88.179309	83.903867	69.669222	48.831248	27.737133	12.249157	4.0888837	1.0459272	0.21950378	0.041365924	0.0073221058	0.0013046498	0.00023966206	4.5685743e-05	9.0521254e-06	1.8497894e-06	0.0000000	0.0000000	0.0000000	0.0000000	0.0000000	0.0000000	0.0000000	0.0000000	0.0000000
12.6800	0.0000000	0.0000000	0.0000000	0.0000000	0.0000000	0.0000000	0.0000000	0.0000000	0.0000000	0.0000000	0.0000000	0.0000000	0.0000000	0.0000000	0.0000000	0.0000000	0.0000000	0.0000000	0.0000000	0.0000000	0.0000000	0.0000000	0.0000000	0.0000000	0.0000000	0.0000000	0.0000000	0.0000000	0.0000000	0.0000000	0.0000000	0.0000000	0.0000000	0.0000000	0.0000000	0.0000000	0.0000000	0.0000000	0.0000000	0.0000000	4.9708659e-11	1.6792245e-08	1.8724493e-06	0.00011238399	0.0036278541	0.061434886	0.52731864	2.3497444	6.3564218	12.569770	20.647615	29.997163	39.778798	48.870917	55.751208	58.766015	56.569510	48.802981	36.763400	23.423632	12.137237	4.9131517	1.5125610	0.35941670	0.070619412	0.012560836	0.0021726737	0.00038119989	6.9311514e-05	1.3121906e-05	2.5860387e-06	5.2559403e-07	0.0000000	0.0000000	0.0000000	0.0000000	0.0000000	0.0000000	0.0000000	0.0000000	0.0000000
11.0230	0.0000000	0.0000000	0.0000000	0.0000000	0.0000000	0.0000000	0.0000000	0.0000000	0.0000000	0.0000000	0.0000000	0.0000000	0.0000000	0.0000000	0.0000000	0.0000000	0.0000000	0.0000000	0.0000000	0.0000000	0.0000000	0.0000000	0.0000000	0.0000000	0.0000000	0.0000000	0.0000000	0.0000000	0.0000000	0.0000000	0.0000000	0.0000000	0.0000000	0.0000000	0.0000000	0.0000000	0.0000000	0.0000000	0.0000000	0.0000000	5.1997621e-12	2.2558033e-09	3.1838534e-07	2.3861027e-05	0.00093920624	0.018952016	0.19088500	0.99330075	3.1308199	7.2139960	13.731640	22.967137	34.721947	48.009400	60.841102	70.369344	73.554618	68.357933	55.143928	37.421237	20.545287	8.7630929	2.8242755	0.69757069	0.14143540	0.025781348	0.0045411062	0.00080673672	0.00014799682	2.8264478e-05	5.6357664e-06	1.1652173e-06	0.0000000	0.0000000	0.0000000	0.0000000	0.0000000	0.0000000	0.0000000	0.0000000	0.0000000
10.1150	0.0000000	0.0000000	0.0000000	0.0000000	0.0000000	0.0000000	0.0000000	0.0000000	0.0000000	0.0000000	0.0000000	0.0000000	0.0000000	0.0000000	0.0000000	0.0000000	0.0000000	0.0000000	0.0000000	0.0000000	0.0000000	0.0000000	0.0000000	0.0000000	0.0000000	0.0000000	0.0000000	0.0000000	0.0000000	0.0000000	0.0000000	0.0000000	0.0000000	0.0000000	0.0000000	0.0000000	0.0000000	0.0000000	0.0000000	0.0000000	7.0670436e-13	3.4646515e-10	5.4032654e-08	4.3908394e-06	0.00018490596	0.0039574382	0.041930932	0.22756914	0.74343466	1.7687127	3.4636584	5.9396080	9.1868919	12.988962	16.853355	20.009489	21.512591	20.582654	17.091979	11.926133	6.7205297	2.9394996	0.97182555	0.24651466	0.051414920	0.0096561687	0.0017537107	0.00032105048	6.0529048e-05	1.1824121e-05	2.3965524e-06	5.0000416e-07	0.0000000	0.0000000	0.0000000	0.0000000	0.0000000	0.0000000	0.0000000	0.0000000	0.0000000
