# DO NOT EDIT: written Thu Mar 14 18:48:37 2019 by wrt_emiss_fe17.pro
# faked emissivities [1e-23 ergs cm^3/s] for Fe17 lines from Del Zanna 2011, A&A 536, A59
# emissivities include ion balance, but not abundance, and are spline and ion balance jittered off of emiss_Fe17_00000.txt
# line 6 -- SEED, LOGT
# lines 7+ -- WVL, EMISSIVITY
      280444	4.00	4.05	4.10	4.15	4.20	4.25	4.30	4.35	4.40	4.45	4.50	4.55	4.60	4.65	4.70	4.75	4.80	4.85	4.90	4.95	5.00	5.05	5.10	5.15	5.20	5.25	5.30	5.35	5.40	5.45	5.50	5.55	5.60	5.65	5.70	5.75	5.80	5.85	5.90	5.95	6.00	6.05	6.10	6.15	6.20	6.25	6.30	6.35	6.40	6.45	6.50	6.55	6.60	6.65	6.70	6.75	6.80	6.85	6.90	6.95	7.00	7.05	7.10	7.15	7.20	7.25	7.30	7.35	7.40	7.45	7.50	7.55	7.60	7.65	7.70	7.75	7.80	7.85	7.90	7.95	8.00
15.0130	0.0000000	0.0000000	0.0000000	0.0000000	0.0000000	0.0000000	0.0000000	0.0000000	0.0000000	0.0000000	0.0000000	0.0000000	0.0000000	0.0000000	0.0000000	0.0000000	0.0000000	0.0000000	0.0000000	0.0000000	0.0000000	0.0000000	0.0000000	0.0000000	0.0000000	0.0000000	0.0000000	0.0000000	0.0000000	0.0000000	0.0000000	0.0000000	0.0000000	0.0000000	0.0000000	0.0000000	0.0000000	0.0000000	0.0000000	0.0000000	8.3335198e-08	1.3293000e-05	0.0010241534	0.042021662	0.93509914	11.373534	76.242810	292.74522	730.91186	1393.6995	2258.9267	3283.7723	4387.2699	5438.5699	6259.5813	6653.3369	6455.6126	5615.6637	4270.4471	2748.7995	1439.9849	589.97997	184.08881	44.359638	8.8304077	1.5875184	0.27661176	0.048694094	0.0088480262	0.0016697734	0.00032779559	6.4738577e-05	0.0000000	0.0000000	0.0000000	0.0000000	0.0000000	0.0000000	0.0000000	0.0000000	0.0000000
17.0510	0.0000000	0.0000000	0.0000000	0.0000000	0.0000000	0.0000000	0.0000000	0.0000000	0.0000000	0.0000000	0.0000000	0.0000000	0.0000000	0.0000000	0.0000000	0.0000000	0.0000000	0.0000000	0.0000000	0.0000000	0.0000000	0.0000000	0.0000000	0.0000000	0.0000000	0.0000000	0.0000000	0.0000000	0.0000000	0.0000000	0.0000000	0.0000000	0.0000000	0.0000000	0.0000000	0.0000000	0.0000000	0.0000000	0.0000000	0.0000000	1.7780521e-07	2.4824338e-05	0.0016970762	0.062439580	1.2551653	13.868759	84.855449	298.76279	687.33203	1213.8069	1831.4680	2490.8775	3128.7067	3663.9337	4002.8398	4054.7923	3761.0800	3134.2376	2286.3924	1412.9974	711.09082	279.99548	83.997698	19.476153	3.7347660	0.64761049	0.10897255	0.018546059	0.0032609703	0.00059589319	0.00011328435	2.1658215e-05	0.0000000	0.0000000	0.0000000	0.0000000	0.0000000	0.0000000	0.0000000	0.0000000	0.0000000
17.0960	0.0000000	0.0000000	0.0000000	0.0000000	0.0000000	0.0000000	0.0000000	0.0000000	0.0000000	0.0000000	0.0000000	0.0000000	0.0000000	0.0000000	0.0000000	0.0000000	0.0000000	0.0000000	0.0000000	0.0000000	0.0000000	0.0000000	0.0000000	0.0000000	0.0000000	0.0000000	0.0000000	0.0000000	0.0000000	0.0000000	0.0000000	0.0000000	0.0000000	0.0000000	0.0000000	0.0000000	0.0000000	0.0000000	0.0000000	0.0000000	1.6514748e-07	2.2825681e-05	0.0015446474	0.056353230	1.1268898	12.421249	75.927759	267.02098	612.65616	1076.2868	1610.4269	2164.7166	2677.5077	3075.4244	3282.1115	3236.5270	2914.7873	2354.0046	1661.5381	991.97030	481.47319	182.54639	52.655122	11.726597	2.1585976	0.35928973	0.058067678	0.0095029040	0.0016092050	0.00028374114	5.2165402e-05	9.6671876e-06	0.0000000	0.0000000	0.0000000	0.0000000	0.0000000	0.0000000	0.0000000	0.0000000	0.0000000
16.7760	0.0000000	0.0000000	0.0000000	0.0000000	0.0000000	0.0000000	0.0000000	0.0000000	0.0000000	0.0000000	0.0000000	0.0000000	0.0000000	0.0000000	0.0000000	0.0000000	0.0000000	0.0000000	0.0000000	0.0000000	0.0000000	0.0000000	0.0000000	0.0000000	0.0000000	0.0000000	0.0000000	0.0000000	0.0000000	0.0000000	0.0000000	0.0000000	0.0000000	0.0000000	0.0000000	0.0000000	0.0000000	0.0000000	0.0000000	0.0000000	1.2596282e-07	1.8307787e-05	0.0012921728	0.048814842	1.0051896	11.367457	70.989225	254.38830	596.44121	1073.6172	1649.5436	2279.4322	2889.0687	3385.8433	3681.2658	3694.2621	3383.4987	2778.3437	1994.7696	1212.5100	599.99381	232.29727	68.536943	15.635936	2.9523651	0.50465725	0.083839473	0.014115289	0.0024610374	0.00044716788	8.4792521e-05	1.6222731e-05	0.0000000	0.0000000	0.0000000	0.0000000	0.0000000	0.0000000	0.0000000	0.0000000	0.0000000
15.2620	0.0000000	0.0000000	0.0000000	0.0000000	0.0000000	0.0000000	0.0000000	0.0000000	0.0000000	0.0000000	0.0000000	0.0000000	0.0000000	0.0000000	0.0000000	0.0000000	0.0000000	0.0000000	0.0000000	0.0000000	0.0000000	0.0000000	0.0000000	0.0000000	0.0000000	0.0000000	0.0000000	0.0000000	0.0000000	0.0000000	0.0000000	0.0000000	0.0000000	0.0000000	0.0000000	0.0000000	0.0000000	0.0000000	0.0000000	0.0000000	2.3341856e-08	3.6881966e-06	0.00028141913	0.011427462	0.25132101	3.0142239	19.865883	74.785639	182.62566	339.92387	537.04983	760.35851	988.78749	1192.3987	1334.5137	1390.3550	1342.2634	1162.1870	879.95043	564.08663	294.34880	120.14550	37.351004	8.9681883	1.7790620	0.31877495	0.055368111	0.0097178324	0.0017608761	0.00033145021	6.4914028e-05	1.2792134e-05	0.0000000	0.0000000	0.0000000	0.0000000	0.0000000	0.0000000	0.0000000	0.0000000	0.0000000
12.1240	0.0000000	0.0000000	0.0000000	0.0000000	0.0000000	0.0000000	0.0000000	0.0000000	0.0000000	0.0000000	0.0000000	0.0000000	0.0000000	0.0000000	0.0000000	0.0000000	0.0000000	0.0000000	0.0000000	0.0000000	0.0000000	0.0000000	0.0000000	0.0000000	0.0000000	0.0000000	0.0000000	0.0000000	0.0000000	0.0000000	0.0000000	0.0000000	0.0000000	0.0000000	0.0000000	0.0000000	0.0000000	0.0000000	0.0000000	0.0000000	1.4285115e-09	2.9595609e-07	2.8822195e-05	0.0014582537	0.039117137	0.56171876	4.3626309	19.092611	53.565498	113.28179	201.17093	316.72381	453.16722	594.94263	717.47737	790.88738	787.93110	696.78754	533.18228	341.71080	176.59679	70.877599	21.555623	5.1976057	1.0481611	0.19058861	0.033536052	0.0059532269	0.0010893719	0.00020677934	4.0772360e-05	8.0747033e-06	0.0000000	0.0000000	0.0000000	0.0000000	0.0000000	0.0000000	0.0000000	0.0000000	0.0000000
12.2640	0.0000000	0.0000000	0.0000000	0.0000000	0.0000000	0.0000000	0.0000000	0.0000000	0.0000000	0.0000000	0.0000000	0.0000000	0.0000000	0.0000000	0.0000000	0.0000000	0.0000000	0.0000000	0.0000000	0.0000000	0.0000000	0.0000000	0.0000000	0.0000000	0.0000000	0.0000000	0.0000000	0.0000000	0.0000000	0.0000000	0.0000000	0.0000000	0.0000000	0.0000000	0.0000000	0.0000000	0.0000000	0.0000000	0.0000000	0.0000000	1.2527438e-09	2.5176935e-07	2.3856795e-05	0.0011781267	0.030940403	0.43617291	3.3325724	14.364621	39.717270	82.862699	145.40114	226.72489	322.30601	422.10166	509.98929	565.74152	569.87857	512.13483	400.50693	264.04713	141.18786	58.870981	18.650004	4.5554389	0.91814054	0.16691580	0.029371582	0.0052146392	0.00095434416	0.00018115929	3.5718029e-05	7.0721762e-06	0.0000000	0.0000000	0.0000000	0.0000000	0.0000000	0.0000000	0.0000000	0.0000000	0.0000000
13.8250	0.0000000	0.0000000	0.0000000	0.0000000	0.0000000	0.0000000	0.0000000	0.0000000	0.0000000	0.0000000	0.0000000	0.0000000	0.0000000	0.0000000	0.0000000	0.0000000	0.0000000	0.0000000	0.0000000	0.0000000	0.0000000	0.0000000	0.0000000	0.0000000	0.0000000	0.0000000	0.0000000	0.0000000	0.0000000	0.0000000	0.0000000	0.0000000	0.0000000	0.0000000	0.0000000	0.0000000	0.0000000	0.0000000	0.0000000	0.0000000	2.8448619e-09	4.8170696e-07	3.9410675e-05	0.0017209056	0.040867999	0.53153353	3.8104542	15.606751	41.335379	83.115079	141.35761	214.79555	299.18700	386.14483	462.45197	510.95599	514.49202	463.24271	363.35733	240.29647	128.88258	53.910269	17.137405	4.2018986	0.85069422	0.15554601	0.027568689	0.0049370271	0.00091250103	0.00017509062	3.4912403e-05	6.9912221e-06	0.0000000	0.0000000	0.0000000	0.0000000	0.0000000	0.0000000	0.0000000	0.0000000	0.0000000
15.4530	0.0000000	0.0000000	0.0000000	0.0000000	0.0000000	0.0000000	0.0000000	0.0000000	0.0000000	0.0000000	0.0000000	0.0000000	0.0000000	0.0000000	0.0000000	0.0000000	0.0000000	0.0000000	0.0000000	0.0000000	0.0000000	0.0000000	0.0000000	0.0000000	0.0000000	0.0000000	0.0000000	0.0000000	0.0000000	0.0000000	0.0000000	0.0000000	0.0000000	0.0000000	0.0000000	0.0000000	0.0000000	0.0000000	0.0000000	0.0000000	6.6780950e-09	1.0151226e-06	7.4688483e-05	0.0029299649	0.062358492	0.72496346	4.6386278	16.971184	40.297670	72.928859	111.96406	153.87275	193.97499	260.43432	322.09624	295.27762	221.02482	179.37557	127.02058	76.004187	36.963454	14.047397	4.0642391	0.90862024	0.16805076	0.028128823	0.0045749830	0.00075394896	0.00012864789	2.2869849e-05	4.2407768e-06	7.9281034e-07	0.0000000	0.0000000	0.0000000	0.0000000	0.0000000	0.0000000	0.0000000	0.0000000	0.0000000
11.2500	0.0000000	0.0000000	0.0000000	0.0000000	0.0000000	0.0000000	0.0000000	0.0000000	0.0000000	0.0000000	0.0000000	0.0000000	0.0000000	0.0000000	0.0000000	0.0000000	0.0000000	0.0000000	0.0000000	0.0000000	0.0000000	0.0000000	0.0000000	0.0000000	0.0000000	0.0000000	0.0000000	0.0000000	0.0000000	0.0000000	0.0000000	0.0000000	0.0000000	0.0000000	0.0000000	0.0000000	0.0000000	0.0000000	0.0000000	0.0000000	3.3499178e-10	7.5594397e-08	7.9305530e-06	0.00042813818	0.012154067	0.18339206	1.4504028	5.8178852	16.101058	35.675672	68.098157	116.31224	181.73495	249.05899	308.41431	349.58551	358.89903	328.03541	260.46503	174.07118	94.199532	39.688215	12.684291	3.1209770	0.63287497	0.11566650	0.020448303	0.0036453763	0.00066960850	0.00012753163	2.5220744e-05	5.0073833e-06	0.0000000	0.0000000	0.0000000	0.0000000	0.0000000	0.0000000	0.0000000	0.0000000	0.0000000
11.1290	0.0000000	0.0000000	0.0000000	0.0000000	0.0000000	0.0000000	0.0000000	0.0000000	0.0000000	0.0000000	0.0000000	0.0000000	0.0000000	0.0000000	0.0000000	0.0000000	0.0000000	0.0000000	0.0000000	0.0000000	0.0000000	0.0000000	0.0000000	0.0000000	0.0000000	0.0000000	0.0000000	0.0000000	0.0000000	0.0000000	0.0000000	0.0000000	0.0000000	0.0000000	0.0000000	0.0000000	0.0000000	0.0000000	0.0000000	0.0000000	1.9273640e-10	4.4194438e-08	4.7031724e-06	0.00025714853	0.0073817929	0.11246251	0.91954739	4.2067342	12.261298	26.809110	49.039556	79.319435	116.41051	156.66984	193.69370	219.05633	224.26236	204.30667	161.62797	107.58836	57.981128	24.327264	7.7436836	1.8981797	0.38362018	0.069911275	0.012330761	0.0021944440	0.00040265692	7.6661665e-05	1.5167513e-05	3.0154509e-06	0.0000000	0.0000000	0.0000000	0.0000000	0.0000000	0.0000000	0.0000000	0.0000000	0.0000000
16.3360	0.0000000	0.0000000	0.0000000	0.0000000	0.0000000	0.0000000	0.0000000	0.0000000	0.0000000	0.0000000	0.0000000	0.0000000	0.0000000	0.0000000	0.0000000	0.0000000	0.0000000	0.0000000	0.0000000	0.0000000	0.0000000	0.0000000	0.0000000	0.0000000	0.0000000	0.0000000	0.0000000	0.0000000	0.0000000	0.0000000	0.0000000	0.0000000	0.0000000	0.0000000	0.0000000	0.0000000	0.0000000	0.0000000	0.0000000	0.0000000	3.9621223e-09	5.6815821e-07	3.9699868e-05	0.0014884584	0.030492525	0.34369806	2.1454483	7.6989723	18.013727	32.237404	49.094427	67.118662	84.392660	98.519167	106.85359	107.09017	98.032821	75.809170	51.044154	29.459640	14.039688	5.3058084	1.5461696	0.35181720	0.066742498	0.011515438	0.0019349621	0.00032933973	5.7913147e-05	1.0586441e-05	2.0146535e-06	3.8589204e-07	0.0000000	0.0000000	0.0000000	0.0000000	0.0000000	0.0000000	0.0000000	0.0000000	0.0000000
13.8900	0.0000000	0.0000000	0.0000000	0.0000000	0.0000000	0.0000000	0.0000000	0.0000000	0.0000000	0.0000000	0.0000000	0.0000000	0.0000000	0.0000000	0.0000000	0.0000000	0.0000000	0.0000000	0.0000000	0.0000000	0.0000000	0.0000000	0.0000000	0.0000000	0.0000000	0.0000000	0.0000000	0.0000000	0.0000000	0.0000000	0.0000000	0.0000000	0.0000000	0.0000000	0.0000000	0.0000000	0.0000000	0.0000000	0.0000000	0.0000000	1.0696320e-09	1.7701194e-07	1.4067918e-05	0.00059253563	0.013468685	0.16681549	1.1389289	4.4512762	11.252631	21.582675	34.990136	50.659568	67.235188	82.751686	94.664616	100.08964	96.618896	83.551627	63.038342	40.141107	20.745582	8.3663242	2.5652448	0.60693939	0.11862863	0.020952143	0.0035896679	0.00062196595	0.00011134390	2.0720357e-05	4.0131829e-06	7.8197839e-07	0.0000000	0.0000000	0.0000000	0.0000000	0.0000000	0.0000000	0.0000000	0.0000000	0.0000000
16.0040	0.0000000	0.0000000	0.0000000	0.0000000	0.0000000	0.0000000	0.0000000	0.0000000	0.0000000	0.0000000	0.0000000	0.0000000	0.0000000	0.0000000	0.0000000	0.0000000	0.0000000	0.0000000	0.0000000	0.0000000	0.0000000	0.0000000	0.0000000	0.0000000	0.0000000	0.0000000	0.0000000	0.0000000	0.0000000	0.0000000	0.0000000	0.0000000	0.0000000	0.0000000	0.0000000	0.0000000	0.0000000	0.0000000	0.0000000	0.0000000	2.2160974e-09	3.3805856e-07	2.5027051e-05	0.00098887138	0.021212146	0.24877824	1.5897830	5.8063836	13.813503	25.128207	38.878388	53.956208	68.798940	81.362350	89.331237	90.602180	83.927484	69.729510	50.646335	31.129827	15.565748	6.0845172	1.8109176	0.41654029	0.079270617	0.013651729	0.0022842868	0.00038725308	6.7101951e-05	1.1984587e-05	2.2235791e-06	4.1393413e-07	0.0000000	0.0000000	0.0000000	0.0000000	0.0000000	0.0000000	0.0000000	0.0000000	0.0000000
10.7700	0.0000000	0.0000000	0.0000000	0.0000000	0.0000000	0.0000000	0.0000000	0.0000000	0.0000000	0.0000000	0.0000000	0.0000000	0.0000000	0.0000000	0.0000000	0.0000000	0.0000000	0.0000000	0.0000000	0.0000000	0.0000000	0.0000000	0.0000000	0.0000000	0.0000000	0.0000000	0.0000000	0.0000000	0.0000000	0.0000000	0.0000000	0.0000000	0.0000000	0.0000000	0.0000000	0.0000000	0.0000000	0.0000000	0.0000000	0.0000000	9.2736074e-11	2.1776374e-08	2.3701740e-06	0.00013249964	0.0038903281	0.060654924	0.50765665	2.3758889	7.0760076	15.824729	29.508121	48.523502	72.265354	98.597856	123.55475	142.35071	149.02679	139.12022	113.00251	77.381443	42.986469	18.631786	6.1396229	1.5569368	0.32380659	0.060152610	0.010667031	0.0018839830	0.00034156626	6.4319113e-05	1.2602249e-05	2.4841486e-06	0.0000000	0.0000000	0.0000000	0.0000000	0.0000000	0.0000000	0.0000000	0.0000000	0.0000000
10.6570	0.0000000	0.0000000	0.0000000	0.0000000	0.0000000	0.0000000	0.0000000	0.0000000	0.0000000	0.0000000	0.0000000	0.0000000	0.0000000	0.0000000	0.0000000	0.0000000	0.0000000	0.0000000	0.0000000	0.0000000	0.0000000	0.0000000	0.0000000	0.0000000	0.0000000	0.0000000	0.0000000	0.0000000	0.0000000	0.0000000	0.0000000	0.0000000	0.0000000	0.0000000	0.0000000	0.0000000	0.0000000	0.0000000	0.0000000	0.0000000	5.7185287e-11	1.3791813e-08	1.5350659e-06	8.7395583e-05	0.0026035250	0.041039409	0.34609492	1.6273844	4.8564635	10.829484	20.139213	33.042043	49.119476	66.916267	83.734219	95.847970	99.292032	91.493201	73.167173	49.196825	26.758156	11.320087	3.6295781	0.89524622	0.18186048	0.033285564	0.0058937427	0.0010528157	0.00019389746	3.7051309e-05	7.3563692e-06	1.4671917e-06	0.0000000	0.0000000	0.0000000	0.0000000	0.0000000	0.0000000	0.0000000	0.0000000	0.0000000
12.6800	0.0000000	0.0000000	0.0000000	0.0000000	0.0000000	0.0000000	0.0000000	0.0000000	0.0000000	0.0000000	0.0000000	0.0000000	0.0000000	0.0000000	0.0000000	0.0000000	0.0000000	0.0000000	0.0000000	0.0000000	0.0000000	0.0000000	0.0000000	0.0000000	0.0000000	0.0000000	0.0000000	0.0000000	0.0000000	0.0000000	0.0000000	0.0000000	0.0000000	0.0000000	0.0000000	0.0000000	0.0000000	0.0000000	0.0000000	0.0000000	3.4037829e-10	6.1283541e-08	5.2743966e-06	0.00024017732	0.0059022100	0.078761399	0.57259455	2.3393428	6.0849989	11.865050	19.366845	28.037149	37.076741	45.414298	51.611759	54.130007	51.764738	44.287408	33.031635	20.812745	10.662781	4.2726080	1.3053956	0.30878278	0.060541701	0.010760812	0.0018613108	0.00032666728	5.9440554e-05	1.1281607e-05	2.2327221e-06	4.4451633e-07	0.0000000	0.0000000	0.0000000	0.0000000	0.0000000	0.0000000	0.0000000	0.0000000	0.0000000
11.0230	0.0000000	0.0000000	0.0000000	0.0000000	0.0000000	0.0000000	0.0000000	0.0000000	0.0000000	0.0000000	0.0000000	0.0000000	0.0000000	0.0000000	0.0000000	0.0000000	0.0000000	0.0000000	0.0000000	0.0000000	0.0000000	0.0000000	0.0000000	0.0000000	0.0000000	0.0000000	0.0000000	0.0000000	0.0000000	0.0000000	0.0000000	0.0000000	0.0000000	0.0000000	0.0000000	0.0000000	0.0000000	0.0000000	0.0000000	0.0000000	4.5110365e-11	8.7656028e-09	8.4509193e-07	4.7494205e-05	0.0014023861	0.021904754	0.18296542	0.85245548	2.5247601	5.6055928	10.426994	17.185906	25.748287	35.425048	44.805229	51.830281	54.260404	50.547313	40.898432	27.856061	15.370171	6.6037679	2.1510440	0.53877863	0.11103369	0.020588587	0.0049886601	0.00089981194	0.00016720584	3.2246691e-05	6.4679685e-06	1.3050025e-06	0.0000000	0.0000000	0.0000000	0.0000000	0.0000000	0.0000000	0.0000000	0.0000000	0.0000000
10.1150	0.0000000	0.0000000	0.0000000	0.0000000	0.0000000	0.0000000	0.0000000	0.0000000	0.0000000	0.0000000	0.0000000	0.0000000	0.0000000	0.0000000	0.0000000	0.0000000	0.0000000	0.0000000	0.0000000	0.0000000	0.0000000	0.0000000	0.0000000	0.0000000	0.0000000	0.0000000	0.0000000	0.0000000	0.0000000	0.0000000	0.0000000	0.0000000	0.0000000	0.0000000	0.0000000	0.0000000	0.0000000	0.0000000	0.0000000	0.0000000	4.5903934e-12	1.2219020e-09	1.5021737e-07	9.4439579e-06	0.00031023496	0.0053802723	0.049795078	0.25623356	0.83374123	1.9961632	3.8806469	6.6289466	10.226511	14.423822	18.661046	22.069379	23.600936	22.422223	18.458018	12.750797	7.1114304	3.0818915	1.0120838	0.25578507	0.053281534	0.010008702	0.0018194325	0.00033351161	6.2964260e-05	1.2316645e-05	2.4994965e-06	5.0873977e-07	0.0000000	0.0000000	0.0000000	0.0000000	0.0000000	0.0000000	0.0000000	0.0000000	0.0000000
