# DO NOT EDIT: written Thu Mar 14 18:48:37 2019 by wrt_emiss_fe17.pro
# faked emissivities [1e-23 ergs cm^3/s] for Fe17 lines from Del Zanna 2011, A&A 536, A59
# emissivities include ion balance, but not abundance, and are spline and ion balance jittered off of emiss_Fe17_00000.txt
# line 6 -- SEED, LOGT
# lines 7+ -- WVL, EMISSIVITY
      834625	4.00	4.05	4.10	4.15	4.20	4.25	4.30	4.35	4.40	4.45	4.50	4.55	4.60	4.65	4.70	4.75	4.80	4.85	4.90	4.95	5.00	5.05	5.10	5.15	5.20	5.25	5.30	5.35	5.40	5.45	5.50	5.55	5.60	5.65	5.70	5.75	5.80	5.85	5.90	5.95	6.00	6.05	6.10	6.15	6.20	6.25	6.30	6.35	6.40	6.45	6.50	6.55	6.60	6.65	6.70	6.75	6.80	6.85	6.90	6.95	7.00	7.05	7.10	7.15	7.20	7.25	7.30	7.35	7.40	7.45	7.50	7.55	7.60	7.65	7.70	7.75	7.80	7.85	7.90	7.95	8.00
15.0130	0.0000000	0.0000000	0.0000000	0.0000000	0.0000000	0.0000000	0.0000000	0.0000000	0.0000000	0.0000000	0.0000000	0.0000000	0.0000000	0.0000000	0.0000000	0.0000000	0.0000000	0.0000000	0.0000000	0.0000000	0.0000000	0.0000000	0.0000000	0.0000000	0.0000000	0.0000000	0.0000000	0.0000000	0.0000000	0.0000000	0.0000000	0.0000000	0.0000000	0.0000000	0.0000000	0.0000000	0.0000000	0.0000000	0.0000000	0.0000000	4.9582820e-09	2.1918740e-06	0.00023914558	0.014015336	0.43582398	7.0373976	57.403272	244.83015	642.67649	1256.4745	2062.9002	3014.7237	4024.0599	4954.2054	5638.2469	5914.9467	5668.6571	4885.4666	3693.8405	2371.2649	1241.3148	508.46087	158.44972	38.071502	7.5496658	1.3521672	0.23490972	0.041280851	0.0074990579	0.0014170312	0.00027900334	5.6903860e-05	0.0000000	0.0000000	0.0000000	0.0000000	0.0000000	0.0000000	0.0000000	0.0000000	0.0000000
17.0510	0.0000000	0.0000000	0.0000000	0.0000000	0.0000000	0.0000000	0.0000000	0.0000000	0.0000000	0.0000000	0.0000000	0.0000000	0.0000000	0.0000000	0.0000000	0.0000000	0.0000000	0.0000000	0.0000000	0.0000000	0.0000000	0.0000000	0.0000000	0.0000000	0.0000000	0.0000000	0.0000000	0.0000000	0.0000000	0.0000000	0.0000000	0.0000000	0.0000000	0.0000000	0.0000000	0.0000000	0.0000000	0.0000000	0.0000000	0.0000000	1.2205568e-08	4.7041451e-06	0.00045260236	0.023594866	0.65698408	9.5551377	70.596951	274.39390	660.82701	1194.1338	1826.4616	2507.0844	3174.1082	3762.8678	4202.3653	4387.3269	4194.7364	3592.3620	2686.3308	1697.7047	871.07679	345.32339	103.65069	23.970612	4.5743375	0.78853482	0.13189771	0.022326425	0.0039085424	0.00071206034	0.00013517774	2.6570511e-05	0.0000000	0.0000000	0.0000000	0.0000000	0.0000000	0.0000000	0.0000000	0.0000000	0.0000000
17.0960	0.0000000	0.0000000	0.0000000	0.0000000	0.0000000	0.0000000	0.0000000	0.0000000	0.0000000	0.0000000	0.0000000	0.0000000	0.0000000	0.0000000	0.0000000	0.0000000	0.0000000	0.0000000	0.0000000	0.0000000	0.0000000	0.0000000	0.0000000	0.0000000	0.0000000	0.0000000	0.0000000	0.0000000	0.0000000	0.0000000	0.0000000	0.0000000	0.0000000	0.0000000	0.0000000	0.0000000	0.0000000	0.0000000	0.0000000	0.0000000	1.3638925e-08	5.1992272e-06	0.00049478867	0.023765693	0.59295521	7.8029603	55.737099	215.84305	517.10901	927.42035	1404.1583	1902.9987	2369.7902	2739.4332	2942.8552	2923.2472	2654.8944	2201.4144	1637.8189	1028.5836	522.92560	206.26147	61.327510	13.942952	2.5990527	0.43535718	0.070473825	0.011508678	0.0019391773	0.00033946145	6.1858751e-05	1.1666211e-05	0.0000000	0.0000000	0.0000000	0.0000000	0.0000000	0.0000000	0.0000000	0.0000000	0.0000000
16.7760	0.0000000	0.0000000	0.0000000	0.0000000	0.0000000	0.0000000	0.0000000	0.0000000	0.0000000	0.0000000	0.0000000	0.0000000	0.0000000	0.0000000	0.0000000	0.0000000	0.0000000	0.0000000	0.0000000	0.0000000	0.0000000	0.0000000	0.0000000	0.0000000	0.0000000	0.0000000	0.0000000	0.0000000	0.0000000	0.0000000	0.0000000	0.0000000	0.0000000	0.0000000	0.0000000	0.0000000	0.0000000	0.0000000	0.0000000	0.0000000	8.8241910e-09	3.4366145e-06	0.00033321527	0.017491474	0.49115150	7.2199558	54.039948	213.21772	522.03687	959.55960	1492.3852	2080.3160	2664.5139	3166.7354	3496.8233	3570.2550	3333.1525	2795.1456	2052.5436	1277.0829	646.53736	255.52664	76.652238	17.694388	3.3655395	0.57732667	0.095930993	0.016105058	0.0027931032	0.00050378902	9.4681724e-05	1.8433962e-05	0.0000000	0.0000000	0.0000000	0.0000000	0.0000000	0.0000000	0.0000000	0.0000000	0.0000000
15.2620	0.0000000	0.0000000	0.0000000	0.0000000	0.0000000	0.0000000	0.0000000	0.0000000	0.0000000	0.0000000	0.0000000	0.0000000	0.0000000	0.0000000	0.0000000	0.0000000	0.0000000	0.0000000	0.0000000	0.0000000	0.0000000	0.0000000	0.0000000	0.0000000	0.0000000	0.0000000	0.0000000	0.0000000	0.0000000	0.0000000	0.0000000	0.0000000	0.0000000	0.0000000	0.0000000	0.0000000	0.0000000	0.0000000	0.0000000	0.0000000	1.6500956e-09	7.1590677e-07	7.6736412e-05	0.0044203680	0.13515810	2.1459871	17.210046	72.207649	186.72649	360.50008	586.51479	853.30976	1140.1726	1413.8568	1628.9964	1735.1785	1689.4967	1476.9564	1130.0741	732.33999	386.02223	158.79605	49.560020	11.892595	2.3485772	0.41769997	0.071887209	0.012494953	0.0022434034	0.00041888297	8.1489215e-05	1.6421064e-05	0.0000000	0.0000000	0.0000000	0.0000000	0.0000000	0.0000000	0.0000000	0.0000000	0.0000000
12.1240	0.0000000	0.0000000	0.0000000	0.0000000	0.0000000	0.0000000	0.0000000	0.0000000	0.0000000	0.0000000	0.0000000	0.0000000	0.0000000	0.0000000	0.0000000	0.0000000	0.0000000	0.0000000	0.0000000	0.0000000	0.0000000	0.0000000	0.0000000	0.0000000	0.0000000	0.0000000	0.0000000	0.0000000	0.0000000	0.0000000	0.0000000	0.0000000	0.0000000	0.0000000	0.0000000	0.0000000	0.0000000	0.0000000	0.0000000	0.0000000	1.0434806e-10	5.9433160e-08	8.1062318e-06	0.00057768605	0.021308363	0.39915944	3.7037865	17.675795	51.203435	109.16938	193.60557	303.37303	431.84489	564.89314	680.75723	753.12774	757.32145	680.73394	533.81664	353.75433	190.43520	79.979782	25.504091	6.2662009	1.2710882	0.23311706	0.041505964	0.0074710670	0.0013874116	0.00026711865	5.3328942e-05	1.0964303e-05	0.0000000	0.0000000	0.0000000	0.0000000	0.0000000	0.0000000	0.0000000	0.0000000	0.0000000
12.2640	0.0000000	0.0000000	0.0000000	0.0000000	0.0000000	0.0000000	0.0000000	0.0000000	0.0000000	0.0000000	0.0000000	0.0000000	0.0000000	0.0000000	0.0000000	0.0000000	0.0000000	0.0000000	0.0000000	0.0000000	0.0000000	0.0000000	0.0000000	0.0000000	0.0000000	0.0000000	0.0000000	0.0000000	0.0000000	0.0000000	0.0000000	0.0000000	0.0000000	0.0000000	0.0000000	0.0000000	0.0000000	0.0000000	0.0000000	0.0000000	1.0274693e-10	5.6792427e-08	7.5509418e-06	0.00052706699	0.019134908	0.35446368	3.2665161	15.537792	45.010133	96.318010	172.03898	272.29765	392.44921	520.73624	637.06297	715.10713	728.44246	661.83841	523.20132	348.55065	188.08944	78.951365	25.082548	6.1186031	1.2275368	0.22168672	0.038709984	0.0068167881	0.0012375216	0.00023311293	4.5643067e-05	9.2346767e-06	0.0000000	0.0000000	0.0000000	0.0000000	0.0000000	0.0000000	0.0000000	0.0000000	0.0000000
13.8250	0.0000000	0.0000000	0.0000000	0.0000000	0.0000000	0.0000000	0.0000000	0.0000000	0.0000000	0.0000000	0.0000000	0.0000000	0.0000000	0.0000000	0.0000000	0.0000000	0.0000000	0.0000000	0.0000000	0.0000000	0.0000000	0.0000000	0.0000000	0.0000000	0.0000000	0.0000000	0.0000000	0.0000000	0.0000000	0.0000000	0.0000000	0.0000000	0.0000000	0.0000000	0.0000000	0.0000000	0.0000000	0.0000000	0.0000000	0.0000000	1.8963965e-10	8.9154316e-08	1.0338261e-05	0.00064419088	0.021315506	0.36619224	3.1707878	14.282737	39.262816	79.642838	134.52013	201.39905	276.02893	352.12360	421.07072	471.88550	491.95069	469.66128	396.12863	279.87570	158.93192	67.698113	21.676068	5.3336514	1.0805345	0.19735195	0.034907420	0.0062359534	0.0011497178	0.00022008933	4.3797157e-05	9.0014196e-06	0.0000000	0.0000000	0.0000000	0.0000000	0.0000000	0.0000000	0.0000000	0.0000000	0.0000000
15.4530	0.0000000	0.0000000	0.0000000	0.0000000	0.0000000	0.0000000	0.0000000	0.0000000	0.0000000	0.0000000	0.0000000	0.0000000	0.0000000	0.0000000	0.0000000	0.0000000	0.0000000	0.0000000	0.0000000	0.0000000	0.0000000	0.0000000	0.0000000	0.0000000	0.0000000	0.0000000	0.0000000	0.0000000	0.0000000	0.0000000	0.0000000	0.0000000	0.0000000	0.0000000	0.0000000	0.0000000	0.0000000	0.0000000	0.0000000	0.0000000	5.5082459e-10	2.3007206e-07	2.3722062e-05	0.0013131369	0.038548650	0.58724607	4.5161095	18.155954	44.935568	82.905342	128.66146	178.17150	226.10306	265.65321	289.29682	290.58889	266.26909	218.67237	156.94069	95.281873	47.018390	18.104597	5.2916956	1.1910058	0.22114493	0.037096940	0.0060409981	0.00099622833	0.00017006616	3.0241953e-05	5.6090129e-06	1.0779743e-06	0.0000000	0.0000000	0.0000000	0.0000000	0.0000000	0.0000000	0.0000000	0.0000000	0.0000000
11.2500	0.0000000	0.0000000	0.0000000	0.0000000	0.0000000	0.0000000	0.0000000	0.0000000	0.0000000	0.0000000	0.0000000	0.0000000	0.0000000	0.0000000	0.0000000	0.0000000	0.0000000	0.0000000	0.0000000	0.0000000	0.0000000	0.0000000	0.0000000	0.0000000	0.0000000	0.0000000	0.0000000	0.0000000	0.0000000	0.0000000	0.0000000	0.0000000	0.0000000	0.0000000	0.0000000	0.0000000	0.0000000	0.0000000	0.0000000	0.0000000	2.1463628e-11	1.3267018e-08	1.9427828e-06	0.00014730153	0.0057365293	0.11272856	1.0913604	5.4093776	16.219838	35.716110	65.288386	105.25552	153.88093	206.37806	254.52346	287.66623	295.04216	270.08818	215.39120	144.98227	79.194029	33.718941	10.892086	2.7089206	0.55589449	0.10302890	0.018502336	0.0033536712	0.00062637878	0.00012119325	2.4305054e-05	5.0167618e-06	0.0000000	0.0000000	0.0000000	0.0000000	0.0000000	0.0000000	0.0000000	0.0000000	0.0000000
11.1290	0.0000000	0.0000000	0.0000000	0.0000000	0.0000000	0.0000000	0.0000000	0.0000000	0.0000000	0.0000000	0.0000000	0.0000000	0.0000000	0.0000000	0.0000000	0.0000000	0.0000000	0.0000000	0.0000000	0.0000000	0.0000000	0.0000000	0.0000000	0.0000000	0.0000000	0.0000000	0.0000000	0.0000000	0.0000000	0.0000000	0.0000000	0.0000000	0.0000000	0.0000000	0.0000000	0.0000000	0.0000000	0.0000000	0.0000000	0.0000000	1.4117745e-11	8.8395892e-09	1.3104678e-06	0.00010054649	0.0039612529	0.078729235	0.77069487	3.8613013	11.698084	26.017077	48.025906	78.185605	115.44793	156.45266	195.14726	223.34393	232.31978	216.00446	175.02691	119.60029	66.184839	28.457585	9.2439722	2.3010492	0.47024884	0.086380175	0.015318596	0.0027352407	0.00050261305	9.5652261e-05	1.8882590e-05	3.8430267e-06	0.0000000	0.0000000	0.0000000	0.0000000	0.0000000	0.0000000	0.0000000	0.0000000	0.0000000
16.3360	0.0000000	0.0000000	0.0000000	0.0000000	0.0000000	0.0000000	0.0000000	0.0000000	0.0000000	0.0000000	0.0000000	0.0000000	0.0000000	0.0000000	0.0000000	0.0000000	0.0000000	0.0000000	0.0000000	0.0000000	0.0000000	0.0000000	0.0000000	0.0000000	0.0000000	0.0000000	0.0000000	0.0000000	0.0000000	0.0000000	0.0000000	0.0000000	0.0000000	0.0000000	0.0000000	0.0000000	0.0000000	0.0000000	0.0000000	0.0000000	2.1970706e-10	8.5020101e-08	8.2142908e-06	0.00043063452	0.012104844	0.17846218	1.3404327	5.3044006	13.007570	23.896776	37.079485	51.512192	65.757709	77.917671	85.773543	87.251984	81.068491	67.543051	49.164820	30.265335	15.141284	5.9102858	1.7511772	0.39958276	0.075231394	0.012798803	0.0021144884	0.00035395200	6.1372226e-05	1.1093719e-05	2.0936733e-06	4.0996276e-07	0.0000000	0.0000000	0.0000000	0.0000000	0.0000000	0.0000000	0.0000000	0.0000000	0.0000000
13.8900	0.0000000	0.0000000	0.0000000	0.0000000	0.0000000	0.0000000	0.0000000	0.0000000	0.0000000	0.0000000	0.0000000	0.0000000	0.0000000	0.0000000	0.0000000	0.0000000	0.0000000	0.0000000	0.0000000	0.0000000	0.0000000	0.0000000	0.0000000	0.0000000	0.0000000	0.0000000	0.0000000	0.0000000	0.0000000	0.0000000	0.0000000	0.0000000	0.0000000	0.0000000	0.0000000	0.0000000	0.0000000	0.0000000	0.0000000	0.0000000	7.4470073e-11	3.3308291e-08	3.6668845e-06	0.00021679172	0.0068131203	0.11143574	0.92160431	3.9783521	10.510203	20.557423	33.630866	48.890670	64.990596	80.024850	91.559562	96.865220	93.660857	81.247445	61.588035	39.454166	20.522962	8.3236478	2.5613207	0.60671412	0.11853302	0.020915656	0.0035811898	0.00062059754	0.00011124440	2.0753777e-05	4.0347405e-06	8.1212766e-07	0.0000000	0.0000000	0.0000000	0.0000000	0.0000000	0.0000000	0.0000000	0.0000000	0.0000000
16.0040	0.0000000	0.0000000	0.0000000	0.0000000	0.0000000	0.0000000	0.0000000	0.0000000	0.0000000	0.0000000	0.0000000	0.0000000	0.0000000	0.0000000	0.0000000	0.0000000	0.0000000	0.0000000	0.0000000	0.0000000	0.0000000	0.0000000	0.0000000	0.0000000	0.0000000	0.0000000	0.0000000	0.0000000	0.0000000	0.0000000	0.0000000	0.0000000	0.0000000	0.0000000	0.0000000	0.0000000	0.0000000	0.0000000	0.0000000	0.0000000	1.7597569e-10	6.2879933e-08	5.5272794e-06	0.00029494861	0.0085647794	0.12937982	0.98932218	3.9671542	9.8279509	18.206341	28.440529	39.720667	50.914622	60.532038	66.855953	68.286853	63.797906	53.548934	39.353412	24.500994	12.409564	4.9064468	1.4727261	0.34045734	0.067694180	0.012309922	0.0021628634	0.00038298259	6.9843611e-05	1.3196567e-05	2.5856750e-06	5.1526343e-07	0.0000000	0.0000000	0.0000000	0.0000000	0.0000000	0.0000000	0.0000000	0.0000000	0.0000000
10.7700	0.0000000	0.0000000	0.0000000	0.0000000	0.0000000	0.0000000	0.0000000	0.0000000	0.0000000	0.0000000	0.0000000	0.0000000	0.0000000	0.0000000	0.0000000	0.0000000	0.0000000	0.0000000	0.0000000	0.0000000	0.0000000	0.0000000	0.0000000	0.0000000	0.0000000	0.0000000	0.0000000	0.0000000	0.0000000	0.0000000	0.0000000	0.0000000	0.0000000	0.0000000	0.0000000	0.0000000	0.0000000	0.0000000	0.0000000	0.0000000	7.2035674e-12	4.5778913e-09	6.8598379e-07	5.3033179e-05	0.0021000813	0.041861535	0.42257602	2.1857054	6.8112429	15.512307	29.204508	48.328817	72.355214	99.244901	125.10513	144.40755	151.06616	140.78635	114.02461	77.715927	42.842813	18.344891	5.9369357	1.4733077	0.30037052	0.055088604	0.0097620563	0.0018202998	0.00036285528	7.5322822e-05	1.5845863e-05	3.2120160e-06	0.0000000	0.0000000	0.0000000	0.0000000	0.0000000	0.0000000	0.0000000	0.0000000	0.0000000
10.6570	0.0000000	0.0000000	0.0000000	0.0000000	0.0000000	0.0000000	0.0000000	0.0000000	0.0000000	0.0000000	0.0000000	0.0000000	0.0000000	0.0000000	0.0000000	0.0000000	0.0000000	0.0000000	0.0000000	0.0000000	0.0000000	0.0000000	0.0000000	0.0000000	0.0000000	0.0000000	0.0000000	0.0000000	0.0000000	0.0000000	0.0000000	0.0000000	0.0000000	0.0000000	0.0000000	0.0000000	0.0000000	0.0000000	0.0000000	0.0000000	3.5736722e-12	2.3901895e-09	3.7641466e-07	3.0541516e-05	0.0012677655	0.026456744	0.27094880	1.4144205	4.4444192	10.204149	19.366735	32.311688	48.772245	67.429396	85.624450	99.493059	104.68309	98.033471	79.714184	54.504681	30.118721	12.915585	4.1819817	1.0372948	0.21116571	0.038639851	0.0068295403	0.0012164644	0.00022322493	4.2474400e-05	8.3934664e-06	1.7119999e-06	0.0000000	0.0000000	0.0000000	0.0000000	0.0000000	0.0000000	0.0000000	0.0000000	0.0000000
12.6800	0.0000000	0.0000000	0.0000000	0.0000000	0.0000000	0.0000000	0.0000000	0.0000000	0.0000000	0.0000000	0.0000000	0.0000000	0.0000000	0.0000000	0.0000000	0.0000000	0.0000000	0.0000000	0.0000000	0.0000000	0.0000000	0.0000000	0.0000000	0.0000000	0.0000000	0.0000000	0.0000000	0.0000000	0.0000000	0.0000000	0.0000000	0.0000000	0.0000000	0.0000000	0.0000000	0.0000000	0.0000000	0.0000000	0.0000000	0.0000000	1.9879870e-11	9.7789091e-09	1.1729774e-06	7.4995535e-05	0.0025313752	0.044123300	0.38482463	1.7271216	4.6899383	9.3531669	15.504933	22.751293	30.494951	37.890714	43.733172	46.647790	48.338060	44.689822	35.779101	24.024023	13.003691	5.4477742	1.7189632	0.41207194	0.080882049	0.014325919	0.0024591023	0.00042657521	7.6294376e-05	1.4011096e-05	2.6685663e-06	5.2397232e-07	0.0000000	0.0000000	0.0000000	0.0000000	0.0000000	0.0000000	0.0000000	0.0000000	0.0000000
11.0230	0.0000000	0.0000000	0.0000000	0.0000000	0.0000000	0.0000000	0.0000000	0.0000000	0.0000000	0.0000000	0.0000000	0.0000000	0.0000000	0.0000000	0.0000000	0.0000000	0.0000000	0.0000000	0.0000000	0.0000000	0.0000000	0.0000000	0.0000000	0.0000000	0.0000000	0.0000000	0.0000000	0.0000000	0.0000000	0.0000000	0.0000000	0.0000000	0.0000000	0.0000000	0.0000000	0.0000000	0.0000000	0.0000000	0.0000000	0.0000000	2.7856071e-12	1.7876971e-09	2.7405521e-07	2.1866584e-05	0.00089613960	0.018437439	0.18572470	0.95233271	2.9398200	6.6442076	12.458032	20.608495	30.926822	42.585819	53.902789	62.432863	65.505741	61.236649	49.781966	34.097440	18.918321	8.1616525	2.6619541	0.66547571	0.13655420	0.025181283	0.0044836188	0.00080424122	0.00014872873	2.8573590e-05	5.7166599e-06	1.1843689e-06	0.0000000	0.0000000	0.0000000	0.0000000	0.0000000	0.0000000	0.0000000	0.0000000	0.0000000
10.1150	0.0000000	0.0000000	0.0000000	0.0000000	0.0000000	0.0000000	0.0000000	0.0000000	0.0000000	0.0000000	0.0000000	0.0000000	0.0000000	0.0000000	0.0000000	0.0000000	0.0000000	0.0000000	0.0000000	0.0000000	0.0000000	0.0000000	0.0000000	0.0000000	0.0000000	0.0000000	0.0000000	0.0000000	0.0000000	0.0000000	0.0000000	0.0000000	0.0000000	0.0000000	0.0000000	0.0000000	0.0000000	0.0000000	0.0000000	0.0000000	3.3351415e-13	2.3980441e-10	4.0348499e-08	3.4795083e-06	0.00015281225	0.0033610329	0.036158803	0.19765454	0.64798259	1.5452274	3.0322445	5.2104772	8.0763634	11.444507	14.884271	17.714576	19.092516	18.312648	15.243905	10.661219	6.0208034	2.6387369	0.87397529	0.22206152	0.046389372	0.0087270760	0.0015879676	0.00029134125	5.5068135e-05	1.0789672e-05	2.1946148e-06	4.6054657e-07	0.0000000	0.0000000	0.0000000	0.0000000	0.0000000	0.0000000	0.0000000	0.0000000	0.0000000
