# DO NOT EDIT: written Thu Mar 14 18:48:37 2019 by wrt_emiss_fe17.pro
# faked emissivities [1e-23 ergs cm^3/s] for Fe17 lines from Del Zanna 2011, A&A 536, A59
# emissivities include ion balance, but not abundance, and are spline and ion balance jittered off of emiss_Fe17_00000.txt
# line 6 -- SEED, LOGT
# lines 7+ -- WVL, EMISSIVITY
      420193	4.00	4.05	4.10	4.15	4.20	4.25	4.30	4.35	4.40	4.45	4.50	4.55	4.60	4.65	4.70	4.75	4.80	4.85	4.90	4.95	5.00	5.05	5.10	5.15	5.20	5.25	5.30	5.35	5.40	5.45	5.50	5.55	5.60	5.65	5.70	5.75	5.80	5.85	5.90	5.95	6.00	6.05	6.10	6.15	6.20	6.25	6.30	6.35	6.40	6.45	6.50	6.55	6.60	6.65	6.70	6.75	6.80	6.85	6.90	6.95	7.00	7.05	7.10	7.15	7.20	7.25	7.30	7.35	7.40	7.45	7.50	7.55	7.60	7.65	7.70	7.75	7.80	7.85	7.90	7.95	8.00
15.0130	0.0000000	0.0000000	0.0000000	0.0000000	0.0000000	0.0000000	0.0000000	0.0000000	0.0000000	0.0000000	0.0000000	0.0000000	0.0000000	0.0000000	0.0000000	0.0000000	0.0000000	0.0000000	0.0000000	0.0000000	0.0000000	0.0000000	0.0000000	0.0000000	0.0000000	0.0000000	0.0000000	0.0000000	0.0000000	0.0000000	0.0000000	0.0000000	0.0000000	0.0000000	0.0000000	0.0000000	0.0000000	0.0000000	0.0000000	0.0000000	0.0000000	1.3334683e-06	0.00016695809	0.010624060	0.34627495	5.7431284	47.657931	206.78850	554.14434	1107.0713	1859.3597	2787.9856	3835.4718	4892.6114	5792.7572	6332.2638	6318.1319	5652.2793	4421.9670	2930.5325	1583.0619	670.39022	216.50694	53.585891	10.672011	1.8461701	0.31949863	0.055878438	0.010015479	0.0018614369	0.00035995344	7.2262440e-05	4.4345849e-06	0.0000000	0.0000000	0.0000000	0.0000000	0.0000000	0.0000000	0.0000000	0.0000000
17.0510	0.0000000	0.0000000	0.0000000	0.0000000	0.0000000	0.0000000	0.0000000	0.0000000	0.0000000	0.0000000	0.0000000	0.0000000	0.0000000	0.0000000	0.0000000	0.0000000	0.0000000	0.0000000	0.0000000	0.0000000	0.0000000	0.0000000	0.0000000	0.0000000	0.0000000	0.0000000	0.0000000	0.0000000	0.0000000	0.0000000	0.0000000	0.0000000	0.0000000	0.0000000	0.0000000	0.0000000	0.0000000	0.0000000	0.0000000	0.0000000	0.0000000	3.0226513e-06	0.00033776119	0.019353375	0.57124444	8.6127710	65.133473	258.04715	632.42236	1157.2795	1784.2371	2463.9324	3135.3688	3719.5414	4122.0519	4249.7636	4034.0280	3463.6657	2623.0387	1697.1663	903.13101	380.45107	123.59937	30.736139	6.1974568	1.1022626	0.18593683	0.031295996	0.0054098786	0.00097169646	0.00018189145	3.5386640e-05	2.1059891e-06	0.0000000	0.0000000	0.0000000	0.0000000	0.0000000	0.0000000	0.0000000	0.0000000
17.0960	0.0000000	0.0000000	0.0000000	0.0000000	0.0000000	0.0000000	0.0000000	0.0000000	0.0000000	0.0000000	0.0000000	0.0000000	0.0000000	0.0000000	0.0000000	0.0000000	0.0000000	0.0000000	0.0000000	0.0000000	0.0000000	0.0000000	0.0000000	0.0000000	0.0000000	0.0000000	0.0000000	0.0000000	0.0000000	0.0000000	0.0000000	0.0000000	0.0000000	0.0000000	0.0000000	0.0000000	0.0000000	0.0000000	0.0000000	0.0000000	0.0000000	2.8611971e-06	0.00031566332	0.017886376	0.52351254	7.8428120	58.972582	232.09262	563.83545	1019.5459	1547.4965	2095.6450	2604.1832	3003.5127	3221.1625	3198.3704	2909.4234	2383.6979	1716.5713	1053.2064	530.27980	211.00272	64.687705	15.403883	2.9984464	0.51499192	0.083965648	0.013678799	0.0022925461	0.00040004227	7.2915977e-05	1.3847744e-05	8.0668457e-07	0.0000000	0.0000000	0.0000000	0.0000000	0.0000000	0.0000000	0.0000000	0.0000000
16.7760	0.0000000	0.0000000	0.0000000	0.0000000	0.0000000	0.0000000	0.0000000	0.0000000	0.0000000	0.0000000	0.0000000	0.0000000	0.0000000	0.0000000	0.0000000	0.0000000	0.0000000	0.0000000	0.0000000	0.0000000	0.0000000	0.0000000	0.0000000	0.0000000	0.0000000	0.0000000	0.0000000	0.0000000	0.0000000	0.0000000	0.0000000	0.0000000	0.0000000	0.0000000	0.0000000	0.0000000	0.0000000	0.0000000	0.0000000	0.0000000	0.0000000	2.0313661e-06	0.00023036149	0.013389121	0.40158475	6.1675967	47.623088	193.02226	484.54091	908.16959	1432.3434	2018.3917	2610.0725	3131.3855	3492.5225	3605.8585	3410.5161	2905.6469	2176.7736	1390.2100	729.08915	302.36999	96.641898	23.986016	4.8624077	0.86850612	0.14695810	0.024780457	0.0042853488	0.00076880377	0.00014348662	2.7777938e-05	1.6414925e-06	0.0000000	0.0000000	0.0000000	0.0000000	0.0000000	0.0000000	0.0000000	0.0000000
15.2620	0.0000000	0.0000000	0.0000000	0.0000000	0.0000000	0.0000000	0.0000000	0.0000000	0.0000000	0.0000000	0.0000000	0.0000000	0.0000000	0.0000000	0.0000000	0.0000000	0.0000000	0.0000000	0.0000000	0.0000000	0.0000000	0.0000000	0.0000000	0.0000000	0.0000000	0.0000000	0.0000000	0.0000000	0.0000000	0.0000000	0.0000000	0.0000000	0.0000000	0.0000000	0.0000000	0.0000000	0.0000000	0.0000000	0.0000000	0.0000000	0.0000000	4.9651060e-07	6.2173598e-05	0.0039588792	0.12899871	2.1333783	17.581856	75.419032	198.82824	388.81957	636.57427	928.03669	1239.5193	1534.2302	1763.0141	1872.2914	1817.8737	1586.2081	1213.9186	789.81169	420.71490	176.74783	57.128790	14.325921	2.9343448	0.53024618	0.091018848	0.015639473	0.0027735273	0.00051450793	0.00010033318	2.0547190e-05	1.3021606e-06	0.0000000	0.0000000	0.0000000	0.0000000	0.0000000	0.0000000	0.0000000	0.0000000
12.1240	0.0000000	0.0000000	0.0000000	0.0000000	0.0000000	0.0000000	0.0000000	0.0000000	0.0000000	0.0000000	0.0000000	0.0000000	0.0000000	0.0000000	0.0000000	0.0000000	0.0000000	0.0000000	0.0000000	0.0000000	0.0000000	0.0000000	0.0000000	0.0000000	0.0000000	0.0000000	0.0000000	0.0000000	0.0000000	0.0000000	0.0000000	0.0000000	0.0000000	0.0000000	0.0000000	0.0000000	0.0000000	0.0000000	0.0000000	0.0000000	0.0000000	4.1067054e-08	6.4119223e-06	0.00049537178	0.019126371	0.36732635	3.4569332	16.702188	49.036089	105.73343	189.17160	298.92342	429.58281	568.41321	694.54341	781.15024	800.98216	736.83741	594.07798	407.27862	228.82247	101.51335	34.673655	9.1893534	1.9858711	0.37706260	0.067559267	0.012005617	0.0021759880	0.00040662556	7.8507884e-05	1.5602935e-05	9.3868215e-07	0.0000000	0.0000000	0.0000000	0.0000000	0.0000000	0.0000000	0.0000000	0.0000000
12.2640	0.0000000	0.0000000	0.0000000	0.0000000	0.0000000	0.0000000	0.0000000	0.0000000	0.0000000	0.0000000	0.0000000	0.0000000	0.0000000	0.0000000	0.0000000	0.0000000	0.0000000	0.0000000	0.0000000	0.0000000	0.0000000	0.0000000	0.0000000	0.0000000	0.0000000	0.0000000	0.0000000	0.0000000	0.0000000	0.0000000	0.0000000	0.0000000	0.0000000	0.0000000	0.0000000	0.0000000	0.0000000	0.0000000	0.0000000	0.0000000	0.0000000	3.4708488e-08	5.5674376e-06	0.00044163821	0.017008979	0.31292535	2.7022505	12.540639	36.856998	79.478810	142.09802	224.27011	321.87783	425.44959	519.32016	583.22136	596.61950	546.82124	438.51817	298.53210	166.30521	73.052577	24.673843	6.4592936	1.3786722	0.25874337	0.045899149	0.0080960121	0.0014615352	0.00027323120	5.3065179e-05	1.0680251e-05	6.5607978e-07	0.0000000	0.0000000	0.0000000	0.0000000	0.0000000	0.0000000	0.0000000	0.0000000
13.8250	0.0000000	0.0000000	0.0000000	0.0000000	0.0000000	0.0000000	0.0000000	0.0000000	0.0000000	0.0000000	0.0000000	0.0000000	0.0000000	0.0000000	0.0000000	0.0000000	0.0000000	0.0000000	0.0000000	0.0000000	0.0000000	0.0000000	0.0000000	0.0000000	0.0000000	0.0000000	0.0000000	0.0000000	0.0000000	0.0000000	0.0000000	0.0000000	0.0000000	0.0000000	0.0000000	0.0000000	0.0000000	0.0000000	0.0000000	0.0000000	0.0000000	5.8464456e-08	7.8456457e-06	0.00053643371	0.018827922	0.33643335	3.0008345	13.914409	39.462774	82.540282	143.74393	221.83546	312.62437	407.68492	493.45692	551.90742	564.18499	517.83915	416.25249	284.00728	158.52328	69.757036	23.601604	6.1898053	1.3241709	0.24935453	0.044442130	0.0078867157	0.0014341394	0.00027031102	5.2958739e-05	1.0753966e-05	6.6610349e-07	0.0000000	0.0000000	0.0000000	0.0000000	0.0000000	0.0000000	0.0000000	0.0000000
15.4530	0.0000000	0.0000000	0.0000000	0.0000000	0.0000000	0.0000000	0.0000000	0.0000000	0.0000000	0.0000000	0.0000000	0.0000000	0.0000000	0.0000000	0.0000000	0.0000000	0.0000000	0.0000000	0.0000000	0.0000000	0.0000000	0.0000000	0.0000000	0.0000000	0.0000000	0.0000000	0.0000000	0.0000000	0.0000000	0.0000000	0.0000000	0.0000000	0.0000000	0.0000000	0.0000000	0.0000000	0.0000000	0.0000000	0.0000000	0.0000000	0.0000000	1.5088413e-07	1.8036270e-05	0.0010954529	0.034027912	0.53632180	4.2121081	17.214804	43.218223	80.422843	125.16995	173.27583	219.54516	257.57081	280.38168	282.04475	259.54119	214.90294	156.36868	96.991985	49.438008	19.949922	6.2118225	1.5039422	0.29781709	0.052037258	0.0086256020	0.0014268405	0.00024239823	4.2776612e-05	7.8623466e-06	1.5005976e-06	8.7523662e-08	0.0000000	0.0000000	0.0000000	0.0000000	0.0000000	0.0000000	0.0000000	0.0000000
11.2500	0.0000000	0.0000000	0.0000000	0.0000000	0.0000000	0.0000000	0.0000000	0.0000000	0.0000000	0.0000000	0.0000000	0.0000000	0.0000000	0.0000000	0.0000000	0.0000000	0.0000000	0.0000000	0.0000000	0.0000000	0.0000000	0.0000000	0.0000000	0.0000000	0.0000000	0.0000000	0.0000000	0.0000000	0.0000000	0.0000000	0.0000000	0.0000000	0.0000000	0.0000000	0.0000000	0.0000000	0.0000000	0.0000000	0.0000000	0.0000000	0.0000000	9.3529152e-09	1.6031086e-06	0.00013474811	0.0056144438	0.11549412	1.1560615	5.9008260	18.190270	40.965783	76.187897	124.61087	184.64652	251.03442	314.05712	360.38673	375.73997	350.25294	285.18519	196.80515	110.95764	46.559985	12.403526	3.2708938	0.70241028	0.13252581	0.023618682	0.0041832164	0.00075796000	0.00014217023	2.7694984e-05	7.5620444e-06	4.6556449e-07	0.0000000	0.0000000	0.0000000	0.0000000	0.0000000	0.0000000	0.0000000	0.0000000
11.1290	0.0000000	0.0000000	0.0000000	0.0000000	0.0000000	0.0000000	0.0000000	0.0000000	0.0000000	0.0000000	0.0000000	0.0000000	0.0000000	0.0000000	0.0000000	0.0000000	0.0000000	0.0000000	0.0000000	0.0000000	0.0000000	0.0000000	0.0000000	0.0000000	0.0000000	0.0000000	0.0000000	0.0000000	0.0000000	0.0000000	0.0000000	0.0000000	0.0000000	0.0000000	0.0000000	0.0000000	0.0000000	0.0000000	0.0000000	0.0000000	0.0000000	5.4009746e-09	9.4379045e-07	8.0766817e-05	0.0034199634	0.071358433	0.72318418	3.7306523	11.601765	26.314524	49.218599	80.863050	120.24553	163.93488	205.54153	236.25716	246.62206	230.08432	187.43483	129.37794	72.944200	32.372339	11.028139	2.9073415	0.62413365	0.11771496	0.020969563	0.0037117256	0.00067196788	0.00012590179	2.4491279e-05	4.9340986e-06	3.0311935e-07	0.0000000	0.0000000	0.0000000	0.0000000	0.0000000	0.0000000	0.0000000	0.0000000
16.3360	0.0000000	0.0000000	0.0000000	0.0000000	0.0000000	0.0000000	0.0000000	0.0000000	0.0000000	0.0000000	0.0000000	0.0000000	0.0000000	0.0000000	0.0000000	0.0000000	0.0000000	0.0000000	0.0000000	0.0000000	0.0000000	0.0000000	0.0000000	0.0000000	0.0000000	0.0000000	0.0000000	0.0000000	0.0000000	0.0000000	0.0000000	0.0000000	0.0000000	0.0000000	0.0000000	0.0000000	0.0000000	0.0000000	0.0000000	0.0000000	0.0000000	6.6158865e-08	7.5616779e-06	0.00044180589	0.013292541	0.20434043	1.5745878	6.3460879	15.779249	29.174907	45.242864	62.558165	79.341636	93.383305	102.20360	103.56151	96.138715	80.378996	59.064282	36.988050	19.021544	7.7383284	2.4277834	0.59210412	0.11810859	0.020790576	0.0034732909	0.00057943864	9.9357160e-05	1.7715039e-05	3.2934857e-06	6.3658755e-07	3.7644663e-08	0.0000000	0.0000000	0.0000000	0.0000000	0.0000000	0.0000000	0.0000000	0.0000000
13.8900	0.0000000	0.0000000	0.0000000	0.0000000	0.0000000	0.0000000	0.0000000	0.0000000	0.0000000	0.0000000	0.0000000	0.0000000	0.0000000	0.0000000	0.0000000	0.0000000	0.0000000	0.0000000	0.0000000	0.0000000	0.0000000	0.0000000	0.0000000	0.0000000	0.0000000	0.0000000	0.0000000	0.0000000	0.0000000	0.0000000	0.0000000	0.0000000	0.0000000	0.0000000	0.0000000	0.0000000	0.0000000	0.0000000	0.0000000	0.0000000	0.0000000	1.8624846e-08	2.4115373e-06	0.00015856504	0.0053404342	0.091455503	0.78107813	3.4633932	9.3707687	18.650937	30.849740	45.163967	60.335408	74.594776	85.682408	91.048049	119.78061	104.72098	80.290458	52.312625	27.914651	11.757668	3.8128803	0.95992152	0.19745663	0.035815904	0.0061606375	0.0010573657	0.00018639130	3.2325313e-05	5.7939656e-06	1.1204292e-06	6.8744665e-08	0.0000000	0.0000000	0.0000000	0.0000000	0.0000000	0.0000000	0.0000000	0.0000000
16.0040	0.0000000	0.0000000	0.0000000	0.0000000	0.0000000	0.0000000	0.0000000	0.0000000	0.0000000	0.0000000	0.0000000	0.0000000	0.0000000	0.0000000	0.0000000	0.0000000	0.0000000	0.0000000	0.0000000	0.0000000	0.0000000	0.0000000	0.0000000	0.0000000	0.0000000	0.0000000	0.0000000	0.0000000	0.0000000	0.0000000	0.0000000	0.0000000	0.0000000	0.0000000	0.0000000	0.0000000	0.0000000	0.0000000	0.0000000	0.0000000	0.0000000	3.9245941e-08	4.6277664e-06	0.00027805821	0.0085644883	0.13416834	1.0500541	4.2892238	10.797553	20.204073	31.686837	44.277138	56.789803	67.664940	75.054115	77.176497	72.800261	61.919408	46.330782	29.559294	15.485695	6.4143494	2.0473939	0.50762282	0.10285621	0.018375416	0.0031125249	0.00052596865	9.1276902e-05	1.6458804e-05	3.0924825e-06	6.0368385e-07	3.6030280e-08	0.0000000	0.0000000	0.0000000	0.0000000	0.0000000	0.0000000	0.0000000	0.0000000
10.7700	0.0000000	0.0000000	0.0000000	0.0000000	0.0000000	0.0000000	0.0000000	0.0000000	0.0000000	0.0000000	0.0000000	0.0000000	0.0000000	0.0000000	0.0000000	0.0000000	0.0000000	0.0000000	0.0000000	0.0000000	0.0000000	0.0000000	0.0000000	0.0000000	0.0000000	0.0000000	0.0000000	0.0000000	0.0000000	0.0000000	0.0000000	0.0000000	0.0000000	0.0000000	0.0000000	0.0000000	0.0000000	0.0000000	0.0000000	0.0000000	0.0000000	2.9424399e-09	5.2367109e-07	4.5631996e-05	0.0019697097	0.041964872	0.43488424	2.2956683	7.3020603	16.922242	32.325911	54.232354	82.345918	114.65313	146.86112	172.43758	183.71704	174.65968	144.66366	101.22933	57.669006	25.781256	8.8246873	2.3326277	0.50124661	0.094518463	0.016819873	0.0029725253	0.00053717853	0.00010047746	1.9521347e-05	3.9310023e-06	2.4156922e-07	0.0000000	0.0000000	0.0000000	0.0000000	0.0000000	0.0000000	0.0000000	0.0000000
10.6570	0.0000000	0.0000000	0.0000000	0.0000000	0.0000000	0.0000000	0.0000000	0.0000000	0.0000000	0.0000000	0.0000000	0.0000000	0.0000000	0.0000000	0.0000000	0.0000000	0.0000000	0.0000000	0.0000000	0.0000000	0.0000000	0.0000000	0.0000000	0.0000000	0.0000000	0.0000000	0.0000000	0.0000000	0.0000000	0.0000000	0.0000000	0.0000000	0.0000000	0.0000000	0.0000000	0.0000000	0.0000000	0.0000000	0.0000000	0.0000000	0.0000000	1.8315372e-09	3.3398198e-07	2.9702096e-05	0.0013035088	0.028125834	0.29401693	1.5597754	4.9704872	11.508955	21.906085	36.537431	55.063481	75.207406	94.035054	107.72970	111.99072	103.94324	84.150065	57.665349	32.248468	14.185518	4.7873654	1.2498867	0.26569897	0.049642926	0.0087700492	0.0015419946	0.00027786314	5.1939355e-05	1.0105434e-05	2.0416898e-06	1.2612502e-07	0.0000000	0.0000000	0.0000000	0.0000000	0.0000000	0.0000000	0.0000000	0.0000000
12.6800	0.0000000	0.0000000	0.0000000	0.0000000	0.0000000	0.0000000	0.0000000	0.0000000	0.0000000	0.0000000	0.0000000	0.0000000	0.0000000	0.0000000	0.0000000	0.0000000	0.0000000	0.0000000	0.0000000	0.0000000	0.0000000	0.0000000	0.0000000	0.0000000	0.0000000	0.0000000	0.0000000	0.0000000	0.0000000	0.0000000	0.0000000	0.0000000	0.0000000	0.0000000	0.0000000	0.0000000	0.0000000	0.0000000	0.0000000	0.0000000	0.0000000	7.5201870e-09	1.0502997e-06	7.4010770e-05	0.0026547695	0.048056435	0.42932420	1.9633183	5.4166899	10.906296	18.139168	26.602986	35.573173	44.066550	50.714492	53.981522	52.553337	45.956149	35.209774	22.932746	12.242435	5.1629337	1.6778558	0.42369041	0.087464375	0.015923004	0.0027485034	0.00047323061	8.3654711e-05	1.5361232e-05	2.9390757e-06	5.8440820e-07	3.5555283e-08	0.0000000	0.0000000	0.0000000	0.0000000	0.0000000	0.0000000	0.0000000	0.0000000
11.0230	0.0000000	0.0000000	0.0000000	0.0000000	0.0000000	0.0000000	0.0000000	0.0000000	0.0000000	0.0000000	0.0000000	0.0000000	0.0000000	0.0000000	0.0000000	0.0000000	0.0000000	0.0000000	0.0000000	0.0000000	0.0000000	0.0000000	0.0000000	0.0000000	0.0000000	0.0000000	0.0000000	0.0000000	0.0000000	0.0000000	0.0000000	0.0000000	0.0000000	0.0000000	0.0000000	0.0000000	0.0000000	0.0000000	0.0000000	0.0000000	0.0000000	1.0268192e-09	1.8135252e-07	1.5819153e-05	0.00068580333	0.014652578	0.15195175	0.80154675	2.5479613	5.9113680	11.336050	19.144101	29.316435	41.202500	53.256927	63.034034	67.647937	64.779850	54.082498	38.213895	22.039440	9.9960821	3.4748162	0.93282125	0.20341808	0.038879674	0.0070046755	0.0012519698	0.00022879793	4.3314211e-05	8.5284027e-06	1.7429606e-06	1.0887518e-07	0.0000000	0.0000000	0.0000000	0.0000000	0.0000000	0.0000000	0.0000000	0.0000000
10.1150	0.0000000	0.0000000	0.0000000	0.0000000	0.0000000	0.0000000	0.0000000	0.0000000	0.0000000	0.0000000	0.0000000	0.0000000	0.0000000	0.0000000	0.0000000	0.0000000	0.0000000	0.0000000	0.0000000	0.0000000	0.0000000	0.0000000	0.0000000	0.0000000	0.0000000	0.0000000	0.0000000	0.0000000	0.0000000	0.0000000	0.0000000	0.0000000	0.0000000	0.0000000	0.0000000	0.0000000	0.0000000	0.0000000	0.0000000	0.0000000	0.0000000	1.6752763e-10	3.2655831e-08	3.0882502e-06	0.00014348018	0.0032655129	0.035900696	0.19974978	0.66556589	1.6053069	3.1711642	5.4733226	8.5174396	12.123827	15.856742	19.008741	20.680840	20.083351	16.997853	12.160253	7.0879800	3.2466523	1.1405672	0.30998754	0.068609834	0.013347427	0.0024534040	0.00044803283	8.3638314e-05	1.6145540e-05	3.2325680e-06	6.6954119e-07	4.2238653e-08	0.0000000	0.0000000	0.0000000	0.0000000	0.0000000	0.0000000	0.0000000	0.0000000
