# DO NOT EDIT: written Thu Mar 14 18:48:37 2019 by wrt_emiss_fe17.pro
# faked emissivities [1e-23 ergs cm^3/s] for Fe17 lines from Del Zanna 2011, A&A 536, A59
# emissivities include ion balance, but not abundance, and are spline and ion balance jittered off of emiss_Fe17_00000.txt
# line 6 -- SEED, LOGT
# lines 7+ -- WVL, EMISSIVITY
      747121	4.00	4.05	4.10	4.15	4.20	4.25	4.30	4.35	4.40	4.45	4.50	4.55	4.60	4.65	4.70	4.75	4.80	4.85	4.90	4.95	5.00	5.05	5.10	5.15	5.20	5.25	5.30	5.35	5.40	5.45	5.50	5.55	5.60	5.65	5.70	5.75	5.80	5.85	5.90	5.95	6.00	6.05	6.10	6.15	6.20	6.25	6.30	6.35	6.40	6.45	6.50	6.55	6.60	6.65	6.70	6.75	6.80	6.85	6.90	6.95	7.00	7.05	7.10	7.15	7.20	7.25	7.30	7.35	7.40	7.45	7.50	7.55	7.60	7.65	7.70	7.75	7.80	7.85	7.90	7.95	8.00
15.0130	0.0000000	0.0000000	0.0000000	0.0000000	0.0000000	0.0000000	0.0000000	0.0000000	0.0000000	0.0000000	0.0000000	0.0000000	0.0000000	0.0000000	0.0000000	0.0000000	0.0000000	0.0000000	0.0000000	0.0000000	0.0000000	0.0000000	0.0000000	0.0000000	0.0000000	0.0000000	0.0000000	0.0000000	0.0000000	0.0000000	0.0000000	0.0000000	0.0000000	0.0000000	0.0000000	0.0000000	0.0000000	0.0000000	0.0000000	0.0000000	0.0000000	1.3529381e-06	0.00017158843	0.011077511	0.36671677	6.1817409	52.042473	227.58520	608.55217	1201.2347	1977.2825	2887.1541	3849.4527	4744.0510	5417.9465	5712.5988	5505.9324	4772.3766	3633.8503	2358.3514	1257.3806	530.67447	174.51437	44.616855	9.3283074	1.7234364	0.30236333	0.052923736	0.0095030245	0.0017698131	0.00034293952	6.9539617e-05	3.6769530e-06	0.0000000	0.0000000	0.0000000	0.0000000	0.0000000	0.0000000	0.0000000	0.0000000
17.0510	0.0000000	0.0000000	0.0000000	0.0000000	0.0000000	0.0000000	0.0000000	0.0000000	0.0000000	0.0000000	0.0000000	0.0000000	0.0000000	0.0000000	0.0000000	0.0000000	0.0000000	0.0000000	0.0000000	0.0000000	0.0000000	0.0000000	0.0000000	0.0000000	0.0000000	0.0000000	0.0000000	0.0000000	0.0000000	0.0000000	0.0000000	0.0000000	0.0000000	0.0000000	0.0000000	0.0000000	0.0000000	0.0000000	0.0000000	0.0000000	0.0000000	3.0698185e-06	0.00034680047	0.020089442	0.59903506	9.1119847	69.385812	276.10282	678.25151	1242.6653	1915.8209	2640.2207	3343.6658	3934.6590	4308.7864	4370.9134	4063.7016	3403.3658	2505.3339	1571.0732	808.13680	328.27194	102.63761	24.928004	4.9620158	0.87508424	0.14697315	0.024702361	0.0042727207	0.00076890899	0.00014434561	2.8180187e-05	1.4303509e-06	0.0000000	0.0000000	0.0000000	0.0000000	0.0000000	0.0000000	0.0000000	0.0000000
17.0960	0.0000000	0.0000000	0.0000000	0.0000000	0.0000000	0.0000000	0.0000000	0.0000000	0.0000000	0.0000000	0.0000000	0.0000000	0.0000000	0.0000000	0.0000000	0.0000000	0.0000000	0.0000000	0.0000000	0.0000000	0.0000000	0.0000000	0.0000000	0.0000000	0.0000000	0.0000000	0.0000000	0.0000000	0.0000000	0.0000000	0.0000000	0.0000000	0.0000000	0.0000000	0.0000000	0.0000000	0.0000000	0.0000000	0.0000000	0.0000000	0.0000000	2.9064344e-06	0.00032143728	0.018282729	0.53776891	8.1049577	61.357578	243.23312	595.93791	1089.6358	1677.2431	2309.4464	2924.8721	3444.5915	3774.1662	3824.8925	3542.7335	2944.1866	2139.2253	1315.1870	657.72186	257.13493	76.455990	17.412118	3.1985281	0.52215942	0.085033705	0.014584045	0.0025570595	0.00046028220	8.5490356e-05	1.6317350e-05	7.9926371e-07	0.0000000	0.0000000	0.0000000	0.0000000	0.0000000	0.0000000	0.0000000	0.0000000
16.7760	0.0000000	0.0000000	0.0000000	0.0000000	0.0000000	0.0000000	0.0000000	0.0000000	0.0000000	0.0000000	0.0000000	0.0000000	0.0000000	0.0000000	0.0000000	0.0000000	0.0000000	0.0000000	0.0000000	0.0000000	0.0000000	0.0000000	0.0000000	0.0000000	0.0000000	0.0000000	0.0000000	0.0000000	0.0000000	0.0000000	0.0000000	0.0000000	0.0000000	0.0000000	0.0000000	0.0000000	0.0000000	0.0000000	0.0000000	0.0000000	0.0000000	2.2976541e-06	0.00026097931	0.015167966	0.45409389	6.9479849	53.332055	214.36138	532.77155	988.47757	1543.4731	2153.0579	2755.2109	3269.6853	3605.6087	3678.9117	3437.0815	2890.8624	2136.5008	1344.8032	694.14569	282.81854	88.633596	21.558245	4.2929213	0.75649156	0.12679589	0.021238737	0.0036556255	0.00065361322	0.00012172562	2.3541144e-05	1.1821267e-06	0.0000000	0.0000000	0.0000000	0.0000000	0.0000000	0.0000000	0.0000000	0.0000000
15.2620	0.0000000	0.0000000	0.0000000	0.0000000	0.0000000	0.0000000	0.0000000	0.0000000	0.0000000	0.0000000	0.0000000	0.0000000	0.0000000	0.0000000	0.0000000	0.0000000	0.0000000	0.0000000	0.0000000	0.0000000	0.0000000	0.0000000	0.0000000	0.0000000	0.0000000	0.0000000	0.0000000	0.0000000	0.0000000	0.0000000	0.0000000	0.0000000	0.0000000	0.0000000	0.0000000	0.0000000	0.0000000	0.0000000	0.0000000	0.0000000	0.0000000	4.8480142e-07	6.0522148e-05	0.0038405187	0.12465088	2.0522824	16.824915	71.721079	187.86433	365.47592	596.21903	867.30677	1157.3124	1432.8898	1649.1872	1756.7073	1713.4598	1504.4420	1160.5448	762.45627	410.78225	174.70250	57.149017	14.502755	3.0107460	0.55254156	0.096340136	0.016768109	0.0029959118	0.00055556820	0.00010727904	2.1516444e-05	1.1209653e-06	0.0000000	0.0000000	0.0000000	0.0000000	0.0000000	0.0000000	0.0000000	0.0000000
12.1240	0.0000000	0.0000000	0.0000000	0.0000000	0.0000000	0.0000000	0.0000000	0.0000000	0.0000000	0.0000000	0.0000000	0.0000000	0.0000000	0.0000000	0.0000000	0.0000000	0.0000000	0.0000000	0.0000000	0.0000000	0.0000000	0.0000000	0.0000000	0.0000000	0.0000000	0.0000000	0.0000000	0.0000000	0.0000000	0.0000000	0.0000000	0.0000000	0.0000000	0.0000000	0.0000000	0.0000000	0.0000000	0.0000000	0.0000000	0.0000000	0.0000000	3.8711761e-08	6.0737781e-06	0.00047165418	0.018300942	0.35304728	3.3340892	16.140243	47.434077	102.40212	183.47941	290.27343	417.33430	551.83808	672.89788	753.97902	768.79787	701.95852	560.65382	379.96892	210.49489	91.778768	30.700464	7.9510543	1.6818963	0.31402994	0.055619304	0.0098185671	0.0017765975	0.00033316669	6.4948001e-05	1.3125964e-05	6.8800869e-07	0.0000000	0.0000000	0.0000000	0.0000000	0.0000000	0.0000000	0.0000000	0.0000000
12.2640	0.0000000	0.0000000	0.0000000	0.0000000	0.0000000	0.0000000	0.0000000	0.0000000	0.0000000	0.0000000	0.0000000	0.0000000	0.0000000	0.0000000	0.0000000	0.0000000	0.0000000	0.0000000	0.0000000	0.0000000	0.0000000	0.0000000	0.0000000	0.0000000	0.0000000	0.0000000	0.0000000	0.0000000	0.0000000	0.0000000	0.0000000	0.0000000	0.0000000	0.0000000	0.0000000	0.0000000	0.0000000	0.0000000	0.0000000	0.0000000	0.0000000	3.6772774e-08	5.6752781e-06	0.00043513619	0.016725719	0.32048066	3.0112444	14.510703	42.435132	91.137656	162.46662	255.85458	366.54668	483.71035	589.51520	660.98755	674.96066	617.29896	493.68425	334.85769	185.59213	80.949829	27.089667	7.0202384	1.4861577	0.27769193	0.049211113	0.0086895252	0.0015720648	0.00029462203	5.7366986e-05	1.1575112e-05	6.0556519e-07	0.0000000	0.0000000	0.0000000	0.0000000	0.0000000	0.0000000	0.0000000	0.0000000
13.8250	0.0000000	0.0000000	0.0000000	0.0000000	0.0000000	0.0000000	0.0000000	0.0000000	0.0000000	0.0000000	0.0000000	0.0000000	0.0000000	0.0000000	0.0000000	0.0000000	0.0000000	0.0000000	0.0000000	0.0000000	0.0000000	0.0000000	0.0000000	0.0000000	0.0000000	0.0000000	0.0000000	0.0000000	0.0000000	0.0000000	0.0000000	0.0000000	0.0000000	0.0000000	0.0000000	0.0000000	0.0000000	0.0000000	0.0000000	0.0000000	0.0000000	5.6089241e-08	7.5806417e-06	0.00052225724	0.018483459	0.33339798	3.0048913	14.088085	40.453045	85.891211	152.28164	239.81051	344.74806	448.95713	542.97240	606.91027	619.89959	568.24196	455.86153	310.10192	172.31269	75.332988	25.267428	6.5634157	1.3933913	0.26139016	0.046569979	0.0082790154	0.0015099204	0.00028555640	5.6146700e-05	1.1442003e-05	6.0417220e-07	0.0000000	0.0000000	0.0000000	0.0000000	0.0000000	0.0000000	0.0000000	0.0000000
15.4530	0.0000000	0.0000000	0.0000000	0.0000000	0.0000000	0.0000000	0.0000000	0.0000000	0.0000000	0.0000000	0.0000000	0.0000000	0.0000000	0.0000000	0.0000000	0.0000000	0.0000000	0.0000000	0.0000000	0.0000000	0.0000000	0.0000000	0.0000000	0.0000000	0.0000000	0.0000000	0.0000000	0.0000000	0.0000000	0.0000000	0.0000000	0.0000000	0.0000000	0.0000000	0.0000000	0.0000000	0.0000000	0.0000000	0.0000000	0.0000000	0.0000000	1.4876160e-07	1.7528001e-05	0.0010551429	0.032881172	0.52966279	4.3232867	18.346051	47.274684	89.444899	140.46366	194.86890	245.92126	285.76615	306.56628	302.56514	272.10906	219.47011	155.12953	93.275729	46.015722	17.960938	5.4102666	1.2693825	0.24476142	0.041927826	0.0068582776	0.0011255261	0.00019054035	3.3633014e-05	6.2053949e-06	1.1927571e-06	5.9696144e-08	0.0000000	0.0000000	0.0000000	0.0000000	0.0000000	0.0000000	0.0000000	0.0000000
11.2500	0.0000000	0.0000000	0.0000000	0.0000000	0.0000000	0.0000000	0.0000000	0.0000000	0.0000000	0.0000000	0.0000000	0.0000000	0.0000000	0.0000000	0.0000000	0.0000000	0.0000000	0.0000000	0.0000000	0.0000000	0.0000000	0.0000000	0.0000000	0.0000000	0.0000000	0.0000000	0.0000000	0.0000000	0.0000000	0.0000000	0.0000000	0.0000000	0.0000000	0.0000000	0.0000000	0.0000000	0.0000000	0.0000000	0.0000000	0.0000000	0.0000000	7.7974611e-09	1.3516698e-06	0.00011492428	0.0048409609	0.10055335	1.0142474	5.2019385	16.075178	36.259806	67.514266	110.48877	163.70212	222.38205	277.81824	318.18530	330.94926	307.63430	249.66386	171.62406	96.298083	42.484887	14.371671	3.7634213	0.80516422	0.15215952	0.027302090	0.0048881071	0.00089816304	0.00017103334	3.3732860e-05	6.8467537e-06	3.5636190e-07	0.0000000	0.0000000	0.0000000	0.0000000	0.0000000	0.0000000	0.0000000	0.0000000
11.1290	0.0000000	0.0000000	0.0000000	0.0000000	0.0000000	0.0000000	0.0000000	0.0000000	0.0000000	0.0000000	0.0000000	0.0000000	0.0000000	0.0000000	0.0000000	0.0000000	0.0000000	0.0000000	0.0000000	0.0000000	0.0000000	0.0000000	0.0000000	0.0000000	0.0000000	0.0000000	0.0000000	0.0000000	0.0000000	0.0000000	0.0000000	0.0000000	0.0000000	0.0000000	0.0000000	0.0000000	0.0000000	0.0000000	0.0000000	0.0000000	0.0000000	4.7586617e-09	8.2201927e-07	6.9745330e-05	0.0029300933	0.060697746	0.61081908	3.1451561	9.8536826	22.657441	43.245695	72.956945	112.05629	158.67176	206.85846	245.38701	262.40624	249.15183	205.33846	141.54579	79.413177	35.000400	11.815622	3.0840861	0.65680606	0.12266439	0.021616616	0.0037881491	0.00067906308	0.00012594498	2.4248280e-05	4.8348474e-06	2.4980155e-07	0.0000000	0.0000000	0.0000000	0.0000000	0.0000000	0.0000000	0.0000000	0.0000000
16.3360	0.0000000	0.0000000	0.0000000	0.0000000	0.0000000	0.0000000	0.0000000	0.0000000	0.0000000	0.0000000	0.0000000	0.0000000	0.0000000	0.0000000	0.0000000	0.0000000	0.0000000	0.0000000	0.0000000	0.0000000	0.0000000	0.0000000	0.0000000	0.0000000	0.0000000	0.0000000	0.0000000	0.0000000	0.0000000	0.0000000	0.0000000	0.0000000	0.0000000	0.0000000	0.0000000	0.0000000	0.0000000	0.0000000	0.0000000	0.0000000	0.0000000	6.0993723e-08	6.9634687e-06	0.00040636931	0.012207777	0.18728537	1.4389773	5.7754849	14.293140	26.322995	40.698867	56.141406	71.054901	83.465174	91.168952	92.191411	85.393180	71.213108	52.167547	32.540649	16.646542	6.7242053	2.0905084	0.50487989	0.099944053	0.017530555	0.0029290636	0.00048989792	8.4344133e-05	1.5111995e-05	2.8254970e-06	5.4960387e-07	2.7807029e-08	0.0000000	0.0000000	0.0000000	0.0000000	0.0000000	0.0000000	0.0000000	0.0000000
13.8900	0.0000000	0.0000000	0.0000000	0.0000000	0.0000000	0.0000000	0.0000000	0.0000000	0.0000000	0.0000000	0.0000000	0.0000000	0.0000000	0.0000000	0.0000000	0.0000000	0.0000000	0.0000000	0.0000000	0.0000000	0.0000000	0.0000000	0.0000000	0.0000000	0.0000000	0.0000000	0.0000000	0.0000000	0.0000000	0.0000000	0.0000000	0.0000000	0.0000000	0.0000000	0.0000000	0.0000000	0.0000000	0.0000000	0.0000000	0.0000000	0.0000000	2.5610525e-08	3.3149273e-06	0.00021790846	0.0073356596	0.12551454	1.0701693	4.7317229	12.759568	25.330438	41.483289	60.055484	79.333184	96.966446	110.07720	115.55748	110.95383	95.724263	72.363171	46.432842	24.361856	10.067757	3.1959833	0.78686951	0.15858802	0.028291603	0.0048032439	0.00081576826	0.00014256635	2.5927079e-05	4.9215617e-06	9.7252172e-07	5.0032953e-08	0.0000000	0.0000000	0.0000000	0.0000000	0.0000000	0.0000000	0.0000000	0.0000000
16.0040	0.0000000	0.0000000	0.0000000	0.0000000	0.0000000	0.0000000	0.0000000	0.0000000	0.0000000	0.0000000	0.0000000	0.0000000	0.0000000	0.0000000	0.0000000	0.0000000	0.0000000	0.0000000	0.0000000	0.0000000	0.0000000	0.0000000	0.0000000	0.0000000	0.0000000	0.0000000	0.0000000	0.0000000	0.0000000	0.0000000	0.0000000	0.0000000	0.0000000	0.0000000	0.0000000	0.0000000	0.0000000	0.0000000	0.0000000	0.0000000	0.0000000	3.9485983e-08	4.7171372e-06	0.00028698702	0.0089437033	0.14163572	1.1192162	4.6088626	11.687183	22.040838	34.867434	49.155669	63.496896	76.021114	84.544149	86.984937	81.941116	69.469491	51.714971	32.760355	17.001711	6.9578121	2.1884184	0.53402602	0.10669088	0.018866122	0.0031744906	0.00053418781	9.2444211e-05	1.6631496e-05	3.1184119e-06	6.0735887e-07	3.0712944e-08	0.0000000	0.0000000	0.0000000	0.0000000	0.0000000	0.0000000	0.0000000	0.0000000
10.7700	0.0000000	0.0000000	0.0000000	0.0000000	0.0000000	0.0000000	0.0000000	0.0000000	0.0000000	0.0000000	0.0000000	0.0000000	0.0000000	0.0000000	0.0000000	0.0000000	0.0000000	0.0000000	0.0000000	0.0000000	0.0000000	0.0000000	0.0000000	0.0000000	0.0000000	0.0000000	0.0000000	0.0000000	0.0000000	0.0000000	0.0000000	0.0000000	0.0000000	0.0000000	0.0000000	0.0000000	0.0000000	0.0000000	0.0000000	0.0000000	0.0000000	3.0350612e-09	5.4943937e-07	4.8605451e-05	0.0021232747	0.045585247	0.47336881	2.4863697	7.8108127	17.749407	33.012759	53.563387	78.174488	104.05243	126.80898	145.73419	153.33061	144.02442	117.94855	81.681366	46.090305	20.413796	6.9205862	1.8130039	0.38733948	0.072964159	0.013023556	0.0023142484	0.00042100381	7.9279966e-05	1.5500419e-05	3.1379907e-06	1.6451984e-07	0.0000000	0.0000000	0.0000000	0.0000000	0.0000000	0.0000000	0.0000000	0.0000000
10.6570	0.0000000	0.0000000	0.0000000	0.0000000	0.0000000	0.0000000	0.0000000	0.0000000	0.0000000	0.0000000	0.0000000	0.0000000	0.0000000	0.0000000	0.0000000	0.0000000	0.0000000	0.0000000	0.0000000	0.0000000	0.0000000	0.0000000	0.0000000	0.0000000	0.0000000	0.0000000	0.0000000	0.0000000	0.0000000	0.0000000	0.0000000	0.0000000	0.0000000	0.0000000	0.0000000	0.0000000	0.0000000	0.0000000	0.0000000	0.0000000	0.0000000	1.5183265e-09	2.7690793e-07	2.4687874e-05	0.0010891860	0.023703263	0.25079586	1.3515779	4.3692965	10.180600	19.367365	32.099057	47.835026	65.028712	81.013541	92.303867	95.357342	87.989143	70.921432	48.455890	27.037177	11.865954	3.9936555	1.0404721	0.22142543	0.041617540	0.0074271116	0.0013226211	0.00024171957	4.5841256e-05	9.0475961e-06	1.8531136e-06	9.8490893e-08	0.0000000	0.0000000	0.0000000	0.0000000	0.0000000	0.0000000	0.0000000	0.0000000
12.6800	0.0000000	0.0000000	0.0000000	0.0000000	0.0000000	0.0000000	0.0000000	0.0000000	0.0000000	0.0000000	0.0000000	0.0000000	0.0000000	0.0000000	0.0000000	0.0000000	0.0000000	0.0000000	0.0000000	0.0000000	0.0000000	0.0000000	0.0000000	0.0000000	0.0000000	0.0000000	0.0000000	0.0000000	0.0000000	0.0000000	0.0000000	0.0000000	0.0000000	0.0000000	0.0000000	0.0000000	0.0000000	0.0000000	0.0000000	0.0000000	0.0000000	7.4728679e-09	1.0395187e-06	7.2915529e-05	0.0026024742	0.046870384	0.41652634	1.8938925	5.1968167	10.424254	17.306423	25.379260	33.984038	42.216209	48.790339	52.227189	51.193268	45.107086	34.830799	22.856420	12.279895	5.2020592	1.6942177	0.42817954	0.088574877	0.016205044	0.0028172143	0.00048883382	8.7028828e-05	1.6067695e-05	3.0842204e-06	6.1365199e-07	3.1651537e-08	0.0000000	0.0000000	0.0000000	0.0000000	0.0000000	0.0000000	0.0000000	0.0000000
11.0230	0.0000000	0.0000000	0.0000000	0.0000000	0.0000000	0.0000000	0.0000000	0.0000000	0.0000000	0.0000000	0.0000000	0.0000000	0.0000000	0.0000000	0.0000000	0.0000000	0.0000000	0.0000000	0.0000000	0.0000000	0.0000000	0.0000000	0.0000000	0.0000000	0.0000000	0.0000000	0.0000000	0.0000000	0.0000000	0.0000000	0.0000000	0.0000000	0.0000000	0.0000000	0.0000000	0.0000000	0.0000000	0.0000000	0.0000000	0.0000000	0.0000000	1.1473274e-09	2.0351804e-07	1.7772540e-05	0.00076894094	0.016347928	0.16820550	0.87778613	2.7554168	6.3116984	11.955272	19.949350	30.196542	41.968865	53.680185	62.922101	66.941376	63.615305	52.758027	37.048674	21.231225	9.5590841	3.2942902	0.87656970	0.18993538	0.036223294	0.0065355189	0.0011723423	0.00021524807	4.0948318e-05	8.1011995e-06	1.6628546e-06	8.8571658e-08	0.0000000	0.0000000	0.0000000	0.0000000	0.0000000	0.0000000	0.0000000	0.0000000
10.1150	0.0000000	0.0000000	0.0000000	0.0000000	0.0000000	0.0000000	0.0000000	0.0000000	0.0000000	0.0000000	0.0000000	0.0000000	0.0000000	0.0000000	0.0000000	0.0000000	0.0000000	0.0000000	0.0000000	0.0000000	0.0000000	0.0000000	0.0000000	0.0000000	0.0000000	0.0000000	0.0000000	0.0000000	0.0000000	0.0000000	0.0000000	0.0000000	0.0000000	0.0000000	0.0000000	0.0000000	0.0000000	0.0000000	0.0000000	0.0000000	0.0000000	1.9448948e-10	3.8143182e-08	3.6292172e-06	0.00016957709	0.0038788437	0.042806433	0.23867744	0.79605845	1.9219915	3.8009786	6.5652826	10.218054	14.535882	17.862725	20.791658	24.636104	23.832380	20.072080	14.270403	8.2519018	3.7415009	1.2980733	0.34806879	0.076151372	0.014700535	0.0026907500	0.00049041537	9.1493127e-05	1.7662053e-05	3.5379028e-06	7.3328990e-07	3.9329130e-08	0.0000000	0.0000000	0.0000000	0.0000000	0.0000000	0.0000000	0.0000000	0.0000000
