# DO NOT EDIT: written Thu Mar 14 18:48:37 2019 by wrt_emiss_fe17.pro
# faked emissivities [1e-23 ergs cm^3/s] for Fe17 lines from Del Zanna 2011, A&A 536, A59
# emissivities include ion balance, but not abundance, and are spline and ion balance jittered off of emiss_Fe17_00000.txt
# line 6 -- SEED, LOGT
# lines 7+ -- WVL, EMISSIVITY
      452001	4.00	4.05	4.10	4.15	4.20	4.25	4.30	4.35	4.40	4.45	4.50	4.55	4.60	4.65	4.70	4.75	4.80	4.85	4.90	4.95	5.00	5.05	5.10	5.15	5.20	5.25	5.30	5.35	5.40	5.45	5.50	5.55	5.60	5.65	5.70	5.75	5.80	5.85	5.90	5.95	6.00	6.05	6.10	6.15	6.20	6.25	6.30	6.35	6.40	6.45	6.50	6.55	6.60	6.65	6.70	6.75	6.80	6.85	6.90	6.95	7.00	7.05	7.10	7.15	7.20	7.25	7.30	7.35	7.40	7.45	7.50	7.55	7.60	7.65	7.70	7.75	7.80	7.85	7.90	7.95	8.00
15.0130	0.0000000	0.0000000	0.0000000	0.0000000	0.0000000	0.0000000	0.0000000	0.0000000	0.0000000	0.0000000	0.0000000	0.0000000	0.0000000	0.0000000	0.0000000	0.0000000	0.0000000	0.0000000	0.0000000	0.0000000	0.0000000	0.0000000	0.0000000	0.0000000	0.0000000	0.0000000	0.0000000	0.0000000	0.0000000	0.0000000	0.0000000	0.0000000	0.0000000	0.0000000	0.0000000	0.0000000	0.0000000	0.0000000	0.0000000	0.0000000	1.5286946e-07	2.2892858e-05	0.0016912406	0.065124313	1.3256294	14.429551	87.071679	312.63617	755.48648	1418.4240	2279.8112	3295.6111	4382.3682	5406.4994	6189.0025	6535.4916	6290.6079	5418.8971	4057.4731	2555.0541	1308.9261	525.06775	160.88675	38.215419	7.5228554	1.3403219	0.23176414	0.040528766	0.0073207288	0.0013743148	0.00026854517	5.1207764e-05	0.0000000	0.0000000	0.0000000	0.0000000	0.0000000	0.0000000	0.0000000	0.0000000	0.0000000
17.0510	0.0000000	0.0000000	0.0000000	0.0000000	0.0000000	0.0000000	0.0000000	0.0000000	0.0000000	0.0000000	0.0000000	0.0000000	0.0000000	0.0000000	0.0000000	0.0000000	0.0000000	0.0000000	0.0000000	0.0000000	0.0000000	0.0000000	0.0000000	0.0000000	0.0000000	0.0000000	0.0000000	0.0000000	0.0000000	0.0000000	0.0000000	0.0000000	0.0000000	0.0000000	0.0000000	0.0000000	0.0000000	0.0000000	0.0000000	0.0000000	3.1536147e-07	4.1430431e-05	0.0027188676	0.093941103	1.7289508	17.128338	94.606323	312.56910	698.53205	1218.7657	1828.4913	2476.5981	3095.5000	3599.0939	3891.3852	3888.6363	3548.2851	2901.9990	2073.5619	1253.3895	616.81341	237.85941	70.122813	16.047151	3.0488691	0.52533452	0.088035065	0.014950286	0.0026276912	0.00048087616	9.1722210e-05	1.7087065e-05	0.0000000	0.0000000	0.0000000	0.0000000	0.0000000	0.0000000	0.0000000	0.0000000	0.0000000
17.0960	0.0000000	0.0000000	0.0000000	0.0000000	0.0000000	0.0000000	0.0000000	0.0000000	0.0000000	0.0000000	0.0000000	0.0000000	0.0000000	0.0000000	0.0000000	0.0000000	0.0000000	0.0000000	0.0000000	0.0000000	0.0000000	0.0000000	0.0000000	0.0000000	0.0000000	0.0000000	0.0000000	0.0000000	0.0000000	0.0000000	0.0000000	0.0000000	0.0000000	0.0000000	0.0000000	0.0000000	0.0000000	0.0000000	0.0000000	0.0000000	2.9804880e-07	3.8670380e-05	0.0025108988	0.086109112	1.5795019	15.646552	86.596284	286.97030	643.47337	1126.4234	1694.9594	2300.0487	2874.5617	3332.5491	3580.3989	3540.4522	3180.8835	2546.9274	1771.5805	1036.9903	491.75202	181.89448	51.227954	11.162356	2.0143118	0.32914170	0.052282364	0.0084203707	0.0014055731	0.00024485285	4.4598531e-05	7.9660955e-06	0.0000000	0.0000000	0.0000000	0.0000000	0.0000000	0.0000000	0.0000000	0.0000000	0.0000000
16.7760	0.0000000	0.0000000	0.0000000	0.0000000	0.0000000	0.0000000	0.0000000	0.0000000	0.0000000	0.0000000	0.0000000	0.0000000	0.0000000	0.0000000	0.0000000	0.0000000	0.0000000	0.0000000	0.0000000	0.0000000	0.0000000	0.0000000	0.0000000	0.0000000	0.0000000	0.0000000	0.0000000	0.0000000	0.0000000	0.0000000	0.0000000	0.0000000	0.0000000	0.0000000	0.0000000	0.0000000	0.0000000	0.0000000	0.0000000	0.0000000	2.2170166e-07	2.9467954e-05	0.0019524851	0.068067801	1.2656039	12.686823	71.013266	238.11924	540.71326	959.03005	1462.3137	2011.1181	2547.2698	2994.7243	3268.7761	3293.6092	3027.6148	2493.2148	1793.4304	1091.2808	540.57236	209.78833	62.218157	14.315856	2.7329176	0.47280257	0.079493742	0.013533856	0.0023826586	0.00043632349	8.3188619e-05	1.5472340e-05	0.0000000	0.0000000	0.0000000	0.0000000	0.0000000	0.0000000	0.0000000	0.0000000	0.0000000
15.2620	0.0000000	0.0000000	0.0000000	0.0000000	0.0000000	0.0000000	0.0000000	0.0000000	0.0000000	0.0000000	0.0000000	0.0000000	0.0000000	0.0000000	0.0000000	0.0000000	0.0000000	0.0000000	0.0000000	0.0000000	0.0000000	0.0000000	0.0000000	0.0000000	0.0000000	0.0000000	0.0000000	0.0000000	0.0000000	0.0000000	0.0000000	0.0000000	0.0000000	0.0000000	0.0000000	0.0000000	0.0000000	0.0000000	0.0000000	0.0000000	4.1878444e-08	6.1802599e-06	0.00045119622	0.017202684	0.34701137	3.7416190	22.332314	79.182592	188.65297	348.91013	552.60523	788.38301	1037.2125	1270.1132	1449.0095	1532.3344	1485.3121	1296.6024	994.11734	646.80561	342.61868	141.86660	44.766412	10.924485	2.1726820	0.38906590	0.067604204	0.011876635	0.0021544849	0.00040602733	7.9608333e-05	1.5224084e-05	0.0000000	0.0000000	0.0000000	0.0000000	0.0000000	0.0000000	0.0000000	0.0000000	0.0000000
12.1240	0.0000000	0.0000000	0.0000000	0.0000000	0.0000000	0.0000000	0.0000000	0.0000000	0.0000000	0.0000000	0.0000000	0.0000000	0.0000000	0.0000000	0.0000000	0.0000000	0.0000000	0.0000000	0.0000000	0.0000000	0.0000000	0.0000000	0.0000000	0.0000000	0.0000000	0.0000000	0.0000000	0.0000000	0.0000000	0.0000000	0.0000000	0.0000000	0.0000000	0.0000000	0.0000000	0.0000000	0.0000000	0.0000000	0.0000000	0.0000000	3.1933185e-09	6.1281664e-07	5.6422370e-05	0.0026406690	0.063870518	0.80944271	5.5847607	22.580155	60.658825	125.17393	218.88655	341.07708	484.72525	633.97006	763.82633	843.59174	844.60738	753.20426	583.71892	377.01789	196.85196	80.196165	24.876163	5.9665494	1.1835589	0.21207456	0.036811039	0.0064500670	0.0011654284	0.00021850179	4.2565992e-05	8.0770325e-06	0.0000000	0.0000000	0.0000000	0.0000000	0.0000000	0.0000000	0.0000000	0.0000000	0.0000000
12.2640	0.0000000	0.0000000	0.0000000	0.0000000	0.0000000	0.0000000	0.0000000	0.0000000	0.0000000	0.0000000	0.0000000	0.0000000	0.0000000	0.0000000	0.0000000	0.0000000	0.0000000	0.0000000	0.0000000	0.0000000	0.0000000	0.0000000	0.0000000	0.0000000	0.0000000	0.0000000	0.0000000	0.0000000	0.0000000	0.0000000	0.0000000	0.0000000	0.0000000	0.0000000	0.0000000	0.0000000	0.0000000	0.0000000	0.0000000	0.0000000	3.1090912e-09	5.8662259e-07	5.3300514e-05	0.0024702497	0.059342980	0.74867787	5.1491618	20.754988	55.541807	114.09719	198.53792	307.85133	435.57387	567.71114	682.20570	751.85782	669.96565	494.19019	382.05665	303.69597	177.52557	73.136983	22.958774	5.5771992	1.1212804	0.20372129	0.035862564	0.0063730637	0.0011676688	0.00022192058	4.3803363e-05	8.4166878e-06	0.0000000	0.0000000	0.0000000	0.0000000	0.0000000	0.0000000	0.0000000	0.0000000	0.0000000
13.8250	0.0000000	0.0000000	0.0000000	0.0000000	0.0000000	0.0000000	0.0000000	0.0000000	0.0000000	0.0000000	0.0000000	0.0000000	0.0000000	0.0000000	0.0000000	0.0000000	0.0000000	0.0000000	0.0000000	0.0000000	0.0000000	0.0000000	0.0000000	0.0000000	0.0000000	0.0000000	0.0000000	0.0000000	0.0000000	0.0000000	0.0000000	0.0000000	0.0000000	0.0000000	0.0000000	0.0000000	0.0000000	0.0000000	0.0000000	0.0000000	4.4140113e-09	7.0204400e-07	5.5108039e-05	0.0022597956	0.049123599	0.57219319	3.6951108	14.162894	36.962066	77.626801	137.16292	214.33693	303.05826	391.00577	460.05010	491.82353	473.97502	405.96227	302.77164	192.86557	102.00604	42.114787	13.249217	3.2260279	0.65045808	0.11866290	0.021005102	0.0037591679	0.00069457074	0.00013326689	2.6576207e-05	5.1612197e-06	0.0000000	0.0000000	0.0000000	0.0000000	0.0000000	0.0000000	0.0000000	0.0000000	0.0000000
15.4530	0.0000000	0.0000000	0.0000000	0.0000000	0.0000000	0.0000000	0.0000000	0.0000000	0.0000000	0.0000000	0.0000000	0.0000000	0.0000000	0.0000000	0.0000000	0.0000000	0.0000000	0.0000000	0.0000000	0.0000000	0.0000000	0.0000000	0.0000000	0.0000000	0.0000000	0.0000000	0.0000000	0.0000000	0.0000000	0.0000000	0.0000000	0.0000000	0.0000000	0.0000000	0.0000000	0.0000000	0.0000000	0.0000000	0.0000000	0.0000000	1.6573864e-08	2.3652357e-06	0.00016686796	0.0061434351	0.11960215	1.2443783	7.1671497	24.521129	56.353454	100.41886	152.88128	208.93133	262.14355	304.46152	327.31842	323.83514	291.39032	234.18120	160.16276	87.533956	38.185253	12.898901	3.6980271	0.82222262	0.15169338	0.025375326	0.0041288068	0.00068106259	0.00011634250	2.4996689e-05	3.9113014e-06	6.9739452e-07	0.0000000	0.0000000	0.0000000	0.0000000	0.0000000	0.0000000	0.0000000	0.0000000	0.0000000
11.2500	0.0000000	0.0000000	0.0000000	0.0000000	0.0000000	0.0000000	0.0000000	0.0000000	0.0000000	0.0000000	0.0000000	0.0000000	0.0000000	0.0000000	0.0000000	0.0000000	0.0000000	0.0000000	0.0000000	0.0000000	0.0000000	0.0000000	0.0000000	0.0000000	0.0000000	0.0000000	0.0000000	0.0000000	0.0000000	0.0000000	0.0000000	0.0000000	0.0000000	0.0000000	0.0000000	0.0000000	0.0000000	0.0000000	0.0000000	0.0000000	5.2650961e-10	1.1095008e-07	1.1096014e-05	0.00055861781	0.014407738	0.19317423	1.3998653	5.9044379	16.448178	35.024011	62.933016	100.41559	145.71335	194.15044	237.81263	266.54916	270.44110	244.11710	191.33037	126.21564	67.498265	28.184192	8.9694608	2.2099859	0.45106963	0.083322289	0.014939078	0.0027092763	0.00050769136	9.8896971e-05	2.0024106e-05	3.9432725e-06	0.0000000	0.0000000	0.0000000	0.0000000	0.0000000	0.0000000	0.0000000	0.0000000	0.0000000
11.1290	0.0000000	0.0000000	0.0000000	0.0000000	0.0000000	0.0000000	0.0000000	0.0000000	0.0000000	0.0000000	0.0000000	0.0000000	0.0000000	0.0000000	0.0000000	0.0000000	0.0000000	0.0000000	0.0000000	0.0000000	0.0000000	0.0000000	0.0000000	0.0000000	0.0000000	0.0000000	0.0000000	0.0000000	0.0000000	0.0000000	0.0000000	0.0000000	0.0000000	0.0000000	0.0000000	0.0000000	0.0000000	0.0000000	0.0000000	0.0000000	3.0320069e-10	6.5004258e-08	6.6093966e-06	0.00033811049	0.0088568062	0.12054393	0.88619869	3.7890306	10.688846	23.024259	41.808999	67.351814	98.584554	132.38091	163.26679	184.06015	187.61281	169.91220	133.41708	88.033342	47.011184	19.566918	6.1956343	1.5158796	0.30660792	0.056004634	0.0099058086	0.0017677910	0.00032511414	6.1996942e-05	1.2273839e-05	2.3645920e-06	0.0000000	0.0000000	0.0000000	0.0000000	0.0000000	0.0000000	0.0000000	0.0000000	0.0000000
16.3360	0.0000000	0.0000000	0.0000000	0.0000000	0.0000000	0.0000000	0.0000000	0.0000000	0.0000000	0.0000000	0.0000000	0.0000000	0.0000000	0.0000000	0.0000000	0.0000000	0.0000000	0.0000000	0.0000000	0.0000000	0.0000000	0.0000000	0.0000000	0.0000000	0.0000000	0.0000000	0.0000000	0.0000000	0.0000000	0.0000000	0.0000000	0.0000000	0.0000000	0.0000000	0.0000000	0.0000000	0.0000000	0.0000000	0.0000000	0.0000000	7.2680876e-09	9.7846725e-07	6.5558567e-05	0.0023067824	0.043227276	0.39946493	1.9903529	6.0771959	13.762152	24.250354	36.622672	49.788300	62.307491	72.389112	78.088231	77.751619	70.606997	57.407950	40.734696	24.431114	11.923201	4.5581676	1.3318454	0.30205856	0.056880760	0.0097156382	0.0016145821	0.00027205251	4.7469353e-05	8.6279488e-06	1.6349882e-06	3.0263580e-07	0.0000000	0.0000000	0.0000000	0.0000000	0.0000000	0.0000000	0.0000000	0.0000000	0.0000000
13.8900	0.0000000	0.0000000	0.0000000	0.0000000	0.0000000	0.0000000	0.0000000	0.0000000	0.0000000	0.0000000	0.0000000	0.0000000	0.0000000	0.0000000	0.0000000	0.0000000	0.0000000	0.0000000	0.0000000	0.0000000	0.0000000	0.0000000	0.0000000	0.0000000	0.0000000	0.0000000	0.0000000	0.0000000	0.0000000	0.0000000	0.0000000	0.0000000	0.0000000	0.0000000	0.0000000	0.0000000	0.0000000	0.0000000	0.0000000	0.0000000	1.8649658e-09	2.8700648e-07	2.1760099e-05	0.00086083429	0.018045027	0.20270979	1.2625985	4.6643136	11.506124	21.858005	35.275149	50.889088	67.253652	82.312143	93.482502	97.944363	93.504902	79.805621	59.323913	37.174678	18.907772	7.5178023	2.2811116	0.53660332	0.10471349	0.018522227	0.0031852749	0.00055482460	9.9935327e-05	1.8717457e-05	3.6474523e-06	6.9265729e-07	0.0000000	0.0000000	0.0000000	0.0000000	0.0000000	0.0000000	0.0000000	0.0000000	0.0000000
16.0040	0.0000000	0.0000000	0.0000000	0.0000000	0.0000000	0.0000000	0.0000000	0.0000000	0.0000000	0.0000000	0.0000000	0.0000000	0.0000000	0.0000000	0.0000000	0.0000000	0.0000000	0.0000000	0.0000000	0.0000000	0.0000000	0.0000000	0.0000000	0.0000000	0.0000000	0.0000000	0.0000000	0.0000000	0.0000000	0.0000000	0.0000000	0.0000000	0.0000000	0.0000000	0.0000000	0.0000000	0.0000000	0.0000000	0.0000000	0.0000000	4.0618919e-09	5.6137653e-07	3.8541768e-05	0.0013856585	0.026433990	0.27058766	1.5407219	5.2411766	12.055985	21.648603	33.433804	46.655004	60.130195	71.840458	79.172721	80.047042	73.483650	60.211337	42.977856	25.910069	12.712287	4.8916446	1.4420815	0.33082851	0.063141142	0.010945606	0.0018474484	0.00031622900	5.6032789e-05	1.0332160e-05	1.9830154e-06	3.7087051e-07	0.0000000	0.0000000	0.0000000	0.0000000	0.0000000	0.0000000	0.0000000	0.0000000	0.0000000
10.7700	0.0000000	0.0000000	0.0000000	0.0000000	0.0000000	0.0000000	0.0000000	0.0000000	0.0000000	0.0000000	0.0000000	0.0000000	0.0000000	0.0000000	0.0000000	0.0000000	0.0000000	0.0000000	0.0000000	0.0000000	0.0000000	0.0000000	0.0000000	0.0000000	0.0000000	0.0000000	0.0000000	0.0000000	0.0000000	0.0000000	0.0000000	0.0000000	0.0000000	0.0000000	0.0000000	0.0000000	0.0000000	0.0000000	0.0000000	0.0000000	1.9709276e-10	4.4258846e-08	4.6992107e-06	0.00025041710	0.0068180681	0.096238044	0.73192236	3.2267138	9.3424027	20.544461	37.904888	61.797866	91.266654	123.40219	153.07394	173.41396	177.46048	161.19223	126.80984	83.741347	44.713305	18.595074	5.8802909	1.4364967	0.29008825	0.052915381	0.0093503364	0.0016677632	0.00030666920	5.8489468e-05	1.1584700e-05	2.2333945e-06	0.0000000	0.0000000	0.0000000	0.0000000	0.0000000	0.0000000	0.0000000	0.0000000	0.0000000
10.6570	0.0000000	0.0000000	0.0000000	0.0000000	0.0000000	0.0000000	0.0000000	0.0000000	0.0000000	0.0000000	0.0000000	0.0000000	0.0000000	0.0000000	0.0000000	0.0000000	0.0000000	0.0000000	0.0000000	0.0000000	0.0000000	0.0000000	0.0000000	0.0000000	0.0000000	0.0000000	0.0000000	0.0000000	0.0000000	0.0000000	0.0000000	0.0000000	0.0000000	0.0000000	0.0000000	0.0000000	0.0000000	0.0000000	0.0000000	0.0000000	8.7783479e-11	1.9925351e-08	2.1339565e-06	0.00011452554	0.0031375096	0.044535148	0.34044936	1.5086325	4.3944169	9.7371533	18.132940	29.892042	44.712276	61.315558	77.220140	88.898179	92.514813	85.515350	68.509366	46.108454	25.109502	10.652561	3.4343997	0.85421278	0.17527328	0.032405933	0.0057913238	0.0010427977	0.00019327873	3.7105652e-05	7.3877401e-06	1.4297046e-06	0.0000000	0.0000000	0.0000000	0.0000000	0.0000000	0.0000000	0.0000000	0.0000000	0.0000000
12.6800	0.0000000	0.0000000	0.0000000	0.0000000	0.0000000	0.0000000	0.0000000	0.0000000	0.0000000	0.0000000	0.0000000	0.0000000	0.0000000	0.0000000	0.0000000	0.0000000	0.0000000	0.0000000	0.0000000	0.0000000	0.0000000	0.0000000	0.0000000	0.0000000	0.0000000	0.0000000	0.0000000	0.0000000	0.0000000	0.0000000	0.0000000	0.0000000	0.0000000	0.0000000	0.0000000	0.0000000	0.0000000	0.0000000	0.0000000	0.0000000	6.4587512e-10	1.0804799e-07	8.8290354e-06	0.00037387628	0.0083362694	0.098876242	0.64366799	2.4508330	6.1624732	11.840850	19.215753	27.778686	36.765534	45.119648	51.392455	54.002110	51.690628	44.201071	32.895679	20.649860	10.531520	4.2029350	1.2813647	0.30316907	0.059536719	0.010591887	0.0018287138	0.00031894420	5.7333094e-05	1.0675377e-05	2.0590454e-06	3.8518094e-07	0.0000000	0.0000000	0.0000000	0.0000000	0.0000000	0.0000000	0.0000000	0.0000000	0.0000000
11.0230	0.0000000	0.0000000	0.0000000	0.0000000	0.0000000	0.0000000	0.0000000	0.0000000	0.0000000	0.0000000	0.0000000	0.0000000	0.0000000	0.0000000	0.0000000	0.0000000	0.0000000	0.0000000	0.0000000	0.0000000	0.0000000	0.0000000	0.0000000	0.0000000	0.0000000	0.0000000	0.0000000	0.0000000	0.0000000	0.0000000	0.0000000	0.0000000	0.0000000	0.0000000	0.0000000	0.0000000	0.0000000	0.0000000	0.0000000	0.0000000	6.1163129e-11	1.3369488e-08	1.3955466e-06	7.3605548e-05	0.0019880718	0.027790462	0.20895225	0.91037665	2.6096472	5.7050373	10.523395	17.247865	25.719519	35.216151	44.300035	50.912252	52.873514	48.776191	39.014350	26.232987	14.284443	6.1012102	2.0105212	0.51062971	0.10686795	0.020129250	0.0036592281	0.00066902845	0.00012578011	2.4493166e-05	4.9512711e-06	9.7453107e-07	0.0000000	0.0000000	0.0000000	0.0000000	0.0000000	0.0000000	0.0000000	0.0000000	0.0000000
10.1150	0.0000000	0.0000000	0.0000000	0.0000000	0.0000000	0.0000000	0.0000000	0.0000000	0.0000000	0.0000000	0.0000000	0.0000000	0.0000000	0.0000000	0.0000000	0.0000000	0.0000000	0.0000000	0.0000000	0.0000000	0.0000000	0.0000000	0.0000000	0.0000000	0.0000000	0.0000000	0.0000000	0.0000000	0.0000000	0.0000000	0.0000000	0.0000000	0.0000000	0.0000000	0.0000000	0.0000000	0.0000000	0.0000000	0.0000000	0.0000000	1.0842038e-11	2.6635991e-09	3.0668796e-07	1.7593671e-05	0.00051258142	0.0077032690	0.062105140	0.28913235	0.88101692	2.0315756	3.9165248	6.6528457	10.215086	14.338767	18.450637	21.678482	22.997699	21.636573	17.607707	11.781615	6.0458331	2.4214549	0.74193448	0.17725943	0.035548719	0.0066735802	0.0012136462	0.00022267790	4.2087284e-05	8.2427392e-06	1.6746138e-06	3.3076991e-07	0.0000000	0.0000000	0.0000000	0.0000000	0.0000000	0.0000000	0.0000000	0.0000000	0.0000000
