# DO NOT EDIT: written Thu Mar 14 18:48:37 2019 by wrt_emiss_fe17.pro
# faked emissivities [1e-23 ergs cm^3/s] for Fe17 lines from Del Zanna 2011, A&A 536, A59
# emissivities include ion balance, but not abundance, and are spline and ion balance jittered off of emiss_Fe17_00000.txt
# line 6 -- SEED, LOGT
# lines 7+ -- WVL, EMISSIVITY
      353939	4.00	4.05	4.10	4.15	4.20	4.25	4.30	4.35	4.40	4.45	4.50	4.55	4.60	4.65	4.70	4.75	4.80	4.85	4.90	4.95	5.00	5.05	5.10	5.15	5.20	5.25	5.30	5.35	5.40	5.45	5.50	5.55	5.60	5.65	5.70	5.75	5.80	5.85	5.90	5.95	6.00	6.05	6.10	6.15	6.20	6.25	6.30	6.35	6.40	6.45	6.50	6.55	6.60	6.65	6.70	6.75	6.80	6.85	6.90	6.95	7.00	7.05	7.10	7.15	7.20	7.25	7.30	7.35	7.40	7.45	7.50	7.55	7.60	7.65	7.70	7.75	7.80	7.85	7.90	7.95	8.00
15.0130	0.0000000	0.0000000	0.0000000	0.0000000	0.0000000	0.0000000	0.0000000	0.0000000	0.0000000	0.0000000	0.0000000	0.0000000	0.0000000	0.0000000	0.0000000	0.0000000	0.0000000	0.0000000	0.0000000	0.0000000	0.0000000	0.0000000	0.0000000	0.0000000	0.0000000	0.0000000	0.0000000	0.0000000	0.0000000	0.0000000	0.0000000	0.0000000	0.0000000	0.0000000	0.0000000	0.0000000	0.0000000	0.0000000	0.0000000	0.0000000	2.0406682e-07	2.9717681e-05	0.0021540656	0.080395185	1.5565875	15.729207	87.137125	293.70588	687.11243	1271.4869	2029.7947	2922.3994	3872.1194	4755.6179	5410.1454	5663.2217	5386.0608	4567.8452	3368.6701	2093.3284	1056.4840	417.79057	126.64418	29.909749	5.8796713	1.0489911	0.18190905	0.031928750	0.0057908408	0.0010918437	0.00021430345	3.9061595e-05	0.0000000	0.0000000	0.0000000	0.0000000	0.0000000	0.0000000	0.0000000	0.0000000	0.0000000
17.0510	0.0000000	0.0000000	0.0000000	0.0000000	0.0000000	0.0000000	0.0000000	0.0000000	0.0000000	0.0000000	0.0000000	0.0000000	0.0000000	0.0000000	0.0000000	0.0000000	0.0000000	0.0000000	0.0000000	0.0000000	0.0000000	0.0000000	0.0000000	0.0000000	0.0000000	0.0000000	0.0000000	0.0000000	0.0000000	0.0000000	0.0000000	0.0000000	0.0000000	0.0000000	0.0000000	0.0000000	0.0000000	0.0000000	0.0000000	0.0000000	4.9589716e-07	6.3554903e-05	0.0041063832	0.13797778	2.4222307	22.317717	113.25753	351.24767	759.42221	1304.5044	1941.3466	2615.5229	3253.9358	3764.0100	4044.6423	4010.4533	3623.5428	2927.3176	2060.9915	1224.9657	592.32933	224.77644	65.471805	14.880155	2.8194084	0.48552863	0.081369901	0.013817870	0.0024272197	0.00044365000	8.4453561e-05	1.4926956e-05	0.0000000	0.0000000	0.0000000	0.0000000	0.0000000	0.0000000	0.0000000	0.0000000	0.0000000
17.0960	0.0000000	0.0000000	0.0000000	0.0000000	0.0000000	0.0000000	0.0000000	0.0000000	0.0000000	0.0000000	0.0000000	0.0000000	0.0000000	0.0000000	0.0000000	0.0000000	0.0000000	0.0000000	0.0000000	0.0000000	0.0000000	0.0000000	0.0000000	0.0000000	0.0000000	0.0000000	0.0000000	0.0000000	0.0000000	0.0000000	0.0000000	0.0000000	0.0000000	0.0000000	0.0000000	0.0000000	0.0000000	0.0000000	0.0000000	0.0000000	4.8200506e-07	6.0111844e-05	0.0037758177	0.12344243	2.1133382	19.025627	94.426675	286.32220	604.59636	1012.6214	1466.6121	1926.0029	2360.9586	2685.8378	2833.4165	2753.6768	2434.5441	1921.3035	1319.0355	762.89869	358.13270	131.60874	37.041783	8.1212352	1.4827812	0.24595733	0.039716682	0.0065030064	0.0011022968	0.00019459487	3.5811396e-05	6.1250779e-06	0.0000000	0.0000000	0.0000000	0.0000000	0.0000000	0.0000000	0.0000000	0.0000000	0.0000000
16.7760	0.0000000	0.0000000	0.0000000	0.0000000	0.0000000	0.0000000	0.0000000	0.0000000	0.0000000	0.0000000	0.0000000	0.0000000	0.0000000	0.0000000	0.0000000	0.0000000	0.0000000	0.0000000	0.0000000	0.0000000	0.0000000	0.0000000	0.0000000	0.0000000	0.0000000	0.0000000	0.0000000	0.0000000	0.0000000	0.0000000	0.0000000	0.0000000	0.0000000	0.0000000	0.0000000	0.0000000	0.0000000	0.0000000	0.0000000	0.0000000	2.9284214e-07	3.7786492e-05	0.0024512437	0.082592538	1.4557410	13.495247	69.064430	216.47341	473.85189	824.88925	1244.3275	1698.3228	2136.6924	2494.5321	2701.1777	2695.6268	2448.7186	1987.3864	1405.0491	838.23760	406.65339	154.73805	45.551054	10.579826	2.0452721	0.35878178	0.061150543	0.010540911	0.0018751578	0.00034613850	6.6326438e-05	1.1755914e-05	0.0000000	0.0000000	0.0000000	0.0000000	0.0000000	0.0000000	0.0000000	0.0000000	0.0000000
15.2620	0.0000000	0.0000000	0.0000000	0.0000000	0.0000000	0.0000000	0.0000000	0.0000000	0.0000000	0.0000000	0.0000000	0.0000000	0.0000000	0.0000000	0.0000000	0.0000000	0.0000000	0.0000000	0.0000000	0.0000000	0.0000000	0.0000000	0.0000000	0.0000000	0.0000000	0.0000000	0.0000000	0.0000000	0.0000000	0.0000000	0.0000000	0.0000000	0.0000000	0.0000000	0.0000000	0.0000000	0.0000000	0.0000000	0.0000000	0.0000000	5.6145894e-08	8.0581782e-06	0.00057693342	0.021303864	0.40845208	4.0865625	22.395376	74.617381	172.47956	315.35532	497.66978	709.07364	930.92046	1134.3732	1282.1868	1335.5203	1265.8705	1071.5128	789.68777	490.90174	248.05092	103.26068	34.962910	9.2239037	1.8852915	0.33727835	0.058642614	0.010317506	0.0018749538	0.00035400980	6.9529309e-05	1.2669015e-05	0.0000000	0.0000000	0.0000000	0.0000000	0.0000000	0.0000000	0.0000000	0.0000000	0.0000000
12.1240	0.0000000	0.0000000	0.0000000	0.0000000	0.0000000	0.0000000	0.0000000	0.0000000	0.0000000	0.0000000	0.0000000	0.0000000	0.0000000	0.0000000	0.0000000	0.0000000	0.0000000	0.0000000	0.0000000	0.0000000	0.0000000	0.0000000	0.0000000	0.0000000	0.0000000	0.0000000	0.0000000	0.0000000	0.0000000	0.0000000	0.0000000	0.0000000	0.0000000	0.0000000	0.0000000	0.0000000	0.0000000	0.0000000	0.0000000	0.0000000	4.5613921e-09	8.2742920e-07	7.2705710e-05	0.0032122548	0.072110671	0.82975876	5.1550803	19.246910	49.379875	99.351015	171.15295	264.14573	372.87763	485.12546	581.72293	639.18112	635.91327	562.44768	431.34026	277.92928	145.01261	59.104797	18.410294	4.4567019	0.89614293	0.16320865	0.028833680	0.0051455953	0.00094699488	0.00018083033	3.5865950e-05	6.5892037e-06	0.0000000	0.0000000	0.0000000	0.0000000	0.0000000	0.0000000	0.0000000	0.0000000	0.0000000
12.2640	0.0000000	0.0000000	0.0000000	0.0000000	0.0000000	0.0000000	0.0000000	0.0000000	0.0000000	0.0000000	0.0000000	0.0000000	0.0000000	0.0000000	0.0000000	0.0000000	0.0000000	0.0000000	0.0000000	0.0000000	0.0000000	0.0000000	0.0000000	0.0000000	0.0000000	0.0000000	0.0000000	0.0000000	0.0000000	0.0000000	0.0000000	0.0000000	0.0000000	0.0000000	0.0000000	0.0000000	0.0000000	0.0000000	0.0000000	0.0000000	4.1584104e-09	7.6573856e-07	6.8553846e-05	0.0030955931	0.071200872	0.84040386	5.3465314	20.345230	52.825696	106.65309	182.76308	278.74185	387.32111	495.39125	584.49401	633.16952	622.16068	544.30427	413.41147	264.18671	136.93750	55.551458	17.256908	4.1741634	0.83995286	0.15324653	0.027137081	0.0048548596	0.00089549098	0.00017127491	3.3993915e-05	6.2417077e-06	0.0000000	0.0000000	0.0000000	0.0000000	0.0000000	0.0000000	0.0000000	0.0000000	0.0000000
13.8250	0.0000000	0.0000000	0.0000000	0.0000000	0.0000000	0.0000000	0.0000000	0.0000000	0.0000000	0.0000000	0.0000000	0.0000000	0.0000000	0.0000000	0.0000000	0.0000000	0.0000000	0.0000000	0.0000000	0.0000000	0.0000000	0.0000000	0.0000000	0.0000000	0.0000000	0.0000000	0.0000000	0.0000000	0.0000000	0.0000000	0.0000000	0.0000000	0.0000000	0.0000000	0.0000000	0.0000000	0.0000000	0.0000000	0.0000000	0.0000000	8.1153360e-09	1.2529041e-06	9.6167529e-05	0.0038040395	0.078192901	0.83977743	4.9415447	17.638756	43.445429	84.133231	139.87533	208.98468	286.73291	364.42035	429.13048	465.01346	457.63603	401.06716	304.93252	194.79042	100.80503	40.795462	12.638870	3.0492558	0.61245107	0.11170449	0.019813833	0.0035585335	0.00066042583	0.00012736880	2.5541824e-05	4.7470344e-06	0.0000000	0.0000000	0.0000000	0.0000000	0.0000000	0.0000000	0.0000000	0.0000000	0.0000000
15.4530	0.0000000	0.0000000	0.0000000	0.0000000	0.0000000	0.0000000	0.0000000	0.0000000	0.0000000	0.0000000	0.0000000	0.0000000	0.0000000	0.0000000	0.0000000	0.0000000	0.0000000	0.0000000	0.0000000	0.0000000	0.0000000	0.0000000	0.0000000	0.0000000	0.0000000	0.0000000	0.0000000	0.0000000	0.0000000	0.0000000	0.0000000	0.0000000	0.0000000	0.0000000	0.0000000	0.0000000	0.0000000	0.0000000	0.0000000	0.0000000	2.5821517e-08	3.5818944e-06	0.00024760628	0.0088168068	0.16282378	1.5676631	8.2605577	26.434884	58.602042	102.56601	154.59924	209.85200	261.78384	302.24615	322.73959	316.67226	282.01454	223.75028	154.22338	89.488082	42.143445	15.545391	4.3954409	0.96903160	0.17808522	0.029761570	0.0045322647	0.00067105502	0.00010598061	1.8536966e-05	3.5386341e-06	6.4336732e-07	0.0000000	0.0000000	0.0000000	0.0000000	0.0000000	0.0000000	0.0000000	0.0000000	0.0000000
11.2500	0.0000000	0.0000000	0.0000000	0.0000000	0.0000000	0.0000000	0.0000000	0.0000000	0.0000000	0.0000000	0.0000000	0.0000000	0.0000000	0.0000000	0.0000000	0.0000000	0.0000000	0.0000000	0.0000000	0.0000000	0.0000000	0.0000000	0.0000000	0.0000000	0.0000000	0.0000000	0.0000000	0.0000000	0.0000000	0.0000000	0.0000000	0.0000000	0.0000000	0.0000000	0.0000000	0.0000000	0.0000000	0.0000000	0.0000000	0.0000000	8.1628479e-10	1.6802998e-07	1.6553301e-05	0.00081061970	0.019952416	0.24913342	1.6627828	6.6061249	17.882382	37.686882	67.580562	107.99002	157.13808	209.97434	257.77674	289.21026	293.17417	263.77944	205.55133	134.50821	71.280457	29.526817	9.3545200	2.2990517	0.46685561	0.085296196	0.015026956	0.0026600275	0.00048331956	9.0738943e-05	1.7631117e-05	3.1637704e-06	0.0000000	0.0000000	0.0000000	0.0000000	0.0000000	0.0000000	0.0000000	0.0000000	0.0000000
11.1290	0.0000000	0.0000000	0.0000000	0.0000000	0.0000000	0.0000000	0.0000000	0.0000000	0.0000000	0.0000000	0.0000000	0.0000000	0.0000000	0.0000000	0.0000000	0.0000000	0.0000000	0.0000000	0.0000000	0.0000000	0.0000000	0.0000000	0.0000000	0.0000000	0.0000000	0.0000000	0.0000000	0.0000000	0.0000000	0.0000000	0.0000000	0.0000000	0.0000000	0.0000000	0.0000000	0.0000000	0.0000000	0.0000000	0.0000000	0.0000000	5.9958471e-10	1.3318615e-07	1.3268733e-05	0.00065650436	0.016313040	0.20545872	1.3818882	5.5264211	15.038411	31.816526	57.200753	91.524586	131.05707	167.09994	195.37889	208.80571	202.13611	174.34739	130.77014	82.711207	42.628017	17.429802	5.4430110	1.3204875	0.26605150	0.048550003	0.0086955314	0.0015867968	0.00029934135	5.8629378e-05	1.1916864e-05	2.2383738e-06	0.0000000	0.0000000	0.0000000	0.0000000	0.0000000	0.0000000	0.0000000	0.0000000	0.0000000
16.3360	0.0000000	0.0000000	0.0000000	0.0000000	0.0000000	0.0000000	0.0000000	0.0000000	0.0000000	0.0000000	0.0000000	0.0000000	0.0000000	0.0000000	0.0000000	0.0000000	0.0000000	0.0000000	0.0000000	0.0000000	0.0000000	0.0000000	0.0000000	0.0000000	0.0000000	0.0000000	0.0000000	0.0000000	0.0000000	0.0000000	0.0000000	0.0000000	0.0000000	0.0000000	0.0000000	0.0000000	0.0000000	0.0000000	0.0000000	0.0000000	9.6197382e-09	1.2541958e-06	8.2041697e-05	0.0027826098	0.049312761	0.45913245	2.3556120	7.3845710	16.125201	27.926472	41.831231	56.661768	70.817980	82.246049	88.676774	88.152514	79.763581	64.439310	45.286348	26.813789	12.889378	4.8517624	1.3987547	0.31400824	0.058649276	0.0099356355	0.0016345956	0.00027181317	4.6603962e-05	8.2803465e-06	1.5265123e-06	2.6087515e-07	0.0000000	0.0000000	0.0000000	0.0000000	0.0000000	0.0000000	0.0000000	0.0000000	0.0000000
13.8900	0.0000000	0.0000000	0.0000000	0.0000000	0.0000000	0.0000000	0.0000000	0.0000000	0.0000000	0.0000000	0.0000000	0.0000000	0.0000000	0.0000000	0.0000000	0.0000000	0.0000000	0.0000000	0.0000000	0.0000000	0.0000000	0.0000000	0.0000000	0.0000000	0.0000000	0.0000000	0.0000000	0.0000000	0.0000000	0.0000000	0.0000000	0.0000000	0.0000000	0.0000000	0.0000000	0.0000000	0.0000000	0.0000000	0.0000000	0.0000000	2.8125177e-09	4.2173559e-07	3.1492253e-05	0.0012147933	0.024412576	0.25689670	1.4831607	5.1932600	12.517494	23.635389	38.160595	55.144325	72.894042	88.978101	100.44197	104.20093	98.087923	82.178688	59.699396	36.412574	17.979172	6.9378508	2.0483880	0.47080591	0.090075025	0.015650413	0.0026460731	0.00045351054	8.0459603e-05	1.4867906e-05	2.8647969e-06	5.1328423e-07	0.0000000	0.0000000	0.0000000	0.0000000	0.0000000	0.0000000	0.0000000	0.0000000	0.0000000
16.0040	0.0000000	0.0000000	0.0000000	0.0000000	0.0000000	0.0000000	0.0000000	0.0000000	0.0000000	0.0000000	0.0000000	0.0000000	0.0000000	0.0000000	0.0000000	0.0000000	0.0000000	0.0000000	0.0000000	0.0000000	0.0000000	0.0000000	0.0000000	0.0000000	0.0000000	0.0000000	0.0000000	0.0000000	0.0000000	0.0000000	0.0000000	0.0000000	0.0000000	0.0000000	0.0000000	0.0000000	0.0000000	0.0000000	0.0000000	0.0000000	5.4828164e-09	7.2630606e-07	4.8106444e-05	0.0016900771	0.030883528	0.29500064	1.5466778	4.9409806	10.974350	19.306684	29.327776	40.200827	50.724876	59.347766	64.369717	64.325700	58.502822	47.518099	33.594355	20.023802	9.6954869	3.6785281	1.0699514	0.24269158	0.048930802	0.0090732174	0.0016321773	0.00028450742	4.8712778e-05	8.6624150e-06	1.6159649e-06	2.8174356e-07	0.0000000	0.0000000	0.0000000	0.0000000	0.0000000	0.0000000	0.0000000	0.0000000	0.0000000
10.7700	0.0000000	0.0000000	0.0000000	0.0000000	0.0000000	0.0000000	0.0000000	0.0000000	0.0000000	0.0000000	0.0000000	0.0000000	0.0000000	0.0000000	0.0000000	0.0000000	0.0000000	0.0000000	0.0000000	0.0000000	0.0000000	0.0000000	0.0000000	0.0000000	0.0000000	0.0000000	0.0000000	0.0000000	0.0000000	0.0000000	0.0000000	0.0000000	0.0000000	0.0000000	0.0000000	0.0000000	0.0000000	0.0000000	0.0000000	0.0000000	3.0183543e-10	6.4830982e-08	6.6426417e-06	0.00033757517	0.0086086834	0.11119354	0.76612634	3.1323904	8.6849914	18.644434	33.888158	54.661841	80.033656	107.37597	132.18362	148.54584	150.64910	135.42907	105.29679	68.649766	36.199704	14.906272	4.6928938	1.1493127	0.23413407	0.043283301	0.0077769455	0.0014142003	0.00026571996	5.1894326e-05	1.0529762e-05	1.9753680e-06	0.0000000	0.0000000	0.0000000	0.0000000	0.0000000	0.0000000	0.0000000	0.0000000	0.0000000
10.6570	0.0000000	0.0000000	0.0000000	0.0000000	0.0000000	0.0000000	0.0000000	0.0000000	0.0000000	0.0000000	0.0000000	0.0000000	0.0000000	0.0000000	0.0000000	0.0000000	0.0000000	0.0000000	0.0000000	0.0000000	0.0000000	0.0000000	0.0000000	0.0000000	0.0000000	0.0000000	0.0000000	0.0000000	0.0000000	0.0000000	0.0000000	0.0000000	0.0000000	0.0000000	0.0000000	0.0000000	0.0000000	0.0000000	0.0000000	0.0000000	1.5718295e-10	3.4483271e-08	3.5953626e-06	0.00018540500	0.0047888042	0.062551827	0.43520868	1.7949874	5.0193630	10.871427	19.945183	32.487307	48.043520	65.091776	80.867138	91.627217	93.569860	84.568238	65.991626	43.101922	22.721830	9.3314453	2.9221625	0.70977827	0.14296041	0.026048128	0.0045998187	0.00081992763	0.00015062655	2.8689762e-05	5.6710825e-06	1.0376518e-06	0.0000000	0.0000000	0.0000000	0.0000000	0.0000000	0.0000000	0.0000000	0.0000000	0.0000000
12.6800	0.0000000	0.0000000	0.0000000	0.0000000	0.0000000	0.0000000	0.0000000	0.0000000	0.0000000	0.0000000	0.0000000	0.0000000	0.0000000	0.0000000	0.0000000	0.0000000	0.0000000	0.0000000	0.0000000	0.0000000	0.0000000	0.0000000	0.0000000	0.0000000	0.0000000	0.0000000	0.0000000	0.0000000	0.0000000	0.0000000	0.0000000	0.0000000	0.0000000	0.0000000	0.0000000	0.0000000	0.0000000	0.0000000	0.0000000	0.0000000	8.8986608e-10	1.4356434e-07	1.1427945e-05	0.00046643415	0.0098572009	0.10841854	0.64911613	2.3310622	5.7157540	10.927787	17.816263	25.988838	34.769362	43.140114	49.634360	52.581163	50.598600	43.339892	32.152206	19.980633	10.027350	3.9233980	1.1717605	0.27175056	0.052301647	0.0091070172	0.0015359924	0.00026117010	4.5677684e-05	8.2609947e-06	1.5469791e-06	2.6809481e-07	0.0000000	0.0000000	0.0000000	0.0000000	0.0000000	0.0000000	0.0000000	0.0000000	0.0000000
11.0230	0.0000000	0.0000000	0.0000000	0.0000000	0.0000000	0.0000000	0.0000000	0.0000000	0.0000000	0.0000000	0.0000000	0.0000000	0.0000000	0.0000000	0.0000000	0.0000000	0.0000000	0.0000000	0.0000000	0.0000000	0.0000000	0.0000000	0.0000000	0.0000000	0.0000000	0.0000000	0.0000000	0.0000000	0.0000000	0.0000000	0.0000000	0.0000000	0.0000000	0.0000000	0.0000000	0.0000000	0.0000000	0.0000000	0.0000000	0.0000000	1.1271095e-10	2.3935598e-08	2.4464092e-06	0.00012469174	0.0031914538	0.041232223	0.28321640	1.1522076	3.1797896	6.8124035	12.409633	20.145381	29.784401	40.443624	50.448182	57.468434	59.123390	53.994781	42.737372	28.442296	15.358274	6.5192762	2.1308899	0.53775359	0.11151369	0.020753852	0.0037179433	0.00066850786	0.00012343314	2.3594936e-05	4.6824106e-06	8.6143562e-07	0.0000000	0.0000000	0.0000000	0.0000000	0.0000000	0.0000000	0.0000000	0.0000000	0.0000000
10.1150	0.0000000	0.0000000	0.0000000	0.0000000	0.0000000	0.0000000	0.0000000	0.0000000	0.0000000	0.0000000	0.0000000	0.0000000	0.0000000	0.0000000	0.0000000	0.0000000	0.0000000	0.0000000	0.0000000	0.0000000	0.0000000	0.0000000	0.0000000	0.0000000	0.0000000	0.0000000	0.0000000	0.0000000	0.0000000	0.0000000	0.0000000	0.0000000	0.0000000	0.0000000	0.0000000	0.0000000	0.0000000	0.0000000	0.0000000	0.0000000	1.3623004e-11	3.2615131e-09	3.6912501e-07	2.0556318e-05	0.00057044532	0.0079684422	0.059049646	0.25837736	0.76316692	1.7369166	3.3310695	5.6460046	8.6567003	12.127823	15.555732	18.182346	19.138150	17.807871	14.284191	9.5711143	5.1665414	2.1709226	0.69567360	0.17306539	0.035750818	0.0066916709	0.0012154057	0.00022296485	4.2163386e-05	8.2672761e-06	1.6824662e-06	3.1689449e-07	0.0000000	0.0000000	0.0000000	0.0000000	0.0000000	0.0000000	0.0000000	0.0000000	0.0000000
