# DO NOT EDIT: written Thu Mar 14 18:48:37 2019 by wrt_emiss_fe17.pro
# faked emissivities [1e-23 ergs cm^3/s] for Fe17 lines from Del Zanna 2011, A&A 536, A59
# emissivities include ion balance, but not abundance, and are spline and ion balance jittered off of emiss_Fe17_00000.txt
# line 6 -- SEED, LOGT
# lines 7+ -- WVL, EMISSIVITY
      766211	4.00	4.05	4.10	4.15	4.20	4.25	4.30	4.35	4.40	4.45	4.50	4.55	4.60	4.65	4.70	4.75	4.80	4.85	4.90	4.95	5.00	5.05	5.10	5.15	5.20	5.25	5.30	5.35	5.40	5.45	5.50	5.55	5.60	5.65	5.70	5.75	5.80	5.85	5.90	5.95	6.00	6.05	6.10	6.15	6.20	6.25	6.30	6.35	6.40	6.45	6.50	6.55	6.60	6.65	6.70	6.75	6.80	6.85	6.90	6.95	7.00	7.05	7.10	7.15	7.20	7.25	7.30	7.35	7.40	7.45	7.50	7.55	7.60	7.65	7.70	7.75	7.80	7.85	7.90	7.95	8.00
15.0130	0.0000000	0.0000000	0.0000000	0.0000000	0.0000000	0.0000000	0.0000000	0.0000000	0.0000000	0.0000000	0.0000000	0.0000000	0.0000000	0.0000000	0.0000000	0.0000000	0.0000000	0.0000000	0.0000000	0.0000000	0.0000000	0.0000000	0.0000000	0.0000000	0.0000000	0.0000000	0.0000000	0.0000000	0.0000000	0.0000000	0.0000000	0.0000000	0.0000000	0.0000000	0.0000000	0.0000000	0.0000000	0.0000000	0.0000000	0.0000000	4.8572617e-08	8.7133221e-06	0.00071967278	0.031476849	0.75684816	9.9786664	71.300157	283.66634	719.69518	1382.4145	2249.3941	3278.3687	4389.5075	5453.2076	6291.7954	6707.1259	6530.9261	5705.4745	4360.2403	2821.9031	1486.4125	611.99643	191.65988	46.284878	9.2227191	1.6584482	0.28892477	0.050842704	0.0092343194	0.0017418440	0.00034179311	6.7579862e-05	0.0000000	0.0000000	0.0000000	0.0000000	0.0000000	0.0000000	0.0000000	0.0000000	0.0000000
17.0510	0.0000000	0.0000000	0.0000000	0.0000000	0.0000000	0.0000000	0.0000000	0.0000000	0.0000000	0.0000000	0.0000000	0.0000000	0.0000000	0.0000000	0.0000000	0.0000000	0.0000000	0.0000000	0.0000000	0.0000000	0.0000000	0.0000000	0.0000000	0.0000000	0.0000000	0.0000000	0.0000000	0.0000000	0.0000000	0.0000000	0.0000000	0.0000000	0.0000000	0.0000000	0.0000000	0.0000000	0.0000000	0.0000000	0.0000000	0.0000000	8.7784231e-08	1.3349933e-05	0.00096309546	0.038449322	0.85534711	10.524945	70.720223	266.49256	644.89744	1188.4240	1860.5646	2608.5569	3352.2587	3987.8458	4396.2353	4469.2226	4143.5995	3441.8204	2497.3614	1532.4908	764.53971	297.91636	88.281557	20.187180	3.8147015	0.65185116	0.10816494	0.018174993	0.0031604346	0.00057232216	0.00010808629	2.0830144e-05	0.0000000	0.0000000	0.0000000	0.0000000	0.0000000	0.0000000	0.0000000	0.0000000	0.0000000
17.0960	0.0000000	0.0000000	0.0000000	0.0000000	0.0000000	0.0000000	0.0000000	0.0000000	0.0000000	0.0000000	0.0000000	0.0000000	0.0000000	0.0000000	0.0000000	0.0000000	0.0000000	0.0000000	0.0000000	0.0000000	0.0000000	0.0000000	0.0000000	0.0000000	0.0000000	0.0000000	0.0000000	0.0000000	0.0000000	0.0000000	0.0000000	0.0000000	0.0000000	0.0000000	0.0000000	0.0000000	0.0000000	0.0000000	0.0000000	0.0000000	1.0166969e-07	1.5121772e-05	0.0010667141	0.041289428	0.88894973	10.598575	69.025253	251.92694	589.66170	1049.7024	1588.4114	2158.2741	2698.1306	3131.5695	3375.3425	3359.5928	3052.6483	2486.7874	1770.1833	1065.5017	521.05293	198.79242	57.595347	12.857603	2.3684801	0.39404076	0.063604184	0.010390083	0.0017555799	0.00030877758	5.6613127e-05	1.0587199e-05	0.0000000	0.0000000	0.0000000	0.0000000	0.0000000	0.0000000	0.0000000	0.0000000	0.0000000
16.7760	0.0000000	0.0000000	0.0000000	0.0000000	0.0000000	0.0000000	0.0000000	0.0000000	0.0000000	0.0000000	0.0000000	0.0000000	0.0000000	0.0000000	0.0000000	0.0000000	0.0000000	0.0000000	0.0000000	0.0000000	0.0000000	0.0000000	0.0000000	0.0000000	0.0000000	0.0000000	0.0000000	0.0000000	0.0000000	0.0000000	0.0000000	0.0000000	0.0000000	0.0000000	0.0000000	0.0000000	0.0000000	0.0000000	0.0000000	0.0000000	7.5691163e-08	1.1633594e-05	0.00084483364	0.033525400	0.73726016	8.9516673	59.231216	219.32373	520.35458	938.48702	1438.4333	1978.9041	2502.6123	2937.0789	3202.8886	3229.8979	2979.0983	2469.4645	1794.2794	1106.4524	556.65186	219.48281	66.024126	15.369358	2.9622264	0.51689212	0.087634586	0.015044402	0.0026708305	0.00049310488	9.4752251e-05	1.8530247e-05	0.0000000	0.0000000	0.0000000	0.0000000	0.0000000	0.0000000	0.0000000	0.0000000	0.0000000
15.2620	0.0000000	0.0000000	0.0000000	0.0000000	0.0000000	0.0000000	0.0000000	0.0000000	0.0000000	0.0000000	0.0000000	0.0000000	0.0000000	0.0000000	0.0000000	0.0000000	0.0000000	0.0000000	0.0000000	0.0000000	0.0000000	0.0000000	0.0000000	0.0000000	0.0000000	0.0000000	0.0000000	0.0000000	0.0000000	0.0000000	0.0000000	0.0000000	0.0000000	0.0000000	0.0000000	0.0000000	0.0000000	0.0000000	0.0000000	0.0000000	1.5715598e-08	2.6894450e-06	0.00021578691	0.0093942813	0.22503680	2.9550350	21.003413	83.012575	208.98004	397.92062	641.42276	925.81146	1227.2199	1508.6130	1721.1663	1812.7414	1742.1109	1500.2582	1128.5807	717.75638	370.79357	149.38743	45.669726	10.750069	2.0873255	0.36615215	0.062384699	0.010780773	0.0019340328	0.00036279550	7.1224997e-05	1.4307713e-05	0.0000000	0.0000000	0.0000000	0.0000000	0.0000000	0.0000000	0.0000000	0.0000000	0.0000000
12.1240	0.0000000	0.0000000	0.0000000	0.0000000	0.0000000	0.0000000	0.0000000	0.0000000	0.0000000	0.0000000	0.0000000	0.0000000	0.0000000	0.0000000	0.0000000	0.0000000	0.0000000	0.0000000	0.0000000	0.0000000	0.0000000	0.0000000	0.0000000	0.0000000	0.0000000	0.0000000	0.0000000	0.0000000	0.0000000	0.0000000	0.0000000	0.0000000	0.0000000	0.0000000	0.0000000	0.0000000	0.0000000	0.0000000	0.0000000	0.0000000	9.2942540e-10	2.0542012e-07	2.0645326e-05	0.0010958055	0.031257038	0.47897396	3.9059137	17.464185	49.154502	103.54535	182.87128	286.58006	409.03265	537.37496	651.08139	724.52214	732.82186	662.28917	521.83131	347.20838	187.57643	79.056165	25.307980	6.2438902	1.2711368	0.23360685	0.041592986	0.0074751896	0.0013848043	0.00026592293	5.2976148e-05	1.0707598e-05	0.0000000	0.0000000	0.0000000	0.0000000	0.0000000	0.0000000	0.0000000	0.0000000	0.0000000
12.2640	0.0000000	0.0000000	0.0000000	0.0000000	0.0000000	0.0000000	0.0000000	0.0000000	0.0000000	0.0000000	0.0000000	0.0000000	0.0000000	0.0000000	0.0000000	0.0000000	0.0000000	0.0000000	0.0000000	0.0000000	0.0000000	0.0000000	0.0000000	0.0000000	0.0000000	0.0000000	0.0000000	0.0000000	0.0000000	0.0000000	0.0000000	0.0000000	0.0000000	0.0000000	0.0000000	0.0000000	0.0000000	0.0000000	0.0000000	0.0000000	8.7623739e-10	1.8888564e-07	1.8579599e-05	0.00096834154	0.027200582	0.41140458	3.3160347	14.658554	40.768584	84.833051	148.00387	229.24726	323.74790	423.23773	512.61388	570.31526	576.52698	520.32535	408.92825	271.06939	145.74001	61.067887	19.417029	4.7531482	0.95893107	0.17437354	0.030855946	0.0055569685	0.0010342772	0.00020021034	4.0368675e-05	8.2974287e-06	0.0000000	0.0000000	0.0000000	0.0000000	0.0000000	0.0000000	0.0000000	0.0000000	0.0000000
13.8250	0.0000000	0.0000000	0.0000000	0.0000000	0.0000000	0.0000000	0.0000000	0.0000000	0.0000000	0.0000000	0.0000000	0.0000000	0.0000000	0.0000000	0.0000000	0.0000000	0.0000000	0.0000000	0.0000000	0.0000000	0.0000000	0.0000000	0.0000000	0.0000000	0.0000000	0.0000000	0.0000000	0.0000000	0.0000000	0.0000000	0.0000000	0.0000000	0.0000000	0.0000000	0.0000000	0.0000000	0.0000000	0.0000000	0.0000000	0.0000000	1.8503268e-09	3.3858804e-07	2.8961650e-05	0.0013437070	0.034348581	0.48218516	3.6671171	15.484139	41.451777	83.498034	141.74146	214.62134	297.64561	382.30479	455.49928	500.57601	501.24984	448.73100	349.82496	229.77529	122.25673	50.650462	15.916506	3.8508421	0.76844441	0.13846339	0.024311058	0.0043450923	0.00080156595	0.00015353801	3.0571177e-05	6.1896730e-06	0.0000000	0.0000000	0.0000000	0.0000000	0.0000000	0.0000000	0.0000000	0.0000000	0.0000000
15.4530	0.0000000	0.0000000	0.0000000	0.0000000	0.0000000	0.0000000	0.0000000	0.0000000	0.0000000	0.0000000	0.0000000	0.0000000	0.0000000	0.0000000	0.0000000	0.0000000	0.0000000	0.0000000	0.0000000	0.0000000	0.0000000	0.0000000	0.0000000	0.0000000	0.0000000	0.0000000	0.0000000	0.0000000	0.0000000	0.0000000	0.0000000	0.0000000	0.0000000	0.0000000	0.0000000	0.0000000	0.0000000	0.0000000	0.0000000	0.0000000	5.5941148e-09	9.2069490e-07	7.1007238e-05	0.0029693362	0.068285049	0.86054210	5.8689450	22.248926	53.683700	97.869524	150.84154	207.83822	262.57061	307.09185	332.75484	332.33966	302.52222	246.56583	175.46483	105.56391	51.621771	19.714529	5.7248224	1.2826627	0.23746391	0.039757001	0.0064652087	0.0010650579	0.00018165195	3.2277055e-05	5.9825252e-06	1.1315476e-06	0.0000000	0.0000000	0.0000000	0.0000000	0.0000000	0.0000000	0.0000000	0.0000000	0.0000000
11.2500	0.0000000	0.0000000	0.0000000	0.0000000	0.0000000	0.0000000	0.0000000	0.0000000	0.0000000	0.0000000	0.0000000	0.0000000	0.0000000	0.0000000	0.0000000	0.0000000	0.0000000	0.0000000	0.0000000	0.0000000	0.0000000	0.0000000	0.0000000	0.0000000	0.0000000	0.0000000	0.0000000	0.0000000	0.0000000	0.0000000	0.0000000	0.0000000	0.0000000	0.0000000	0.0000000	0.0000000	0.0000000	0.0000000	0.0000000	0.0000000	1.7687591e-10	4.2950550e-08	4.7031365e-06	0.00027014002	0.0082936438	0.13621315	1.1866641	5.6541903	16.934910	37.954886	71.365905	119.14305	181.06377	249.72933	310.00153	352.41174	363.08608	333.28164	265.94173	178.70056	97.236692	41.169272	13.205962	3.2564296	0.66099192	0.12083444	0.021358533	0.0038062273	0.00064887272	0.00010953024	1.9719936e-05	3.9044198e-06	0.0000000	0.0000000	0.0000000	0.0000000	0.0000000	0.0000000	0.0000000	0.0000000	0.0000000
11.1290	0.0000000	0.0000000	0.0000000	0.0000000	0.0000000	0.0000000	0.0000000	0.0000000	0.0000000	0.0000000	0.0000000	0.0000000	0.0000000	0.0000000	0.0000000	0.0000000	0.0000000	0.0000000	0.0000000	0.0000000	0.0000000	0.0000000	0.0000000	0.0000000	0.0000000	0.0000000	0.0000000	0.0000000	0.0000000	0.0000000	0.0000000	0.0000000	0.0000000	0.0000000	0.0000000	0.0000000	0.0000000	0.0000000	0.0000000	0.0000000	1.1471609e-10	2.8489419e-08	3.1807800e-06	0.00018566206	0.0057715453	0.095597851	0.83623946	3.9814319	11.852538	26.257781	48.532192	79.267699	117.50538	159.84991	199.94572	229.03157	237.76906	219.92488	176.84469	119.76100	65.687849	28.042604	9.0716855	2.2519477	0.45854255	0.083823369	0.014775772	0.0026197885	0.00047764137	9.0151009e-05	1.7648055e-05	3.5080726e-06	0.0000000	0.0000000	0.0000000	0.0000000	0.0000000	0.0000000	0.0000000	0.0000000	0.0000000
16.3360	0.0000000	0.0000000	0.0000000	0.0000000	0.0000000	0.0000000	0.0000000	0.0000000	0.0000000	0.0000000	0.0000000	0.0000000	0.0000000	0.0000000	0.0000000	0.0000000	0.0000000	0.0000000	0.0000000	0.0000000	0.0000000	0.0000000	0.0000000	0.0000000	0.0000000	0.0000000	0.0000000	0.0000000	0.0000000	0.0000000	0.0000000	0.0000000	0.0000000	0.0000000	0.0000000	0.0000000	0.0000000	0.0000000	0.0000000	0.0000000	2.0695745e-09	3.2372713e-07	2.3882245e-05	0.00096082521	0.021390566	0.26257742	1.7535176	6.5382930	15.576507	28.117374	43.016175	58.967846	74.277168	86.831933	94.301851	94.652900	86.812732	71.453134	51.442298	31.361574	15.564133	6.0403561	1.7845281	0.40720641	0.076847660	0.013124433	0.0021784769	0.00036647347	6.3842764e-05	1.1587184e-05	2.1933293e-06	4.2352215e-07	0.0000000	0.0000000	0.0000000	0.0000000	0.0000000	0.0000000	0.0000000	0.0000000	0.0000000
13.8900	0.0000000	0.0000000	0.0000000	0.0000000	0.0000000	0.0000000	0.0000000	0.0000000	0.0000000	0.0000000	0.0000000	0.0000000	0.0000000	0.0000000	0.0000000	0.0000000	0.0000000	0.0000000	0.0000000	0.0000000	0.0000000	0.0000000	0.0000000	0.0000000	0.0000000	0.0000000	0.0000000	0.0000000	0.0000000	0.0000000	0.0000000	0.0000000	0.0000000	0.0000000	0.0000000	0.0000000	0.0000000	0.0000000	0.0000000	0.0000000	6.9944999e-10	1.2421918e-07	1.0289633e-05	0.00046145886	0.011386459	0.15411910	1.1286096	4.5822894	11.777450	22.761736	37.091531	53.922567	71.773880	88.436386	101.02083	106.29341	101.67085	86.647709	63.995290	39.625204	19.809815	7.6988734	2.2700250	0.52209934	0.10151242	0.017840555	0.0030435720	0.00052559563	9.3886026e-05	1.7453390e-05	3.3807078e-06	6.6748767e-07	0.0000000	0.0000000	0.0000000	0.0000000	0.0000000	0.0000000	0.0000000	0.0000000	0.0000000
16.0040	0.0000000	0.0000000	0.0000000	0.0000000	0.0000000	0.0000000	0.0000000	0.0000000	0.0000000	0.0000000	0.0000000	0.0000000	0.0000000	0.0000000	0.0000000	0.0000000	0.0000000	0.0000000	0.0000000	0.0000000	0.0000000	0.0000000	0.0000000	0.0000000	0.0000000	0.0000000	0.0000000	0.0000000	0.0000000	0.0000000	0.0000000	0.0000000	0.0000000	0.0000000	0.0000000	0.0000000	0.0000000	0.0000000	0.0000000	0.0000000	1.3576755e-09	2.1798644e-07	1.6478303e-05	0.00067742265	0.015354318	0.19124128	1.2930924	4.8775800	11.758054	21.497109	33.335362	46.341769	59.209616	70.214231	77.372815	78.843061	73.462892	61.466112	45.008732	27.914568	14.089332	5.5575304	1.6674581	0.38614882	0.073909564	0.012793761	0.0021510348	0.00036633390	6.4566745e-05	1.1846450e-05	2.2644711e-06	4.4097026e-07	0.0000000	0.0000000	0.0000000	0.0000000	0.0000000	0.0000000	0.0000000	0.0000000	0.0000000
10.7700	0.0000000	0.0000000	0.0000000	0.0000000	0.0000000	0.0000000	0.0000000	0.0000000	0.0000000	0.0000000	0.0000000	0.0000000	0.0000000	0.0000000	0.0000000	0.0000000	0.0000000	0.0000000	0.0000000	0.0000000	0.0000000	0.0000000	0.0000000	0.0000000	0.0000000	0.0000000	0.0000000	0.0000000	0.0000000	0.0000000	0.0000000	0.0000000	0.0000000	0.0000000	0.0000000	0.0000000	0.0000000	0.0000000	0.0000000	0.0000000	7.2791892e-11	1.8692065e-08	2.1533897e-06	0.00012953006	0.0041460150	0.070651800	0.63503337	3.0998184	9.4265071	21.236569	39.754280	65.541417	97.820639	133.75613	168.02259	193.14719	201.04917	186.11512	148.09281	98.923144	53.338063	22.305906	7.0442908	1.7055980	0.33953213	0.060902600	0.010584789	0.0018616966	0.00033924648	6.4571509e-05	1.2876588e-05	2.6284469e-06	0.0000000	0.0000000	0.0000000	0.0000000	0.0000000	0.0000000	0.0000000	0.0000000	0.0000000
10.6570	0.0000000	0.0000000	0.0000000	0.0000000	0.0000000	0.0000000	0.0000000	0.0000000	0.0000000	0.0000000	0.0000000	0.0000000	0.0000000	0.0000000	0.0000000	0.0000000	0.0000000	0.0000000	0.0000000	0.0000000	0.0000000	0.0000000	0.0000000	0.0000000	0.0000000	0.0000000	0.0000000	0.0000000	0.0000000	0.0000000	0.0000000	0.0000000	0.0000000	0.0000000	0.0000000	0.0000000	0.0000000	0.0000000	0.0000000	0.0000000	3.3882483e-11	8.8460895e-09	1.0323865e-06	6.2700246e-05	0.0020204348	0.034570502	0.31124830	1.5191127	4.6151742	10.386664	19.426877	32.011053	47.763621	65.295888	81.986443	94.175313	97.914272	90.567037	72.714606	49.092412	26.804587	11.375227	3.6539914	0.90161947	0.18302359	0.033454501	0.0059147368	0.0010550297	0.00019407151	3.7053179e-05	7.3540781e-06	1.4848205e-06	0.0000000	0.0000000	0.0000000	0.0000000	0.0000000	0.0000000	0.0000000	0.0000000	0.0000000
12.6800	0.0000000	0.0000000	0.0000000	0.0000000	0.0000000	0.0000000	0.0000000	0.0000000	0.0000000	0.0000000	0.0000000	0.0000000	0.0000000	0.0000000	0.0000000	0.0000000	0.0000000	0.0000000	0.0000000	0.0000000	0.0000000	0.0000000	0.0000000	0.0000000	0.0000000	0.0000000	0.0000000	0.0000000	0.0000000	0.0000000	0.0000000	0.0000000	0.0000000	0.0000000	0.0000000	0.0000000	0.0000000	0.0000000	0.0000000	0.0000000	2.0798855e-10	4.0605877e-08	3.6715804e-06	0.00017880874	0.0047597582	0.068408777	0.51822702	2.1160251	5.3531190	10.045754	15.811279	22.805354	30.472612	37.744996	43.413483	46.115896	44.695233	39.294048	30.637601	20.218845	10.845240	4.5379118	1.4408548	0.35197663	0.070802256	0.012828463	0.0022474562	0.00039687791	7.2077891e-05	1.3423153e-05	2.6004711e-06	5.1277631e-07	0.0000000	0.0000000	0.0000000	0.0000000	0.0000000	0.0000000	0.0000000	0.0000000	0.0000000
11.0230	0.0000000	0.0000000	0.0000000	0.0000000	0.0000000	0.0000000	0.0000000	0.0000000	0.0000000	0.0000000	0.0000000	0.0000000	0.0000000	0.0000000	0.0000000	0.0000000	0.0000000	0.0000000	0.0000000	0.0000000	0.0000000	0.0000000	0.0000000	0.0000000	0.0000000	0.0000000	0.0000000	0.0000000	0.0000000	0.0000000	0.0000000	0.0000000	0.0000000	0.0000000	0.0000000	0.0000000	0.0000000	0.0000000	0.0000000	0.0000000	2.4829789e-11	6.2522534e-09	7.1303026e-07	4.2712988e-05	0.0013632240	0.023097122	0.20583116	0.99478836	2.9976872	6.7133065	12.552735	20.770401	31.226708	43.111682	54.729706	63.573445	66.868705	62.628322	50.976739	34.942566	19.402593	8.3833308	2.7423552	0.68869482	0.14210967	0.026360217	0.0047197906	0.00085074708	0.00015793434	3.0420261e-05	6.0924578e-06	1.2419571e-06	0.0000000	0.0000000	0.0000000	0.0000000	0.0000000	0.0000000	0.0000000	0.0000000	0.0000000
10.1150	0.0000000	0.0000000	0.0000000	0.0000000	0.0000000	0.0000000	0.0000000	0.0000000	0.0000000	0.0000000	0.0000000	0.0000000	0.0000000	0.0000000	0.0000000	0.0000000	0.0000000	0.0000000	0.0000000	0.0000000	0.0000000	0.0000000	0.0000000	0.0000000	0.0000000	0.0000000	0.0000000	0.0000000	0.0000000	0.0000000	0.0000000	0.0000000	0.0000000	0.0000000	0.0000000	0.0000000	0.0000000	0.0000000	0.0000000	0.0000000	3.6594729e-12	1.0368363e-09	1.3050478e-07	8.5036343e-06	0.00029265065	0.0053271479	0.050855873	0.26234046	0.83927859	1.9800000	3.8642707	6.6180386	10.231727	14.462643	18.757083	22.247799	23.876273	22.780820	18.846129	13.089901	7.3407156	3.1968993	1.0537081	0.26688633	0.055648690	0.010455887	0.0019004222	0.00034822769	6.5713197e-05	1.2848254e-05	2.6062300e-06	5.3668602e-07	0.0000000	0.0000000	0.0000000	0.0000000	0.0000000	0.0000000	0.0000000	0.0000000	0.0000000
