# DO NOT EDIT: written Thu Mar 14 18:48:37 2019 by wrt_emiss_fe17.pro
# faked emissivities [1e-23 ergs cm^3/s] for Fe17 lines from Del Zanna 2011, A&A 536, A59
# emissivities include ion balance, but not abundance, and are spline and ion balance jittered off of emiss_Fe17_00000.txt
# line 6 -- SEED, LOGT
# lines 7+ -- WVL, EMISSIVITY
      918733	4.00	4.05	4.10	4.15	4.20	4.25	4.30	4.35	4.40	4.45	4.50	4.55	4.60	4.65	4.70	4.75	4.80	4.85	4.90	4.95	5.00	5.05	5.10	5.15	5.20	5.25	5.30	5.35	5.40	5.45	5.50	5.55	5.60	5.65	5.70	5.75	5.80	5.85	5.90	5.95	6.00	6.05	6.10	6.15	6.20	6.25	6.30	6.35	6.40	6.45	6.50	6.55	6.60	6.65	6.70	6.75	6.80	6.85	6.90	6.95	7.00	7.05	7.10	7.15	7.20	7.25	7.30	7.35	7.40	7.45	7.50	7.55	7.60	7.65	7.70	7.75	7.80	7.85	7.90	7.95	8.00
15.0130	0.0000000	0.0000000	0.0000000	0.0000000	0.0000000	0.0000000	0.0000000	0.0000000	0.0000000	0.0000000	0.0000000	0.0000000	0.0000000	0.0000000	0.0000000	0.0000000	0.0000000	0.0000000	0.0000000	0.0000000	0.0000000	0.0000000	0.0000000	0.0000000	0.0000000	0.0000000	0.0000000	0.0000000	0.0000000	0.0000000	0.0000000	0.0000000	0.0000000	0.0000000	0.0000000	0.0000000	0.0000000	0.0000000	0.0000000	0.0000000	0.0000000	1.4895074e-06	0.00018790092	0.012023974	0.39390459	6.5681854	54.923073	241.11701	569.78272	975.52339	1610.6460	2383.7354	3229.0775	4151.1330	5225.5373	6019.6733	6235.8515	5736.6009	4596.4896	3123.7854	1742.3549	771.19045	264.36742	70.314563	15.095195	2.8081467	0.48895873	0.084344372	0.014892255	0.0027309528	0.00052223292	0.00010399365	1.0548056e-05	0.0000000	0.0000000	0.0000000	0.0000000	0.0000000	0.0000000	0.0000000	0.0000000
17.0510	0.0000000	0.0000000	0.0000000	0.0000000	0.0000000	0.0000000	0.0000000	0.0000000	0.0000000	0.0000000	0.0000000	0.0000000	0.0000000	0.0000000	0.0000000	0.0000000	0.0000000	0.0000000	0.0000000	0.0000000	0.0000000	0.0000000	0.0000000	0.0000000	0.0000000	0.0000000	0.0000000	0.0000000	0.0000000	0.0000000	0.0000000	0.0000000	0.0000000	0.0000000	0.0000000	0.0000000	0.0000000	0.0000000	0.0000000	0.0000000	0.0000000	2.4661821e-06	0.00027535629	0.015782965	0.46734732	7.0968741	54.397574	220.27758	553.82616	1035.2610	1621.6082	2267.7447	2917.7654	3497.4376	3915.4020	4078.1144	3913.2562	3403.9733	2622.8797	1738.4473	956.83754	421.22734	144.09891	37.880230	7.9200038	1.4359546	0.24345064	0.040840201	0.0069136301	0.0011610547	0.00019737288	3.4983730e-05	3.2443066e-06	0.0000000	0.0000000	0.0000000	0.0000000	0.0000000	0.0000000	0.0000000	0.0000000
17.0960	0.0000000	0.0000000	0.0000000	0.0000000	0.0000000	0.0000000	0.0000000	0.0000000	0.0000000	0.0000000	0.0000000	0.0000000	0.0000000	0.0000000	0.0000000	0.0000000	0.0000000	0.0000000	0.0000000	0.0000000	0.0000000	0.0000000	0.0000000	0.0000000	0.0000000	0.0000000	0.0000000	0.0000000	0.0000000	0.0000000	0.0000000	0.0000000	0.0000000	0.0000000	0.0000000	0.0000000	0.0000000	0.0000000	0.0000000	0.0000000	0.0000000	2.4744487e-06	0.00027504449	0.015716361	0.46509204	7.0707574	54.279973	219.86233	551.57770	1025.3770	1591.2081	2196.0816	2777.4717	3259.2511	3557.5174	3597.8280	3337.8966	2794.9856	2063.6959	1304.3777	681.22462	283.64613	91.754779	23.076633	4.6892090	0.82537676	0.13574485	0.022077084	0.0036697283	0.00063274414	0.00011360996	2.1206294e-05	2.0124708e-06	0.0000000	0.0000000	0.0000000	0.0000000	0.0000000	0.0000000	0.0000000	0.0000000
16.7760	0.0000000	0.0000000	0.0000000	0.0000000	0.0000000	0.0000000	0.0000000	0.0000000	0.0000000	0.0000000	0.0000000	0.0000000	0.0000000	0.0000000	0.0000000	0.0000000	0.0000000	0.0000000	0.0000000	0.0000000	0.0000000	0.0000000	0.0000000	0.0000000	0.0000000	0.0000000	0.0000000	0.0000000	0.0000000	0.0000000	0.0000000	0.0000000	0.0000000	0.0000000	0.0000000	0.0000000	0.0000000	0.0000000	0.0000000	0.0000000	0.0000000	1.9079909e-06	0.00021563943	0.012474832	0.37262794	5.7099787	44.183095	180.65494	458.48551	864.09040	1361.8233	1910.5442	2455.6994	2927.2926	3245.4688	3334.6086	3144.7199	2679.0576	2015.3968	1300.2275	694.59408	296.51010	98.551917	25.516099	5.3461497	0.97153371	0.16513790	0.027783455	0.0047818710	0.00085452035	0.00015917402	3.0855761e-05	3.0445117e-06	0.0000000	0.0000000	0.0000000	0.0000000	0.0000000	0.0000000	0.0000000	0.0000000
15.2620	0.0000000	0.0000000	0.0000000	0.0000000	0.0000000	0.0000000	0.0000000	0.0000000	0.0000000	0.0000000	0.0000000	0.0000000	0.0000000	0.0000000	0.0000000	0.0000000	0.0000000	0.0000000	0.0000000	0.0000000	0.0000000	0.0000000	0.0000000	0.0000000	0.0000000	0.0000000	0.0000000	0.0000000	0.0000000	0.0000000	0.0000000	0.0000000	0.0000000	0.0000000	0.0000000	0.0000000	0.0000000	0.0000000	0.0000000	0.0000000	0.0000000	4.1962276e-07	5.2162762e-05	0.0032968651	0.10682040	1.7619621	14.563683	63.148032	168.83760	333.40347	548.33815	800.92750	1071.1923	1328.7202	1532.8159	1638.3700	1606.6902	1422.6413	1111.7592	744.77517	412.98840	182.94268	63.073223	16.926093	3.6716165	0.68985830	0.12105839	0.020996787	0.0037205099	0.00068369591	0.00013088294	2.6075426e-05	2.6455489e-06	0.0000000	0.0000000	0.0000000	0.0000000	0.0000000	0.0000000	0.0000000	0.0000000
12.1240	0.0000000	0.0000000	0.0000000	0.0000000	0.0000000	0.0000000	0.0000000	0.0000000	0.0000000	0.0000000	0.0000000	0.0000000	0.0000000	0.0000000	0.0000000	0.0000000	0.0000000	0.0000000	0.0000000	0.0000000	0.0000000	0.0000000	0.0000000	0.0000000	0.0000000	0.0000000	0.0000000	0.0000000	0.0000000	0.0000000	0.0000000	0.0000000	0.0000000	0.0000000	0.0000000	0.0000000	0.0000000	0.0000000	0.0000000	0.0000000	0.0000000	2.9470959e-08	4.6333587e-06	0.00036036276	0.014027828	0.27291061	2.7106443	13.927839	43.532987	99.098166	185.17518	303.00002	448.15008	607.48650	757.73987	867.55834	903.84759	844.02129	691.05269	482.12319	276.87583	126.36671	44.678719	12.246831	2.7040265	0.51537282	0.091434627	0.015980529	0.0028442302	0.00052333780	9.9976330e-05	1.9805387e-05	1.9913206e-06	0.0000000	0.0000000	0.0000000	0.0000000	0.0000000	0.0000000	0.0000000	0.0000000
12.2640	0.0000000	0.0000000	0.0000000	0.0000000	0.0000000	0.0000000	0.0000000	0.0000000	0.0000000	0.0000000	0.0000000	0.0000000	0.0000000	0.0000000	0.0000000	0.0000000	0.0000000	0.0000000	0.0000000	0.0000000	0.0000000	0.0000000	0.0000000	0.0000000	0.0000000	0.0000000	0.0000000	0.0000000	0.0000000	0.0000000	0.0000000	0.0000000	0.0000000	0.0000000	0.0000000	0.0000000	0.0000000	0.0000000	0.0000000	0.0000000	0.0000000	3.8168177e-08	5.9218162e-06	0.00045608492	0.017633489	0.34079059	3.1828607	14.934629	42.221320	86.443297	146.41380	222.67073	320.94560	443.34285	593.82552	722.79817	788.82916	759.15100	616.61142	427.43462	244.31222	111.17697	39.264250	10.770286	2.3837012	0.45604089	0.081307209	0.014293848	0.0025608840	0.00047460856	9.0757191e-05	1.7760153e-05	1.7648082e-06	0.0000000	0.0000000	0.0000000	0.0000000	0.0000000	0.0000000	0.0000000	0.0000000
13.8250	0.0000000	0.0000000	0.0000000	0.0000000	0.0000000	0.0000000	0.0000000	0.0000000	0.0000000	0.0000000	0.0000000	0.0000000	0.0000000	0.0000000	0.0000000	0.0000000	0.0000000	0.0000000	0.0000000	0.0000000	0.0000000	0.0000000	0.0000000	0.0000000	0.0000000	0.0000000	0.0000000	0.0000000	0.0000000	0.0000000	0.0000000	0.0000000	0.0000000	0.0000000	0.0000000	0.0000000	0.0000000	0.0000000	0.0000000	0.0000000	0.0000000	5.1787135e-08	6.9677098e-06	0.00047656303	0.016730498	0.29946634	2.6871448	12.619992	36.343022	76.808070	134.40682	207.77817	292.84982	381.61017	461.27746	514.97076	525.30916	481.29929	386.99960	265.32424	149.95019	67.517196	23.635746	6.4448714	1.4239594	0.27356253	0.049324335	0.0088397023	0.0016284607	0.00031311245	6.3099768e-05	1.3294643e-05	1.4255452e-06	0.0000000	0.0000000	0.0000000	0.0000000	0.0000000	0.0000000	0.0000000	0.0000000
15.4530	0.0000000	0.0000000	0.0000000	0.0000000	0.0000000	0.0000000	0.0000000	0.0000000	0.0000000	0.0000000	0.0000000	0.0000000	0.0000000	0.0000000	0.0000000	0.0000000	0.0000000	0.0000000	0.0000000	0.0000000	0.0000000	0.0000000	0.0000000	0.0000000	0.0000000	0.0000000	0.0000000	0.0000000	0.0000000	0.0000000	0.0000000	0.0000000	0.0000000	0.0000000	0.0000000	0.0000000	0.0000000	0.0000000	0.0000000	0.0000000	0.0000000	1.2733877e-07	1.5266609e-05	0.00093064498	0.029085277	0.46284997	3.6918136	15.445911	39.825396	75.763801	119.87339	168.13836	215.51781	255.61674	281.24095	285.96107	266.10246	223.04205	164.60855	103.90455	54.183322	22.535386	7.2862972	1.8330599	0.37292591	0.065783149	0.010853264	0.0017728124	0.00029637608	5.1475973e-05	9.3258304e-06	1.7595326e-06	1.6909675e-07	0.0000000	0.0000000	0.0000000	0.0000000	0.0000000	0.0000000	0.0000000	0.0000000
11.2500	0.0000000	0.0000000	0.0000000	0.0000000	0.0000000	0.0000000	0.0000000	0.0000000	0.0000000	0.0000000	0.0000000	0.0000000	0.0000000	0.0000000	0.0000000	0.0000000	0.0000000	0.0000000	0.0000000	0.0000000	0.0000000	0.0000000	0.0000000	0.0000000	0.0000000	0.0000000	0.0000000	0.0000000	0.0000000	0.0000000	0.0000000	0.0000000	0.0000000	0.0000000	0.0000000	0.0000000	0.0000000	0.0000000	0.0000000	0.0000000	0.0000000	7.2887708e-09	1.2456707e-06	0.00010457866	0.0043661920	0.090367725	0.91580398	4.7711324	15.060221	34.562495	65.107317	107.43945	160.26494	219.03533	275.20484	316.93663	331.50219	310.05518	253.55247	176.11679	100.33514	45.242103	15.728710	4.2183643	0.90768467	0.17264584	0.030924391	0.0054589539	0.00098163041	0.00018253031	3.5244898e-05	7.0577967e-06	7.1720881e-07	0.0000000	0.0000000	0.0000000	0.0000000	0.0000000	0.0000000	0.0000000	0.0000000
11.1290	0.0000000	0.0000000	0.0000000	0.0000000	0.0000000	0.0000000	0.0000000	0.0000000	0.0000000	0.0000000	0.0000000	0.0000000	0.0000000	0.0000000	0.0000000	0.0000000	0.0000000	0.0000000	0.0000000	0.0000000	0.0000000	0.0000000	0.0000000	0.0000000	0.0000000	0.0000000	0.0000000	0.0000000	0.0000000	0.0000000	0.0000000	0.0000000	0.0000000	0.0000000	0.0000000	0.0000000	0.0000000	0.0000000	0.0000000	0.0000000	0.0000000	4.6998931e-09	8.1694237e-07	6.9539227e-05	0.0029357832	0.061301718	0.62551810	3.2754999	10.375941	23.868423	45.035089	74.415779	111.17177	152.26226	191.90772	221.99429	233.62072	220.29287	182.06082	128.16959	74.262705	34.196836	12.200966	3.3758674	0.75276216	0.14498884	0.026008065	0.0045976037	0.00082786344	0.00015413402	2.9796861e-05	5.9732227e-06	6.0757005e-07	0.0000000	0.0000000	0.0000000	0.0000000	0.0000000	0.0000000	0.0000000	0.0000000
16.3360	0.0000000	0.0000000	0.0000000	0.0000000	0.0000000	0.0000000	0.0000000	0.0000000	0.0000000	0.0000000	0.0000000	0.0000000	0.0000000	0.0000000	0.0000000	0.0000000	0.0000000	0.0000000	0.0000000	0.0000000	0.0000000	0.0000000	0.0000000	0.0000000	0.0000000	0.0000000	0.0000000	0.0000000	0.0000000	0.0000000	0.0000000	0.0000000	0.0000000	0.0000000	0.0000000	0.0000000	0.0000000	0.0000000	0.0000000	0.0000000	0.0000000	5.3590368e-08	6.1166468e-06	0.00035701667	0.010755434	0.16614855	1.2944206	5.3184780	13.532510	25.504367	40.122008	56.149454	72.055370	85.888406	95.361665	98.244846	92.926688	79.323683	59.682060	38.441264	20.472072	8.7013521	2.8766306	0.74025171	0.15406668	0.027797382	0.0046891929	0.00078271983	0.00013361182	2.3670487e-05	4.3684417e-06	8.3832047e-07	8.1803928e-08	0.0000000	0.0000000	0.0000000	0.0000000	0.0000000	0.0000000	0.0000000	0.0000000
13.8900	0.0000000	0.0000000	0.0000000	0.0000000	0.0000000	0.0000000	0.0000000	0.0000000	0.0000000	0.0000000	0.0000000	0.0000000	0.0000000	0.0000000	0.0000000	0.0000000	0.0000000	0.0000000	0.0000000	0.0000000	0.0000000	0.0000000	0.0000000	0.0000000	0.0000000	0.0000000	0.0000000	0.0000000	0.0000000	0.0000000	0.0000000	0.0000000	0.0000000	0.0000000	0.0000000	0.0000000	0.0000000	0.0000000	0.0000000	0.0000000	0.0000000	2.2202538e-08	2.8808758e-06	0.00018937090	0.0063710582	0.10900681	0.93235178	4.1583422	11.322908	22.547063	37.109072	53.975034	71.778904	88.755048	102.66844	110.56681	109.28784	97.109845	75.564802	50.000458	27.196262	11.750984	3.9354465	1.0233335	0.21488267	0.039092327	0.0066502282	0.0011204721	0.00019341362	3.4745917e-05	6.5274750e-06	1.2812180e-06	1.2848100e-07	0.0000000	0.0000000	0.0000000	0.0000000	0.0000000	0.0000000	0.0000000	0.0000000
16.0040	0.0000000	0.0000000	0.0000000	0.0000000	0.0000000	0.0000000	0.0000000	0.0000000	0.0000000	0.0000000	0.0000000	0.0000000	0.0000000	0.0000000	0.0000000	0.0000000	0.0000000	0.0000000	0.0000000	0.0000000	0.0000000	0.0000000	0.0000000	0.0000000	0.0000000	0.0000000	0.0000000	0.0000000	0.0000000	0.0000000	0.0000000	0.0000000	0.0000000	0.0000000	0.0000000	0.0000000	0.0000000	0.0000000	0.0000000	0.0000000	0.0000000	3.1218179e-08	3.6223969e-06	0.00021742593	0.0067408860	0.10658970	0.84647642	3.5347999	9.1235527	17.420337	27.720829	39.167553	50.636754	60.670735	67.577888	69.738001	66.039909	56.468029	42.598245	27.530057	14.714990	6.2774293	2.0828559	0.53801724	0.11243384	0.020376808	0.0034545739	0.00057991178	9.9632641e-05	1.7779903e-05	3.3080016e-06	6.4046980e-07	6.3100888e-08	0.0000000	0.0000000	0.0000000	0.0000000	0.0000000	0.0000000	0.0000000	0.0000000
10.7700	0.0000000	0.0000000	0.0000000	0.0000000	0.0000000	0.0000000	0.0000000	0.0000000	0.0000000	0.0000000	0.0000000	0.0000000	0.0000000	0.0000000	0.0000000	0.0000000	0.0000000	0.0000000	0.0000000	0.0000000	0.0000000	0.0000000	0.0000000	0.0000000	0.0000000	0.0000000	0.0000000	0.0000000	0.0000000	0.0000000	0.0000000	0.0000000	0.0000000	0.0000000	0.0000000	0.0000000	0.0000000	0.0000000	0.0000000	0.0000000	0.0000000	3.1243423e-09	5.5404418e-07	4.7698931e-05	0.0020269960	0.042382430	0.43129685	2.2501612	7.1176813	16.449544	31.408372	52.841543	80.766753	113.59120	147.37096	175.59477	190.10237	183.85090	155.12465	110.95554	65.041371	30.191345	10.824978	3.0020823	0.66951917	0.12876294	0.023033057	0.0040562961	0.00072713272	0.00013472636	2.5918458e-05	5.1710158e-06	5.2343482e-07	0.0000000	0.0000000	0.0000000	0.0000000	0.0000000	0.0000000	0.0000000	0.0000000
10.6570	0.0000000	0.0000000	0.0000000	0.0000000	0.0000000	0.0000000	0.0000000	0.0000000	0.0000000	0.0000000	0.0000000	0.0000000	0.0000000	0.0000000	0.0000000	0.0000000	0.0000000	0.0000000	0.0000000	0.0000000	0.0000000	0.0000000	0.0000000	0.0000000	0.0000000	0.0000000	0.0000000	0.0000000	0.0000000	0.0000000	0.0000000	0.0000000	0.0000000	0.0000000	0.0000000	0.0000000	0.0000000	0.0000000	0.0000000	0.0000000	0.0000000	1.6411163e-09	2.8810523e-07	2.4450430e-05	0.0010153298	0.020783589	0.21124177	1.1208582	3.6472358	8.7011474	17.125969	29.589355	46.179296	65.826178	85.797151	101.75423	108.88811	103.66752	85.983976	60.449853	34.841757	15.915243	5.6232269	1.5399783	0.34012165	0.065002349	0.011594969	0.0020430610	0.00036755785	6.8528127e-05	1.3293825e-05	2.6791372e-06	2.7436167e-07	0.0000000	0.0000000	0.0000000	0.0000000	0.0000000	0.0000000	0.0000000	0.0000000
12.6800	0.0000000	0.0000000	0.0000000	0.0000000	0.0000000	0.0000000	0.0000000	0.0000000	0.0000000	0.0000000	0.0000000	0.0000000	0.0000000	0.0000000	0.0000000	0.0000000	0.0000000	0.0000000	0.0000000	0.0000000	0.0000000	0.0000000	0.0000000	0.0000000	0.0000000	0.0000000	0.0000000	0.0000000	0.0000000	0.0000000	0.0000000	0.0000000	0.0000000	0.0000000	0.0000000	0.0000000	0.0000000	0.0000000	0.0000000	0.0000000	0.0000000	6.8271932e-09	9.4991805e-07	6.6587299e-05	0.0023784593	0.042991873	0.38565846	1.7848722	5.0006684	10.181858	17.039301	25.084664	33.660678	41.887322	48.520911	52.124225	51.397615	45.734766	35.871697	24.106742	13.415569	5.9699804	2.0701096	0.55950562	0.12237945	0.023198259	0.0041065466	0.00071787160	0.00012800498	2.3616547e-05	4.5240223e-06	8.9810251e-07	9.0365065e-08	0.0000000	0.0000000	0.0000000	0.0000000	0.0000000	0.0000000	0.0000000	0.0000000
11.0230	0.0000000	0.0000000	0.0000000	0.0000000	0.0000000	0.0000000	0.0000000	0.0000000	0.0000000	0.0000000	0.0000000	0.0000000	0.0000000	0.0000000	0.0000000	0.0000000	0.0000000	0.0000000	0.0000000	0.0000000	0.0000000	0.0000000	0.0000000	0.0000000	0.0000000	0.0000000	0.0000000	0.0000000	0.0000000	0.0000000	0.0000000	0.0000000	0.0000000	0.0000000	0.0000000	0.0000000	0.0000000	0.0000000	0.0000000	0.0000000	0.0000000	1.0417631e-09	1.8482805e-07	1.6120718e-05	0.00069717304	0.014849827	0.15388471	0.81523552	2.6050889	6.0375148	11.487622	19.174222	28.977453	40.194545	51.337672	60.170798	64.152062	61.303105	51.377439	36.718047	21.628353	10.136341	3.6822479	1.0371720	0.23529166	0.046080214	0.0084014065	0.0015090050	0.00027622889	5.2356861e-05	1.0323210e-05	2.1147995e-06	2.2019503e-07	0.0000000	0.0000000	0.0000000	0.0000000	0.0000000	0.0000000	0.0000000	0.0000000
10.1150	0.0000000	0.0000000	0.0000000	0.0000000	0.0000000	0.0000000	0.0000000	0.0000000	0.0000000	0.0000000	0.0000000	0.0000000	0.0000000	0.0000000	0.0000000	0.0000000	0.0000000	0.0000000	0.0000000	0.0000000	0.0000000	0.0000000	0.0000000	0.0000000	0.0000000	0.0000000	0.0000000	0.0000000	0.0000000	0.0000000	0.0000000	0.0000000	0.0000000	0.0000000	0.0000000	0.0000000	0.0000000	0.0000000	0.0000000	0.0000000	0.0000000	1.6275717e-10	3.1662797e-08	2.9854508e-06	0.00013844653	0.0031533509	0.034881569	0.19682534	0.66754001	1.6327609	3.2567032	5.6642688	8.8796822	12.739816	16.811787	20.360954	22.418539	22.084605	19.024734	13.920958	8.3592508	3.9809043	1.4669162	0.41884729	0.096332117	0.019134638	0.0035386219	0.00064435709	0.00011935855	2.2822755e-05	4.5223787e-06	9.2722154e-07	9.6222821e-08	0.0000000	0.0000000	0.0000000	0.0000000	0.0000000	0.0000000	0.0000000	0.0000000
