# DO NOT EDIT: written Thu Mar 14 18:48:37 2019 by wrt_emiss_fe17.pro
# faked emissivities [1e-23 ergs cm^3/s] for Fe17 lines from Del Zanna 2011, A&A 536, A59
# emissivities include ion balance, but not abundance, and are spline and ion balance jittered off of emiss_Fe17_00000.txt
# line 6 -- SEED, LOGT
# lines 7+ -- WVL, EMISSIVITY
      427812	4.00	4.05	4.10	4.15	4.20	4.25	4.30	4.35	4.40	4.45	4.50	4.55	4.60	4.65	4.70	4.75	4.80	4.85	4.90	4.95	5.00	5.05	5.10	5.15	5.20	5.25	5.30	5.35	5.40	5.45	5.50	5.55	5.60	5.65	5.70	5.75	5.80	5.85	5.90	5.95	6.00	6.05	6.10	6.15	6.20	6.25	6.30	6.35	6.40	6.45	6.50	6.55	6.60	6.65	6.70	6.75	6.80	6.85	6.90	6.95	7.00	7.05	7.10	7.15	7.20	7.25	7.30	7.35	7.40	7.45	7.50	7.55	7.60	7.65	7.70	7.75	7.80	7.85	7.90	7.95	8.00
15.0130	0.0000000	0.0000000	0.0000000	0.0000000	0.0000000	0.0000000	0.0000000	0.0000000	0.0000000	0.0000000	0.0000000	0.0000000	0.0000000	0.0000000	0.0000000	0.0000000	0.0000000	0.0000000	0.0000000	0.0000000	0.0000000	0.0000000	0.0000000	0.0000000	0.0000000	0.0000000	0.0000000	0.0000000	0.0000000	0.0000000	0.0000000	0.0000000	0.0000000	0.0000000	0.0000000	0.0000000	0.0000000	0.0000000	0.0000000	0.0000000	1.2425707e-07	1.8609231e-05	0.0013737570	0.053007230	1.0851892	11.929175	72.830676	264.01598	642.47006	1213.5610	1962.5799	2855.9324	3825.2219	4756.0564	5489.8032	5848.1191	5680.6836	4939.9797	3749.7431	2406.0526	1255.8151	512.99990	159.92774	38.604148	7.7129982	1.3929629	0.24382863	0.043099668	0.0078566129	0.0014857642	0.00029187172	5.6079285e-05	0.0000000	0.0000000	0.0000000	0.0000000	0.0000000	0.0000000	0.0000000	0.0000000	0.0000000
17.0510	0.0000000	0.0000000	0.0000000	0.0000000	0.0000000	0.0000000	0.0000000	0.0000000	0.0000000	0.0000000	0.0000000	0.0000000	0.0000000	0.0000000	0.0000000	0.0000000	0.0000000	0.0000000	0.0000000	0.0000000	0.0000000	0.0000000	0.0000000	0.0000000	0.0000000	0.0000000	0.0000000	0.0000000	0.0000000	0.0000000	0.0000000	0.0000000	0.0000000	0.0000000	0.0000000	0.0000000	0.0000000	0.0000000	0.0000000	0.0000000	2.8892558e-07	3.8325622e-05	0.0025414320	0.089045559	1.6679918	16.873233	95.214745	320.25058	725.75789	1281.2728	1942.9988	2658.5129	3355.3544	3937.9716	4296.4972	4331.2200	3985.7779	3286.6522	2367.0095	1441.5377	714.34104	277.15870	82.118785	18.862728	3.5927738	0.61989012	0.10390832	0.017631424	0.0030929473	0.00056426133	0.00010715938	1.9936460e-05	0.0000000	0.0000000	0.0000000	0.0000000	0.0000000	0.0000000	0.0000000	0.0000000	0.0000000
17.0960	0.0000000	0.0000000	0.0000000	0.0000000	0.0000000	0.0000000	0.0000000	0.0000000	0.0000000	0.0000000	0.0000000	0.0000000	0.0000000	0.0000000	0.0000000	0.0000000	0.0000000	0.0000000	0.0000000	0.0000000	0.0000000	0.0000000	0.0000000	0.0000000	0.0000000	0.0000000	0.0000000	0.0000000	0.0000000	0.0000000	0.0000000	0.0000000	0.0000000	0.0000000	0.0000000	0.0000000	0.0000000	0.0000000	0.0000000	0.0000000	2.7669998e-07	3.6400785e-05	0.0023914048	0.083064842	1.5455464	15.552638	87.329498	291.98130	656.50841	1147.1182	1717.2480	2314.1253	2870.4374	3304.4417	3530.5456	3480.2505	3127.4800	2515.2216	1764.4499	1045.2396	503.02261	189.19677	54.235213	12.029878	2.2085834	0.36670639	0.059072698	0.0096214082	0.0016181272	0.00028264511	5.1318954e-05	9.1139648e-06	0.0000000	0.0000000	0.0000000	0.0000000	0.0000000	0.0000000	0.0000000	0.0000000	0.0000000
16.7760	0.0000000	0.0000000	0.0000000	0.0000000	0.0000000	0.0000000	0.0000000	0.0000000	0.0000000	0.0000000	0.0000000	0.0000000	0.0000000	0.0000000	0.0000000	0.0000000	0.0000000	0.0000000	0.0000000	0.0000000	0.0000000	0.0000000	0.0000000	0.0000000	0.0000000	0.0000000	0.0000000	0.0000000	0.0000000	0.0000000	0.0000000	0.0000000	0.0000000	0.0000000	0.0000000	0.0000000	0.0000000	0.0000000	0.0000000	0.0000000	2.0931782e-07	2.7916973e-05	0.0018512111	0.064627825	1.2046364	12.118489	67.959091	226.93245	509.79037	890.96281	1337.4020	1813.5690	2273.7371	2662.4196	2918.7768	2981.8589	2797.6042	2358.4410	1736.1901	1077.5442	541.30355	211.84948	63.053776	14.500261	2.7577102	0.47419874	0.079129944	0.013362155	0.0023336356	0.00042433538	8.0475060e-05	1.4986582e-05	0.0000000	0.0000000	0.0000000	0.0000000	0.0000000	0.0000000	0.0000000	0.0000000	0.0000000
15.2620	0.0000000	0.0000000	0.0000000	0.0000000	0.0000000	0.0000000	0.0000000	0.0000000	0.0000000	0.0000000	0.0000000	0.0000000	0.0000000	0.0000000	0.0000000	0.0000000	0.0000000	0.0000000	0.0000000	0.0000000	0.0000000	0.0000000	0.0000000	0.0000000	0.0000000	0.0000000	0.0000000	0.0000000	0.0000000	0.0000000	0.0000000	0.0000000	0.0000000	0.0000000	0.0000000	0.0000000	0.0000000	0.0000000	0.0000000	0.0000000	4.5921918e-08	6.8131424e-06	0.00049951025	0.019172568	0.39063250	4.2698800	25.871033	92.882736	223.46758	416.79453	665.05600	954.68745	1261.3916	1547.1619	1761.8993	1760.5379	1587.7430	1287.4743	960.31096	632.11768	336.65578	138.73966	43.239778	10.359794	2.0431704	0.36278292	0.062273632	0.010782580	0.0019260858	0.00035762249	6.9226497e-05	1.3176274e-05	0.0000000	0.0000000	0.0000000	0.0000000	0.0000000	0.0000000	0.0000000	0.0000000	0.0000000
12.1240	0.0000000	0.0000000	0.0000000	0.0000000	0.0000000	0.0000000	0.0000000	0.0000000	0.0000000	0.0000000	0.0000000	0.0000000	0.0000000	0.0000000	0.0000000	0.0000000	0.0000000	0.0000000	0.0000000	0.0000000	0.0000000	0.0000000	0.0000000	0.0000000	0.0000000	0.0000000	0.0000000	0.0000000	0.0000000	0.0000000	0.0000000	0.0000000	0.0000000	0.0000000	0.0000000	0.0000000	0.0000000	0.0000000	0.0000000	0.0000000	2.5956731e-09	5.0068964e-07	4.6251566e-05	0.0021753816	0.053003698	0.67846290	4.7291534	19.244495	51.822573	106.95992	186.88400	290.84192	412.73469	539.01258	648.49319	715.30018	715.40944	637.50447	493.83761	322.22121	170.47747	70.397440	22.135384	5.3813517	1.0819574	0.19651791	0.034583051	0.0061448573	0.0011261330	0.00021418865	4.2336015e-05	8.1874308e-06	0.0000000	0.0000000	0.0000000	0.0000000	0.0000000	0.0000000	0.0000000	0.0000000	0.0000000
12.2640	0.0000000	0.0000000	0.0000000	0.0000000	0.0000000	0.0000000	0.0000000	0.0000000	0.0000000	0.0000000	0.0000000	0.0000000	0.0000000	0.0000000	0.0000000	0.0000000	0.0000000	0.0000000	0.0000000	0.0000000	0.0000000	0.0000000	0.0000000	0.0000000	0.0000000	0.0000000	0.0000000	0.0000000	0.0000000	0.0000000	0.0000000	0.0000000	0.0000000	0.0000000	0.0000000	0.0000000	0.0000000	0.0000000	0.0000000	0.0000000	2.5036337e-09	4.7628699e-07	4.3582007e-05	0.0020386589	0.049574639	0.63505592	4.4375791	18.110063	48.882849	101.08063	176.89358	275.75376	392.17498	513.74708	620.47645	687.27809	690.25327	617.40833	479.74744	313.81160	166.38413	68.841066	21.686338	5.2818055	1.0637239	0.19344913	0.034063250	0.0060507928	0.0011074018	0.00021008113	4.1358415e-05	7.9541684e-06	0.0000000	0.0000000	0.0000000	0.0000000	0.0000000	0.0000000	0.0000000	0.0000000	0.0000000
13.8250	0.0000000	0.0000000	0.0000000	0.0000000	0.0000000	0.0000000	0.0000000	0.0000000	0.0000000	0.0000000	0.0000000	0.0000000	0.0000000	0.0000000	0.0000000	0.0000000	0.0000000	0.0000000	0.0000000	0.0000000	0.0000000	0.0000000	0.0000000	0.0000000	0.0000000	0.0000000	0.0000000	0.0000000	0.0000000	0.0000000	0.0000000	0.0000000	0.0000000	0.0000000	0.0000000	0.0000000	0.0000000	0.0000000	0.0000000	0.0000000	5.0600844e-09	8.0663367e-07	6.3348027e-05	0.0026032448	0.056847946	0.66697634	4.3396914	16.696550	42.821972	84.637676	142.36254	214.44108	296.30223	379.31206	450.31105	492.72305	490.69352	436.31747	337.49347	219.85340	116.13084	47.895444	15.052137	3.6610749	0.73745584	0.13444449	0.023794527	0.0042601338	0.00078793145	0.00015142026	3.0261212e-05	5.9183682e-06	0.0000000	0.0000000	0.0000000	0.0000000	0.0000000	0.0000000	0.0000000	0.0000000	0.0000000
15.4530	0.0000000	0.0000000	0.0000000	0.0000000	0.0000000	0.0000000	0.0000000	0.0000000	0.0000000	0.0000000	0.0000000	0.0000000	0.0000000	0.0000000	0.0000000	0.0000000	0.0000000	0.0000000	0.0000000	0.0000000	0.0000000	0.0000000	0.0000000	0.0000000	0.0000000	0.0000000	0.0000000	0.0000000	0.0000000	0.0000000	0.0000000	0.0000000	0.0000000	0.0000000	0.0000000	0.0000000	0.0000000	0.0000000	0.0000000	0.0000000	1.4279000e-08	2.0486090e-06	0.00014497856	0.0053599151	0.10496120	1.1004000	6.3810772	21.870117	50.072435	88.550431	133.54031	180.79085	225.11713	260.29651	279.48501	276.95716	250.24603	202.39452	142.84269	85.188148	41.315343	15.681915	4.5437107	1.0203266	0.18995172	0.032030945	0.0052473873	0.00087025320	0.00014921350	2.6603873e-05	4.9359732e-06	8.9656237e-07	0.0000000	0.0000000	0.0000000	0.0000000	0.0000000	0.0000000	0.0000000	0.0000000	0.0000000
11.2500	0.0000000	0.0000000	0.0000000	0.0000000	0.0000000	0.0000000	0.0000000	0.0000000	0.0000000	0.0000000	0.0000000	0.0000000	0.0000000	0.0000000	0.0000000	0.0000000	0.0000000	0.0000000	0.0000000	0.0000000	0.0000000	0.0000000	0.0000000	0.0000000	0.0000000	0.0000000	0.0000000	0.0000000	0.0000000	0.0000000	0.0000000	0.0000000	0.0000000	0.0000000	0.0000000	0.0000000	0.0000000	0.0000000	0.0000000	0.0000000	5.0817723e-10	1.0690290e-07	1.0678860e-05	0.00053925665	0.014017506	0.19032601	1.3997151	5.9788814	16.823212	36.145639	65.529727	105.52071	154.57067	207.93577	257.15477	290.96554	297.92114	271.24931	214.27632	142.32591	76.532595	32.074030	10.221501	2.5153481	0.51134366	0.093813661	0.016657229	0.0029825608	0.00055007114	0.00010513338	2.0848907e-05	4.0383487e-06	0.0000000	0.0000000	0.0000000	0.0000000	0.0000000	0.0000000	0.0000000	0.0000000	0.0000000
11.1290	0.0000000	0.0000000	0.0000000	0.0000000	0.0000000	0.0000000	0.0000000	0.0000000	0.0000000	0.0000000	0.0000000	0.0000000	0.0000000	0.0000000	0.0000000	0.0000000	0.0000000	0.0000000	0.0000000	0.0000000	0.0000000	0.0000000	0.0000000	0.0000000	0.0000000	0.0000000	0.0000000	0.0000000	0.0000000	0.0000000	0.0000000	0.0000000	0.0000000	0.0000000	0.0000000	0.0000000	0.0000000	0.0000000	0.0000000	0.0000000	3.4539314e-10	7.5742706e-08	7.8256051e-06	0.00040575468	0.010758531	0.14811311	1.0983683	4.7063829	13.218815	28.222426	50.638384	80.414416	115.80528	152.74828	184.79521	204.13531	203.71494	180.52487	138.65384	89.480796	47.468000	19.789650	6.2740732	1.5362434	0.31083477	0.056781561	0.010042663	0.0017919774	0.00032951033	6.2824726e-05	1.2435793e-05	2.4059519e-06	0.0000000	0.0000000	0.0000000	0.0000000	0.0000000	0.0000000	0.0000000	0.0000000	0.0000000
16.3360	0.0000000	0.0000000	0.0000000	0.0000000	0.0000000	0.0000000	0.0000000	0.0000000	0.0000000	0.0000000	0.0000000	0.0000000	0.0000000	0.0000000	0.0000000	0.0000000	0.0000000	0.0000000	0.0000000	0.0000000	0.0000000	0.0000000	0.0000000	0.0000000	0.0000000	0.0000000	0.0000000	0.0000000	0.0000000	0.0000000	0.0000000	0.0000000	0.0000000	0.0000000	0.0000000	0.0000000	0.0000000	0.0000000	0.0000000	0.0000000	6.6211864e-09	8.9907103e-07	6.0563882e-05	0.0021433476	0.040447425	0.41154583	2.3309383	7.8480888	17.746341	31.134591	46.738842	63.100338	78.368193	90.319678	96.625554	95.405151	85.919569	69.292686	48.785262	29.043377	14.074799	5.3445981	1.5514451	0.34964443	0.065455904	0.011123254	0.0018409790	0.00030932957	5.3897959e-05	9.7954268e-06	1.8582366e-06	3.4620154e-07	0.0000000	0.0000000	0.0000000	0.0000000	0.0000000	0.0000000	0.0000000	0.0000000	0.0000000
13.8900	0.0000000	0.0000000	0.0000000	0.0000000	0.0000000	0.0000000	0.0000000	0.0000000	0.0000000	0.0000000	0.0000000	0.0000000	0.0000000	0.0000000	0.0000000	0.0000000	0.0000000	0.0000000	0.0000000	0.0000000	0.0000000	0.0000000	0.0000000	0.0000000	0.0000000	0.0000000	0.0000000	0.0000000	0.0000000	0.0000000	0.0000000	0.0000000	0.0000000	0.0000000	0.0000000	0.0000000	0.0000000	0.0000000	0.0000000	0.0000000	1.8556065e-09	2.9007981e-07	2.2308691e-05	0.00089684043	0.019150350	0.21967956	1.3970948	5.2476127	13.102405	25.124195	40.863335	59.350331	78.903545	97.078629	110.76204	116.51544	111.61920	95.081024	70.384517	43.918418	22.238633	8.7995302	2.6555224	0.62084511	0.12033508	0.021132339	0.0036069687	0.00062362715	0.00011155532	2.0769469e-05	4.0286588e-06	7.6619185e-07	0.0000000	0.0000000	0.0000000	0.0000000	0.0000000	0.0000000	0.0000000	0.0000000	0.0000000
16.0040	0.0000000	0.0000000	0.0000000	0.0000000	0.0000000	0.0000000	0.0000000	0.0000000	0.0000000	0.0000000	0.0000000	0.0000000	0.0000000	0.0000000	0.0000000	0.0000000	0.0000000	0.0000000	0.0000000	0.0000000	0.0000000	0.0000000	0.0000000	0.0000000	0.0000000	0.0000000	0.0000000	0.0000000	0.0000000	0.0000000	0.0000000	0.0000000	0.0000000	0.0000000	0.0000000	0.0000000	0.0000000	0.0000000	0.0000000	0.0000000	3.4675932e-09	4.8551600e-07	3.3732444e-05	0.0012295284	0.023829254	0.24825347	1.4369300	4.9403310	11.409555	20.459790	31.406269	43.357142	55.047027	64.827812	70.854980	71.482028	65.791665	54.238855	39.039420	23.755263	11.758015	4.5551532	1.3472930	0.30899678	0.058796122	0.010142635	0.0017018023	0.00028949650	5.1001018e-05	9.3605263e-06	1.7913098e-06	3.3631087e-07	0.0000000	0.0000000	0.0000000	0.0000000	0.0000000	0.0000000	0.0000000	0.0000000	0.0000000
10.7700	0.0000000	0.0000000	0.0000000	0.0000000	0.0000000	0.0000000	0.0000000	0.0000000	0.0000000	0.0000000	0.0000000	0.0000000	0.0000000	0.0000000	0.0000000	0.0000000	0.0000000	0.0000000	0.0000000	0.0000000	0.0000000	0.0000000	0.0000000	0.0000000	0.0000000	0.0000000	0.0000000	0.0000000	0.0000000	0.0000000	0.0000000	0.0000000	0.0000000	0.0000000	0.0000000	0.0000000	0.0000000	0.0000000	0.0000000	0.0000000	2.0312177e-10	4.5444989e-08	4.8053104e-06	0.00025376631	0.0067932554	0.094717142	0.71314830	3.1069800	8.8721880	19.240428	35.049808	56.522023	82.728493	111.07417	137.07846	154.78915	158.17343	143.71740	113.28296	75.066926	40.270798	16.842518	5.3594842	1.3179787	0.26802003	0.049252198	0.0087711223	0.0015773628	0.00029259571	5.6330447e-05	1.1270015e-05	2.2060443e-06	0.0000000	0.0000000	0.0000000	0.0000000	0.0000000	0.0000000	0.0000000	0.0000000	0.0000000
10.6570	0.0000000	0.0000000	0.0000000	0.0000000	0.0000000	0.0000000	0.0000000	0.0000000	0.0000000	0.0000000	0.0000000	0.0000000	0.0000000	0.0000000	0.0000000	0.0000000	0.0000000	0.0000000	0.0000000	0.0000000	0.0000000	0.0000000	0.0000000	0.0000000	0.0000000	0.0000000	0.0000000	0.0000000	0.0000000	0.0000000	0.0000000	0.0000000	0.0000000	0.0000000	0.0000000	0.0000000	0.0000000	0.0000000	0.0000000	0.0000000	8.9139287e-11	2.0275409e-08	2.1725780e-06	0.00011687635	0.0032178700	0.046033173	0.35479270	1.5793444	4.6031636	10.184110	18.918562	31.097605	46.370764	63.378125	79.532397	91.207576	94.522652	86.975058	69.331135	46.400311	25.104404	10.571911	3.3813896	0.83425577	0.16987812	0.031202290	0.0055463351	0.00099451606	0.00018377540	3.5214866e-05	7.0059015e-06	1.3621917e-06	0.0000000	0.0000000	0.0000000	0.0000000	0.0000000	0.0000000	0.0000000	0.0000000	0.0000000
12.6800	0.0000000	0.0000000	0.0000000	0.0000000	0.0000000	0.0000000	0.0000000	0.0000000	0.0000000	0.0000000	0.0000000	0.0000000	0.0000000	0.0000000	0.0000000	0.0000000	0.0000000	0.0000000	0.0000000	0.0000000	0.0000000	0.0000000	0.0000000	0.0000000	0.0000000	0.0000000	0.0000000	0.0000000	0.0000000	0.0000000	0.0000000	0.0000000	0.0000000	0.0000000	0.0000000	0.0000000	0.0000000	0.0000000	0.0000000	0.0000000	5.5489664e-10	9.5098847e-08	7.9354456e-06	0.00034306172	0.0078138490	0.094767312	0.62996978	2.4365065	6.1889097	11.969143	19.503359	28.257265	37.422332	45.886856	52.148758	54.599320	52.004523	44.191287	32.637679	20.301780	10.244014	4.0400736	1.2164595	0.28424589	0.055143143	0.0097004015	0.0016591666	0.00028746284	5.1518182e-05	9.6063121e-06	1.8654285e-06	3.5507305e-07	0.0000000	0.0000000	0.0000000	0.0000000	0.0000000	0.0000000	0.0000000	0.0000000	0.0000000
11.0230	0.0000000	0.0000000	0.0000000	0.0000000	0.0000000	0.0000000	0.0000000	0.0000000	0.0000000	0.0000000	0.0000000	0.0000000	0.0000000	0.0000000	0.0000000	0.0000000	0.0000000	0.0000000	0.0000000	0.0000000	0.0000000	0.0000000	0.0000000	0.0000000	0.0000000	0.0000000	0.0000000	0.0000000	0.0000000	0.0000000	0.0000000	0.0000000	0.0000000	0.0000000	0.0000000	0.0000000	0.0000000	0.0000000	0.0000000	0.0000000	6.1172608e-11	1.3365034e-08	1.3945704e-06	7.3826937e-05	0.0020121258	0.028554430	0.21886485	0.97263111	2.8457842	6.3600273	11.991303	20.038007	30.327311	41.964487	53.150328	61.307968	63.732891	58.719836	46.819476	31.331040	16.954891	7.1434613	2.2855055	0.56374787	0.11468213	0.021027422	0.0037288013	0.00066682818	0.00012302711	2.3597595e-05	4.7168504e-06	9.2571248e-07	0.0000000	0.0000000	0.0000000	0.0000000	0.0000000	0.0000000	0.0000000	0.0000000	0.0000000
10.1150	0.0000000	0.0000000	0.0000000	0.0000000	0.0000000	0.0000000	0.0000000	0.0000000	0.0000000	0.0000000	0.0000000	0.0000000	0.0000000	0.0000000	0.0000000	0.0000000	0.0000000	0.0000000	0.0000000	0.0000000	0.0000000	0.0000000	0.0000000	0.0000000	0.0000000	0.0000000	0.0000000	0.0000000	0.0000000	0.0000000	0.0000000	0.0000000	0.0000000	0.0000000	0.0000000	0.0000000	0.0000000	0.0000000	0.0000000	0.0000000	8.3930647e-12	2.0760702e-09	2.4052836e-07	1.3924336e-05	0.00041089263	0.0062794115	0.051565134	0.24393346	0.75306630	1.7568371	3.4246183	5.8803556	9.1239154	12.935805	16.801822	19.910328	21.281152	20.147687	16.474733	11.268780	6.2069841	2.6524109	0.85854701	0.21399401	0.044000057	0.0081644011	0.0014673569	0.00026630079	4.9869968e-05	9.6948424e-06	1.9584920e-06	3.8697706e-07	0.0000000	0.0000000	0.0000000	0.0000000	0.0000000	0.0000000	0.0000000	0.0000000	0.0000000
