# DO NOT EDIT: written Thu Mar 14 18:48:37 2019 by wrt_emiss_fe17.pro
# faked emissivities [1e-23 ergs cm^3/s] for Fe17 lines from Del Zanna 2011, A&A 536, A59
# emissivities include ion balance, but not abundance, and are spline and ion balance jittered off of emiss_Fe17_00000.txt
# line 6 -- SEED, LOGT
# lines 7+ -- WVL, EMISSIVITY
      865089	4.00	4.05	4.10	4.15	4.20	4.25	4.30	4.35	4.40	4.45	4.50	4.55	4.60	4.65	4.70	4.75	4.80	4.85	4.90	4.95	5.00	5.05	5.10	5.15	5.20	5.25	5.30	5.35	5.40	5.45	5.50	5.55	5.60	5.65	5.70	5.75	5.80	5.85	5.90	5.95	6.00	6.05	6.10	6.15	6.20	6.25	6.30	6.35	6.40	6.45	6.50	6.55	6.60	6.65	6.70	6.75	6.80	6.85	6.90	6.95	7.00	7.05	7.10	7.15	7.20	7.25	7.30	7.35	7.40	7.45	7.50	7.55	7.60	7.65	7.70	7.75	7.80	7.85	7.90	7.95	8.00
15.0130	0.0000000	0.0000000	0.0000000	0.0000000	0.0000000	0.0000000	0.0000000	0.0000000	0.0000000	0.0000000	0.0000000	0.0000000	0.0000000	0.0000000	0.0000000	0.0000000	0.0000000	0.0000000	0.0000000	0.0000000	0.0000000	0.0000000	0.0000000	0.0000000	0.0000000	0.0000000	0.0000000	0.0000000	0.0000000	0.0000000	0.0000000	0.0000000	0.0000000	0.0000000	0.0000000	0.0000000	0.0000000	0.0000000	0.0000000	0.0000000	1.5153273e-07	2.2631873e-05	0.0016693105	0.064039702	1.2948660	13.954361	83.276813	296.61584	713.51067	1335.7424	2141.5980	3087.5851	4092.8786	5030.2185	5731.8813	6019.4971	5756.7599	4923.2840	3672.1887	2314.3141	1186.5324	476.50324	146.27598	34.843632	6.8857805	1.2328468	0.21442726	0.037740633	0.0068636493	0.0012973710	0.00025519685	4.8738245e-05	0.0000000	0.0000000	0.0000000	0.0000000	0.0000000	0.0000000	0.0000000	0.0000000	0.0000000
17.0510	0.0000000	0.0000000	0.0000000	0.0000000	0.0000000	0.0000000	0.0000000	0.0000000	0.0000000	0.0000000	0.0000000	0.0000000	0.0000000	0.0000000	0.0000000	0.0000000	0.0000000	0.0000000	0.0000000	0.0000000	0.0000000	0.0000000	0.0000000	0.0000000	0.0000000	0.0000000	0.0000000	0.0000000	0.0000000	0.0000000	0.0000000	0.0000000	0.0000000	0.0000000	0.0000000	0.0000000	0.0000000	0.0000000	0.0000000	0.0000000	3.1992084e-07	4.2115825e-05	0.0027790415	0.096501715	1.7815561	17.651727	97.409606	322.53183	724.92045	1274.2453	1926.9362	2630.4693	3312.4788	3878.2163	4219.8055	4240.6802	3888.4706	3193.2165	2289.0760	1387.0520	683.79844	264.03076	77.920079	17.847682	3.3931530	0.58476502	0.097951069	0.016614543	0.0029142851	0.00053175624	0.00010102807	1.8638461e-05	0.0000000	0.0000000	0.0000000	0.0000000	0.0000000	0.0000000	0.0000000	0.0000000	0.0000000
17.0960	0.0000000	0.0000000	0.0000000	0.0000000	0.0000000	0.0000000	0.0000000	0.0000000	0.0000000	0.0000000	0.0000000	0.0000000	0.0000000	0.0000000	0.0000000	0.0000000	0.0000000	0.0000000	0.0000000	0.0000000	0.0000000	0.0000000	0.0000000	0.0000000	0.0000000	0.0000000	0.0000000	0.0000000	0.0000000	0.0000000	0.0000000	0.0000000	0.0000000	0.0000000	0.0000000	0.0000000	0.0000000	0.0000000	0.0000000	0.0000000	3.3538272e-07	4.3612272e-05	0.0028393533	0.097324646	1.7766917	17.428103	95.218034	311.69260	690.89779	1193.9030	1768.7517	2357.4768	2888.7615	3280.4127	3452.3938	3347.6902	2955.4846	2332.3802	1603.9535	930.78067	438.69743	161.67863	45.479013	9.9201806	1.7954710	0.29468008	0.047062490	0.0076253467	0.0012807494	0.00022443583	4.1094538e-05	7.3358248e-06	0.0000000	0.0000000	0.0000000	0.0000000	0.0000000	0.0000000	0.0000000	0.0000000	0.0000000
16.7760	0.0000000	0.0000000	0.0000000	0.0000000	0.0000000	0.0000000	0.0000000	0.0000000	0.0000000	0.0000000	0.0000000	0.0000000	0.0000000	0.0000000	0.0000000	0.0000000	0.0000000	0.0000000	0.0000000	0.0000000	0.0000000	0.0000000	0.0000000	0.0000000	0.0000000	0.0000000	0.0000000	0.0000000	0.0000000	0.0000000	0.0000000	0.0000000	0.0000000	0.0000000	0.0000000	0.0000000	0.0000000	0.0000000	0.0000000	0.0000000	2.2547350e-07	2.8484511e-05	0.0017959299	0.060281570	1.1114729	11.015869	60.920073	202.51156	457.65359	809.50473	1232.0087	1691.6847	2139.3081	2510.8215	2735.3193	2749.9477	2521.2463	2069.9276	1483.8710	899.57085	443.90517	171.64099	50.740919	11.644746	2.2185099	0.38320726	0.064352531	0.010946636	0.0019261565	0.00035266812	6.7253890e-05	1.2457895e-05	0.0000000	0.0000000	0.0000000	0.0000000	0.0000000	0.0000000	0.0000000	0.0000000	0.0000000
15.2620	0.0000000	0.0000000	0.0000000	0.0000000	0.0000000	0.0000000	0.0000000	0.0000000	0.0000000	0.0000000	0.0000000	0.0000000	0.0000000	0.0000000	0.0000000	0.0000000	0.0000000	0.0000000	0.0000000	0.0000000	0.0000000	0.0000000	0.0000000	0.0000000	0.0000000	0.0000000	0.0000000	0.0000000	0.0000000	0.0000000	0.0000000	0.0000000	0.0000000	0.0000000	0.0000000	0.0000000	0.0000000	0.0000000	0.0000000	0.0000000	5.1725248e-08	7.6030975e-06	0.00055380448	0.021036867	0.42192453	4.5131005	26.726572	94.441781	225.37763	418.69987	666.65211	940.58097	1219.2888	1466.4166	1636.7523	1685.8942	1583.8488	1332.9601	980.29575	610.46368	310.00167	123.63946	37.804755	8.9985662	1.7821315	0.32044134	0.056050565	0.0099308504	0.0018190777	0.00034638083	6.8624460e-05	1.3192537e-05	0.0000000	0.0000000	0.0000000	0.0000000	0.0000000	0.0000000	0.0000000	0.0000000	0.0000000
12.1240	0.0000000	0.0000000	0.0000000	0.0000000	0.0000000	0.0000000	0.0000000	0.0000000	0.0000000	0.0000000	0.0000000	0.0000000	0.0000000	0.0000000	0.0000000	0.0000000	0.0000000	0.0000000	0.0000000	0.0000000	0.0000000	0.0000000	0.0000000	0.0000000	0.0000000	0.0000000	0.0000000	0.0000000	0.0000000	0.0000000	0.0000000	0.0000000	0.0000000	0.0000000	0.0000000	0.0000000	0.0000000	0.0000000	0.0000000	0.0000000	2.9861675e-09	5.7072368e-07	5.2368084e-05	0.0024365224	0.058400214	0.73087931	4.9740550	19.897467	53.073318	108.94403	189.62865	294.17156	416.18478	541.80491	649.64938	713.90848	711.05027	630.67099	486.03279	315.37472	165.91554	68.151806	21.334857	5.1697518	1.0370351	0.18805754	0.033056716	0.0058690696	0.0010750471	0.00020442355	4.0406233e-05	7.7456569e-06	0.0000000	0.0000000	0.0000000	0.0000000	0.0000000	0.0000000	0.0000000	0.0000000	0.0000000
12.2640	0.0000000	0.0000000	0.0000000	0.0000000	0.0000000	0.0000000	0.0000000	0.0000000	0.0000000	0.0000000	0.0000000	0.0000000	0.0000000	0.0000000	0.0000000	0.0000000	0.0000000	0.0000000	0.0000000	0.0000000	0.0000000	0.0000000	0.0000000	0.0000000	0.0000000	0.0000000	0.0000000	0.0000000	0.0000000	0.0000000	0.0000000	0.0000000	0.0000000	0.0000000	0.0000000	0.0000000	0.0000000	0.0000000	0.0000000	0.0000000	2.4379128e-09	4.5903533e-07	4.2114469e-05	0.0019745676	0.048048785	0.61465748	4.3009033	17.770234	49.119838	104.55367	188.22324	300.42196	434.03083	567.26050	681.16452	745.64623	730.00240	632.91942	475.19235	300.22159	154.19542	62.216198	19.304989	4.6771413	0.94494607	0.17356354	0.031025280	0.0056151503	0.0010494517	0.00020352728	4.0960642e-05	7.9722483e-06	0.0000000	0.0000000	0.0000000	0.0000000	0.0000000	0.0000000	0.0000000	0.0000000	0.0000000
13.8250	0.0000000	0.0000000	0.0000000	0.0000000	0.0000000	0.0000000	0.0000000	0.0000000	0.0000000	0.0000000	0.0000000	0.0000000	0.0000000	0.0000000	0.0000000	0.0000000	0.0000000	0.0000000	0.0000000	0.0000000	0.0000000	0.0000000	0.0000000	0.0000000	0.0000000	0.0000000	0.0000000	0.0000000	0.0000000	0.0000000	0.0000000	0.0000000	0.0000000	0.0000000	0.0000000	0.0000000	0.0000000	0.0000000	0.0000000	0.0000000	5.8072646e-09	9.0782084e-07	6.9661813e-05	0.0027648644	0.057458662	0.63038800	3.7806254	14.283485	36.489717	72.148260	121.62472	183.74709	254.70163	327.07812	389.42197	461.39909	551.11534	513.37979	397.30814	258.77515	136.60435	56.299879	17.687847	4.3032482	0.86733186	0.15821253	0.028007675	0.0050130911	0.00092641176	0.00017778218	3.5459393e-05	6.8549698e-06	0.0000000	0.0000000	0.0000000	0.0000000	0.0000000	0.0000000	0.0000000	0.0000000	0.0000000
15.4530	0.0000000	0.0000000	0.0000000	0.0000000	0.0000000	0.0000000	0.0000000	0.0000000	0.0000000	0.0000000	0.0000000	0.0000000	0.0000000	0.0000000	0.0000000	0.0000000	0.0000000	0.0000000	0.0000000	0.0000000	0.0000000	0.0000000	0.0000000	0.0000000	0.0000000	0.0000000	0.0000000	0.0000000	0.0000000	0.0000000	0.0000000	0.0000000	0.0000000	0.0000000	0.0000000	0.0000000	0.0000000	0.0000000	0.0000000	0.0000000	1.6213344e-08	2.2945819e-06	0.00016068646	0.0058585664	0.11260722	1.1527996	6.5259589	22.011885	50.048311	88.389624	133.44329	180.84364	224.95165	258.92159	275.73527	270.09026	240.50060	191.19355	132.35675	77.306915	36.691838	13.631439	3.8701596	0.85315883	0.15625401	0.025980159	0.0042070764	0.00069163060	0.00011792845	2.0985992e-05	3.9023685e-06	7.0727711e-07	0.0000000	0.0000000	0.0000000	0.0000000	0.0000000	0.0000000	0.0000000	0.0000000	0.0000000
11.2500	0.0000000	0.0000000	0.0000000	0.0000000	0.0000000	0.0000000	0.0000000	0.0000000	0.0000000	0.0000000	0.0000000	0.0000000	0.0000000	0.0000000	0.0000000	0.0000000	0.0000000	0.0000000	0.0000000	0.0000000	0.0000000	0.0000000	0.0000000	0.0000000	0.0000000	0.0000000	0.0000000	0.0000000	0.0000000	0.0000000	0.0000000	0.0000000	0.0000000	0.0000000	0.0000000	0.0000000	0.0000000	0.0000000	0.0000000	0.0000000	5.7905765e-10	1.2220362e-07	1.2258530e-05	0.00061800385	0.015922621	0.21265015	1.5339661	6.4625026	18.050395	38.612723	69.746725	111.87536	163.14715	218.33561	268.41545	301.67487	306.58524	276.85327	216.77456	142.65000	75.988974	31.562301	9.9792525	2.4397286	0.49334537	0.090117698	0.015943050	0.0028461511	0.00052364285	9.9897938e-05	1.9785629e-05	3.7952726e-06	0.0000000	0.0000000	0.0000000	0.0000000	0.0000000	0.0000000	0.0000000	0.0000000	0.0000000
11.1290	0.0000000	0.0000000	0.0000000	0.0000000	0.0000000	0.0000000	0.0000000	0.0000000	0.0000000	0.0000000	0.0000000	0.0000000	0.0000000	0.0000000	0.0000000	0.0000000	0.0000000	0.0000000	0.0000000	0.0000000	0.0000000	0.0000000	0.0000000	0.0000000	0.0000000	0.0000000	0.0000000	0.0000000	0.0000000	0.0000000	0.0000000	0.0000000	0.0000000	0.0000000	0.0000000	0.0000000	0.0000000	0.0000000	0.0000000	0.0000000	3.3094596e-10	7.1753745e-08	7.4200404e-06	0.00038604122	0.010252952	0.14070719	1.0376262	4.4369738	12.481013	26.739877	48.230143	77.207359	112.42006	150.30372	184.70185	207.59729	211.06569	190.73469	149.48349	98.474002	52.519203	21.842546	6.9157761	1.6933006	0.34296163	0.062757026	0.011122680	0.0019892203	0.00036663353	7.0067615e-05	1.3902068e-05	2.6715446e-06	0.0000000	0.0000000	0.0000000	0.0000000	0.0000000	0.0000000	0.0000000	0.0000000	0.0000000
16.3360	0.0000000	0.0000000	0.0000000	0.0000000	0.0000000	0.0000000	0.0000000	0.0000000	0.0000000	0.0000000	0.0000000	0.0000000	0.0000000	0.0000000	0.0000000	0.0000000	0.0000000	0.0000000	0.0000000	0.0000000	0.0000000	0.0000000	0.0000000	0.0000000	0.0000000	0.0000000	0.0000000	0.0000000	0.0000000	0.0000000	0.0000000	0.0000000	0.0000000	0.0000000	0.0000000	0.0000000	0.0000000	0.0000000	0.0000000	0.0000000	6.8826678e-09	9.2221143e-07	6.1568857e-05	0.0021539861	0.040011543	0.39869910	2.2101877	7.3372033	16.490432	28.883347	43.374393	58.630936	72.935833	84.204162	90.231979	89.218326	80.430777	64.900512	45.692307	27.187800	13.164946	4.9955888	1.4499229	0.32695834	0.061276416	0.010425835	0.0017273572	0.00029042945	5.0614220e-05	9.1977745e-06	1.7445672e-06	3.2208524e-07	0.0000000	0.0000000	0.0000000	0.0000000	0.0000000	0.0000000	0.0000000	0.0000000	0.0000000
13.8900	0.0000000	0.0000000	0.0000000	0.0000000	0.0000000	0.0000000	0.0000000	0.0000000	0.0000000	0.0000000	0.0000000	0.0000000	0.0000000	0.0000000	0.0000000	0.0000000	0.0000000	0.0000000	0.0000000	0.0000000	0.0000000	0.0000000	0.0000000	0.0000000	0.0000000	0.0000000	0.0000000	0.0000000	0.0000000	0.0000000	0.0000000	0.0000000	0.0000000	0.0000000	0.0000000	0.0000000	0.0000000	0.0000000	0.0000000	0.0000000	2.0351946e-09	3.1027484e-07	2.3339899e-05	0.00091457815	0.018944916	0.20974143	1.2870829	4.7030337	11.528722	21.830053	35.188145	50.789043	67.248070	82.536962	94.050306	98.880486	94.702971	81.041891	60.349685	37.842445	19.236136	7.6346768	2.3104018	0.54168896	0.10528547	0.018535402	0.0031700043	0.00054884722	9.8252856e-05	1.8294901e-05	3.5467402e-06	6.6764581e-07	0.0000000	0.0000000	0.0000000	0.0000000	0.0000000	0.0000000	0.0000000	0.0000000	0.0000000
16.0040	0.0000000	0.0000000	0.0000000	0.0000000	0.0000000	0.0000000	0.0000000	0.0000000	0.0000000	0.0000000	0.0000000	0.0000000	0.0000000	0.0000000	0.0000000	0.0000000	0.0000000	0.0000000	0.0000000	0.0000000	0.0000000	0.0000000	0.0000000	0.0000000	0.0000000	0.0000000	0.0000000	0.0000000	0.0000000	0.0000000	0.0000000	0.0000000	0.0000000	0.0000000	0.0000000	0.0000000	0.0000000	0.0000000	0.0000000	0.0000000	4.1916984e-09	5.8137221e-07	4.0100698e-05	0.0014446828	0.027511040	0.27979288	1.5782911	5.3236383	12.154215	21.636985	33.038280	45.419934	57.471920	67.506304	73.647941	74.228241	68.318539	56.381502	40.675472	24.845782	12.369356	4.8320320	1.4448943	0.33575556	0.064821113	0.011350851	0.0019326963	0.00033331940	5.9441511e-05	1.1020958e-05	2.1160590e-06	3.9239535e-07	0.0000000	0.0000000	0.0000000	0.0000000	0.0000000	0.0000000	0.0000000	0.0000000	0.0000000
10.7700	0.0000000	0.0000000	0.0000000	0.0000000	0.0000000	0.0000000	0.0000000	0.0000000	0.0000000	0.0000000	0.0000000	0.0000000	0.0000000	0.0000000	0.0000000	0.0000000	0.0000000	0.0000000	0.0000000	0.0000000	0.0000000	0.0000000	0.0000000	0.0000000	0.0000000	0.0000000	0.0000000	0.0000000	0.0000000	0.0000000	0.0000000	0.0000000	0.0000000	0.0000000	0.0000000	0.0000000	0.0000000	0.0000000	0.0000000	0.0000000	1.7154640e-10	3.7998345e-08	3.9935405e-06	0.00021077579	0.0056847137	0.079480662	0.60006620	2.6427089	7.6954920	17.104857	32.017942	53.128608	80.092980	110.82934	140.48441	161.20462	164.52588	146.94503	112.82688	72.714838	38.201593	15.831056	5.0453010	1.2534579	0.25910718	0.048570554	0.0088329775	0.0016204371	0.00030572611	5.9587421e-05	1.1994856e-05	2.3258888e-06	0.0000000	0.0000000	0.0000000	0.0000000	0.0000000	0.0000000	0.0000000	0.0000000	0.0000000
10.6570	0.0000000	0.0000000	0.0000000	0.0000000	0.0000000	0.0000000	0.0000000	0.0000000	0.0000000	0.0000000	0.0000000	0.0000000	0.0000000	0.0000000	0.0000000	0.0000000	0.0000000	0.0000000	0.0000000	0.0000000	0.0000000	0.0000000	0.0000000	0.0000000	0.0000000	0.0000000	0.0000000	0.0000000	0.0000000	0.0000000	0.0000000	0.0000000	0.0000000	0.0000000	0.0000000	0.0000000	0.0000000	0.0000000	0.0000000	0.0000000	9.6173061e-11	2.2448865e-08	2.4922114e-06	0.00013930603	0.0039895341	0.058266872	0.43917619	1.9242795	5.5604066	12.240312	22.650273	37.088346	55.066881	74.893675	93.452530	106.47903	109.53972	99.961161	78.954711	52.318860	28.016946	11.680109	3.6744867	0.71979436	0.13540271	0.024721278	0.0043714871	0.00078038248	0.00014367966	2.7492583e-05	6.0553878e-06	1.2624728e-06	0.0000000	0.0000000	0.0000000	0.0000000	0.0000000	0.0000000	0.0000000	0.0000000	0.0000000
12.6800	0.0000000	0.0000000	0.0000000	0.0000000	0.0000000	0.0000000	0.0000000	0.0000000	0.0000000	0.0000000	0.0000000	0.0000000	0.0000000	0.0000000	0.0000000	0.0000000	0.0000000	0.0000000	0.0000000	0.0000000	0.0000000	0.0000000	0.0000000	0.0000000	0.0000000	0.0000000	0.0000000	0.0000000	0.0000000	0.0000000	0.0000000	0.0000000	0.0000000	0.0000000	0.0000000	0.0000000	0.0000000	0.0000000	0.0000000	0.0000000	5.4945447e-10	9.3818279e-08	7.8312733e-06	0.00033790065	0.0076502871	0.091777167	0.60320658	2.3240380	5.9282145	11.563150	19.035850	27.876754	37.308299	46.201299	52.984405	55.934136	53.675341	45.918976	34.121253	21.345379	10.830164	4.2936411	1.2988998	0.30463814	0.059244966	0.010432887	0.0017836211	0.00030841873	5.5085306e-05	1.0223327e-05	1.9738496e-06	3.6988003e-07	0.0000000	0.0000000	0.0000000	0.0000000	0.0000000	0.0000000	0.0000000	0.0000000	0.0000000
11.0230	0.0000000	0.0000000	0.0000000	0.0000000	0.0000000	0.0000000	0.0000000	0.0000000	0.0000000	0.0000000	0.0000000	0.0000000	0.0000000	0.0000000	0.0000000	0.0000000	0.0000000	0.0000000	0.0000000	0.0000000	0.0000000	0.0000000	0.0000000	0.0000000	0.0000000	0.0000000	0.0000000	0.0000000	0.0000000	0.0000000	0.0000000	0.0000000	0.0000000	0.0000000	0.0000000	0.0000000	0.0000000	0.0000000	0.0000000	0.0000000	7.3194411e-11	1.5671345e-08	1.6014383e-06	8.2429807e-05	0.0021657061	0.029362629	0.21415931	0.91812814	2.6210075	5.7183457	10.536297	17.256157	25.715669	35.188197	44.232425	51.930338	55.898486	53.847220	45.013649	31.420438	17.529386	7.4793251	2.3829875	0.58618813	0.11918944	0.021877482	0.0038873676	0.00069686527	0.00012886457	2.4759851e-05	4.9524367e-06	9.6233336e-07	0.0000000	0.0000000	0.0000000	0.0000000	0.0000000	0.0000000	0.0000000	0.0000000	0.0000000
10.1150	0.0000000	0.0000000	0.0000000	0.0000000	0.0000000	0.0000000	0.0000000	0.0000000	0.0000000	0.0000000	0.0000000	0.0000000	0.0000000	0.0000000	0.0000000	0.0000000	0.0000000	0.0000000	0.0000000	0.0000000	0.0000000	0.0000000	0.0000000	0.0000000	0.0000000	0.0000000	0.0000000	0.0000000	0.0000000	0.0000000	0.0000000	0.0000000	0.0000000	0.0000000	0.0000000	0.0000000	0.0000000	0.0000000	0.0000000	0.0000000	1.0259184e-11	2.5106689e-09	2.8838776e-07	1.6474905e-05	0.00047676201	0.0070959291	0.056618743	0.26176806	0.79520249	1.8319162	3.5311887	5.9992076	9.2128897	12.932037	16.636327	19.535046	20.702410	19.447136	15.793193	10.743026	5.8960717	2.5172644	0.81694545	0.20486129	0.042481995	0.0079603686	0.0014450449	0.00026465489	4.9928763e-05	9.7600617e-06	1.9790555e-06	3.8830174e-07	0.0000000	0.0000000	0.0000000	0.0000000	0.0000000	0.0000000	0.0000000	0.0000000	0.0000000
