# DO NOT EDIT: written Thu Mar 14 18:48:37 2019 by wrt_emiss_fe17.pro
# faked emissivities [1e-23 ergs cm^3/s] for Fe17 lines from Del Zanna 2011, A&A 536, A59
# emissivities include ion balance, but not abundance, and are spline and ion balance jittered off of emiss_Fe17_00000.txt
# line 6 -- SEED, LOGT
# lines 7+ -- WVL, EMISSIVITY
      876389	4.00	4.05	4.10	4.15	4.20	4.25	4.30	4.35	4.40	4.45	4.50	4.55	4.60	4.65	4.70	4.75	4.80	4.85	4.90	4.95	5.00	5.05	5.10	5.15	5.20	5.25	5.30	5.35	5.40	5.45	5.50	5.55	5.60	5.65	5.70	5.75	5.80	5.85	5.90	5.95	6.00	6.05	6.10	6.15	6.20	6.25	6.30	6.35	6.40	6.45	6.50	6.55	6.60	6.65	6.70	6.75	6.80	6.85	6.90	6.95	7.00	7.05	7.10	7.15	7.20	7.25	7.30	7.35	7.40	7.45	7.50	7.55	7.60	7.65	7.70	7.75	7.80	7.85	7.90	7.95	8.00
15.0130	0.0000000	0.0000000	0.0000000	0.0000000	0.0000000	0.0000000	0.0000000	0.0000000	0.0000000	0.0000000	0.0000000	0.0000000	0.0000000	0.0000000	0.0000000	0.0000000	0.0000000	0.0000000	0.0000000	0.0000000	0.0000000	0.0000000	0.0000000	0.0000000	0.0000000	0.0000000	0.0000000	0.0000000	0.0000000	0.0000000	0.0000000	0.0000000	0.0000000	0.0000000	0.0000000	0.0000000	0.0000000	0.0000000	0.0000000	0.0000000	9.7232443e-08	1.5055070e-05	0.0011389927	0.045437018	0.97152927	11.245451	71.891346	266.92875	651.77661	1221.3324	1948.5042	2789.8664	3673.4140	4491.7819	5106.8325	5372.5330	5173.0165	4480.2263	3403.9774	2195.4399	1155.1535	476.35119	149.87521	36.464984	7.3318600	1.3304240	0.23358888	0.041331375	0.0075273949	0.0014204520	0.00027830938	5.4226104e-05	0.0000000	0.0000000	0.0000000	0.0000000	0.0000000	0.0000000	0.0000000	0.0000000	0.0000000
17.0510	0.0000000	0.0000000	0.0000000	0.0000000	0.0000000	0.0000000	0.0000000	0.0000000	0.0000000	0.0000000	0.0000000	0.0000000	0.0000000	0.0000000	0.0000000	0.0000000	0.0000000	0.0000000	0.0000000	0.0000000	0.0000000	0.0000000	0.0000000	0.0000000	0.0000000	0.0000000	0.0000000	0.0000000	0.0000000	0.0000000	0.0000000	0.0000000	0.0000000	0.0000000	0.0000000	0.0000000	0.0000000	0.0000000	0.0000000	0.0000000	1.8380628e-07	2.5023043e-05	0.0016876996	0.060727136	1.1825788	12.579530	74.530800	258.39955	593.13966	1051.0994	1593.7641	2176.8920	2741.1076	3209.4644	3494.4227	3517.4708	3234.8948	2668.5638	2172.6929	1530.2320	790.05590	307.33038	91.188695	20.944546	3.9845455	0.68634433	0.11486164	0.019465474	0.0034124750	0.00061414768	0.00011060776	1.9850339e-05	0.0000000	0.0000000	0.0000000	0.0000000	0.0000000	0.0000000	0.0000000	0.0000000	0.0000000
17.0960	0.0000000	0.0000000	0.0000000	0.0000000	0.0000000	0.0000000	0.0000000	0.0000000	0.0000000	0.0000000	0.0000000	0.0000000	0.0000000	0.0000000	0.0000000	0.0000000	0.0000000	0.0000000	0.0000000	0.0000000	0.0000000	0.0000000	0.0000000	0.0000000	0.0000000	0.0000000	0.0000000	0.0000000	0.0000000	0.0000000	0.0000000	0.0000000	0.0000000	0.0000000	0.0000000	0.0000000	0.0000000	0.0000000	0.0000000	0.0000000	2.0240137e-07	2.7002986e-05	0.0017841479	0.062984025	1.2069670	12.668359	74.189239	254.38643	577.39314	1011.1084	1514.0461	2041.7747	2538.5343	2935.8948	3159.9741	3147.9129	2868.8137	2347.6322	1677.9749	1011.6506	493.89524	187.74209	54.177119	12.052901	2.2134708	0.36708739	0.059041144	0.0096056961	0.0016158112	0.00028287323	5.1622279e-05	9.3999290e-06	0.0000000	0.0000000	0.0000000	0.0000000	0.0000000	0.0000000	0.0000000	0.0000000	0.0000000
16.7760	0.0000000	0.0000000	0.0000000	0.0000000	0.0000000	0.0000000	0.0000000	0.0000000	0.0000000	0.0000000	0.0000000	0.0000000	0.0000000	0.0000000	0.0000000	0.0000000	0.0000000	0.0000000	0.0000000	0.0000000	0.0000000	0.0000000	0.0000000	0.0000000	0.0000000	0.0000000	0.0000000	0.0000000	0.0000000	0.0000000	0.0000000	0.0000000	0.0000000	0.0000000	0.0000000	0.0000000	0.0000000	0.0000000	0.0000000	0.0000000	1.6161318e-07	2.2354732e-05	0.0015231426	0.055174075	1.0808614	11.571234	69.053999	241.37920	559.05048	999.78549	1529.3229	2105.3103	2666.7649	3134.9450	3422.6179	3451.8568	3179.0506	2625.7654	1896.5715	1159.8917	577.64522	225.22299	66.985329	15.420815	2.9398943	0.50736770	0.085054419	0.014435734	0.0025338460	0.00046272301	8.8008435e-05	1.6678712e-05	0.0000000	0.0000000	0.0000000	0.0000000	0.0000000	0.0000000	0.0000000	0.0000000	0.0000000
15.2620	0.0000000	0.0000000	0.0000000	0.0000000	0.0000000	0.0000000	0.0000000	0.0000000	0.0000000	0.0000000	0.0000000	0.0000000	0.0000000	0.0000000	0.0000000	0.0000000	0.0000000	0.0000000	0.0000000	0.0000000	0.0000000	0.0000000	0.0000000	0.0000000	0.0000000	0.0000000	0.0000000	0.0000000	0.0000000	0.0000000	0.0000000	0.0000000	0.0000000	0.0000000	0.0000000	0.0000000	0.0000000	0.0000000	0.0000000	0.0000000	3.0536559e-08	4.6152064e-06	0.00034176335	0.013385909	0.28193587	3.2251517	20.439449	75.437462	183.54826	343.50650	548.54205	787.82644	1042.3088	1282.0228	1466.8162	1552.6132	1502.8319	1306.4310	994.66668	642.32850	338.41985	139.87511	44.160119	10.785722	2.1764923	0.39603727	0.069628503	0.012312591	0.0022342048	0.00041797676	8.0610509e-05	1.5309415e-05	0.0000000	0.0000000	0.0000000	0.0000000	0.0000000	0.0000000	0.0000000	0.0000000	0.0000000
12.1240	0.0000000	0.0000000	0.0000000	0.0000000	0.0000000	0.0000000	0.0000000	0.0000000	0.0000000	0.0000000	0.0000000	0.0000000	0.0000000	0.0000000	0.0000000	0.0000000	0.0000000	0.0000000	0.0000000	0.0000000	0.0000000	0.0000000	0.0000000	0.0000000	0.0000000	0.0000000	0.0000000	0.0000000	0.0000000	0.0000000	0.0000000	0.0000000	0.0000000	0.0000000	0.0000000	0.0000000	0.0000000	0.0000000	0.0000000	0.0000000	2.1664673e-09	4.2971517e-07	4.0380330e-05	0.0019467336	0.049100345	0.65638622	4.7609465	19.762234	53.289383	109.10479	188.41683	289.62704	406.41582	526.12877	629.77860	694.50053	698.63049	630.57465	498.13584	332.97938	180.82576	76.574887	24.602213	6.0826411	1.2385401	0.22705066	0.040215017	0.0071744162	0.0013172966	0.00025051753	4.9418669e-05	9.6785221e-06	0.0000000	0.0000000	0.0000000	0.0000000	0.0000000	0.0000000	0.0000000	0.0000000	0.0000000
12.2640	0.0000000	0.0000000	0.0000000	0.0000000	0.0000000	0.0000000	0.0000000	0.0000000	0.0000000	0.0000000	0.0000000	0.0000000	0.0000000	0.0000000	0.0000000	0.0000000	0.0000000	0.0000000	0.0000000	0.0000000	0.0000000	0.0000000	0.0000000	0.0000000	0.0000000	0.0000000	0.0000000	0.0000000	0.0000000	0.0000000	0.0000000	0.0000000	0.0000000	0.0000000	0.0000000	0.0000000	0.0000000	0.0000000	0.0000000	0.0000000	2.0407117e-09	3.9411721e-07	3.6149432e-05	0.0017065284	0.042306738	0.55815975	4.0091365	16.519286	44.297808	90.394180	156.03317	240.60571	340.04657	444.66637	538.17973	599.32265	606.70163	547.99728	430.42115	284.64030	152.51471	63.702083	20.220576	4.9518534	1.0010757	0.18257492	0.032227689	0.0057387510	0.0010531727	0.00020043690	3.9614186e-05	7.7815616e-06	0.0000000	0.0000000	0.0000000	0.0000000	0.0000000	0.0000000	0.0000000	0.0000000	0.0000000
13.8250	0.0000000	0.0000000	0.0000000	0.0000000	0.0000000	0.0000000	0.0000000	0.0000000	0.0000000	0.0000000	0.0000000	0.0000000	0.0000000	0.0000000	0.0000000	0.0000000	0.0000000	0.0000000	0.0000000	0.0000000	0.0000000	0.0000000	0.0000000	0.0000000	0.0000000	0.0000000	0.0000000	0.0000000	0.0000000	0.0000000	0.0000000	0.0000000	0.0000000	0.0000000	0.0000000	0.0000000	0.0000000	0.0000000	0.0000000	0.0000000	3.4250385e-09	5.6521698e-07	4.5604930e-05	0.0019469667	0.044780669	0.56054211	3.8896401	15.680863	41.424615	83.574467	142.87919	218.23005	305.23247	394.92639	473.11952	521.52115	522.26080	465.98132	360.74151	234.42420	122.97989	50.074567	15.439824	3.6726895	0.72444012	0.13016497	0.022970019	0.0041682134	0.00079733010	0.00016150235	3.3800298e-05	6.9444832e-06	0.0000000	0.0000000	0.0000000	0.0000000	0.0000000	0.0000000	0.0000000	0.0000000	0.0000000
15.4530	0.0000000	0.0000000	0.0000000	0.0000000	0.0000000	0.0000000	0.0000000	0.0000000	0.0000000	0.0000000	0.0000000	0.0000000	0.0000000	0.0000000	0.0000000	0.0000000	0.0000000	0.0000000	0.0000000	0.0000000	0.0000000	0.0000000	0.0000000	0.0000000	0.0000000	0.0000000	0.0000000	0.0000000	0.0000000	0.0000000	0.0000000	0.0000000	0.0000000	0.0000000	0.0000000	0.0000000	0.0000000	0.0000000	0.0000000	0.0000000	9.6244063e-09	1.4099239e-06	0.00010110575	0.0038302891	0.077941707	0.86049472	5.2575549	18.680868	43.672017	78.336409	119.54610	163.52154	205.29744	238.67320	257.02685	254.98629	230.36379	186.15762	131.22975	78.161780	37.848384	14.333100	4.1380571	0.92466170	0.17117661	0.028709413	0.0046825456	0.00077436851	0.00013267085	2.3694816e-05	4.4166429e-06	8.2201805e-07	0.0000000	0.0000000	0.0000000	0.0000000	0.0000000	0.0000000	0.0000000	0.0000000	0.0000000
11.2500	0.0000000	0.0000000	0.0000000	0.0000000	0.0000000	0.0000000	0.0000000	0.0000000	0.0000000	0.0000000	0.0000000	0.0000000	0.0000000	0.0000000	0.0000000	0.0000000	0.0000000	0.0000000	0.0000000	0.0000000	0.0000000	0.0000000	0.0000000	0.0000000	0.0000000	0.0000000	0.0000000	0.0000000	0.0000000	0.0000000	0.0000000	0.0000000	0.0000000	0.0000000	0.0000000	0.0000000	0.0000000	0.0000000	0.0000000	0.0000000	3.7636355e-10	8.2437048e-08	8.4905124e-06	0.00044586717	0.012188424	0.17587054	1.3712245	6.0911368	17.499025	38.008299	69.326923	112.03250	164.44327	221.45062	273.99714	310.10093	317.62732	289.39779	228.87959	152.26111	81.997716	34.389614	10.950152	2.6872972	0.54401001	0.099310876	0.017541495	0.0031248491	0.00057357507	0.00010915824	2.1568821e-05	4.2346936e-06	0.0000000	0.0000000	0.0000000	0.0000000	0.0000000	0.0000000	0.0000000	0.0000000	0.0000000
11.1290	0.0000000	0.0000000	0.0000000	0.0000000	0.0000000	0.0000000	0.0000000	0.0000000	0.0000000	0.0000000	0.0000000	0.0000000	0.0000000	0.0000000	0.0000000	0.0000000	0.0000000	0.0000000	0.0000000	0.0000000	0.0000000	0.0000000	0.0000000	0.0000000	0.0000000	0.0000000	0.0000000	0.0000000	0.0000000	0.0000000	0.0000000	0.0000000	0.0000000	0.0000000	0.0000000	0.0000000	0.0000000	0.0000000	0.0000000	0.0000000	2.6159571e-10	5.8073582e-08	6.0508213e-06	0.00032089704	0.0088448160	0.12848004	1.0068335	4.4875349	12.911489	28.039506	51.067356	82.318675	120.44520	161.62476	199.22818	224.61098	229.16829	207.99988	163.89403	108.65085	58.329496	24.396842	7.7506356	1.8986566	0.38384987	0.070013958	0.012361346	0.0022018593	0.00040424657	7.6972029e-05	1.5220967e-05	2.9915365e-06	0.0000000	0.0000000	0.0000000	0.0000000	0.0000000	0.0000000	0.0000000	0.0000000	0.0000000
16.3360	0.0000000	0.0000000	0.0000000	0.0000000	0.0000000	0.0000000	0.0000000	0.0000000	0.0000000	0.0000000	0.0000000	0.0000000	0.0000000	0.0000000	0.0000000	0.0000000	0.0000000	0.0000000	0.0000000	0.0000000	0.0000000	0.0000000	0.0000000	0.0000000	0.0000000	0.0000000	0.0000000	0.0000000	0.0000000	0.0000000	0.0000000	0.0000000	0.0000000	0.0000000	0.0000000	0.0000000	0.0000000	0.0000000	0.0000000	0.0000000	4.6536644e-09	6.5493832e-07	4.5401240e-05	0.0016708782	0.033188596	0.35912687	2.1554275	7.5265289	17.270437	30.300440	44.990125	59.443264	71.593859	80.017620	84.011605	83.471126	78.514667	69.193272	55.435800	34.372442	16.921930	5.6472305	1.4168829	0.32252292	0.060835401	0.010395372	0.0017270780	0.00029082434	5.0706520e-05	9.2089368e-06	1.7437907e-06	3.2933242e-07	0.0000000	0.0000000	0.0000000	0.0000000	0.0000000	0.0000000	0.0000000	0.0000000	0.0000000
13.8900	0.0000000	0.0000000	0.0000000	0.0000000	0.0000000	0.0000000	0.0000000	0.0000000	0.0000000	0.0000000	0.0000000	0.0000000	0.0000000	0.0000000	0.0000000	0.0000000	0.0000000	0.0000000	0.0000000	0.0000000	0.0000000	0.0000000	0.0000000	0.0000000	0.0000000	0.0000000	0.0000000	0.0000000	0.0000000	0.0000000	0.0000000	0.0000000	0.0000000	0.0000000	0.0000000	0.0000000	0.0000000	0.0000000	0.0000000	0.0000000	1.3849384e-09	2.2229657e-07	1.7381365e-05	0.00071669978	0.015876122	0.19093122	1.2698725	4.8920793	12.297146	23.503274	37.923669	54.517528	71.653689	87.111593	98.203825	102.10757	96.751772	81.998908	60.563840	37.728219	19.076270	7.5334683	2.2661067	0.52727735	0.10160381	0.017733099	0.0030089864	0.00051753976	9.2194226e-05	1.7115433e-05	3.3154324e-06	6.4122596e-07	0.0000000	0.0000000	0.0000000	0.0000000	0.0000000	0.0000000	0.0000000	0.0000000	0.0000000
16.0040	0.0000000	0.0000000	0.0000000	0.0000000	0.0000000	0.0000000	0.0000000	0.0000000	0.0000000	0.0000000	0.0000000	0.0000000	0.0000000	0.0000000	0.0000000	0.0000000	0.0000000	0.0000000	0.0000000	0.0000000	0.0000000	0.0000000	0.0000000	0.0000000	0.0000000	0.0000000	0.0000000	0.0000000	0.0000000	0.0000000	0.0000000	0.0000000	0.0000000	0.0000000	0.0000000	0.0000000	0.0000000	0.0000000	0.0000000	0.0000000	2.8924811e-09	4.1589834e-07	2.9335800e-05	0.0010940999	0.021938057	0.23904796	1.4451628	5.0986444	11.885995	21.343802	32.716353	45.076325	57.144239	67.267944	73.593035	74.444629	68.841080	57.146737	41.512524	25.549248	12.812778	5.0342017	1.5103202	0.35124996	0.067742332	0.011837921	0.0020106553	0.00034587608	6.1530253e-05	1.1382026e-05	2.1902038e-06	4.1911551e-07	0.0000000	0.0000000	0.0000000	0.0000000	0.0000000	0.0000000	0.0000000	0.0000000	0.0000000
10.7700	0.0000000	0.0000000	0.0000000	0.0000000	0.0000000	0.0000000	0.0000000	0.0000000	0.0000000	0.0000000	0.0000000	0.0000000	0.0000000	0.0000000	0.0000000	0.0000000	0.0000000	0.0000000	0.0000000	0.0000000	0.0000000	0.0000000	0.0000000	0.0000000	0.0000000	0.0000000	0.0000000	0.0000000	0.0000000	0.0000000	0.0000000	0.0000000	0.0000000	0.0000000	0.0000000	0.0000000	0.0000000	0.0000000	0.0000000	0.0000000	1.2568377e-10	2.8624216e-08	3.0621014e-06	0.00016715508	0.0047609367	0.071813363	0.58747280	2.7429990	8.2574042	18.658720	35.063419	57.685532	85.277445	115.21265	142.97190	162.27529	166.65470	152.19036	120.57891	80.308857	43.279378	18.159739	5.7849253	1.4205722	0.28785620	0.052630608	0.0093162587	0.0016641444	0.00030648045	5.8560321e-05	1.1625707e-05	2.2951236e-06	0.0000000	0.0000000	0.0000000	0.0000000	0.0000000	0.0000000	0.0000000	0.0000000	0.0000000
10.6570	0.0000000	0.0000000	0.0000000	0.0000000	0.0000000	0.0000000	0.0000000	0.0000000	0.0000000	0.0000000	0.0000000	0.0000000	0.0000000	0.0000000	0.0000000	0.0000000	0.0000000	0.0000000	0.0000000	0.0000000	0.0000000	0.0000000	0.0000000	0.0000000	0.0000000	0.0000000	0.0000000	0.0000000	0.0000000	0.0000000	0.0000000	0.0000000	0.0000000	0.0000000	0.0000000	0.0000000	0.0000000	0.0000000	0.0000000	0.0000000	7.4973199e-11	1.7546404e-08	1.8994782e-06	0.00010362677	0.0029219677	0.043357480	0.34790316	1.5975689	4.7691557	10.787326	20.483297	34.372997	52.190223	72.468208	92.219111	107.09103	111.78468	102.80100	81.942666	54.860216	29.691979	12.499582	3.9906812	0.98106185	0.19879717	0.036313786	0.0064192841	0.0011450633	0.00021062797	4.0208454e-05	7.9774008e-06	1.5742483e-06	0.0000000	0.0000000	0.0000000	0.0000000	0.0000000	0.0000000	0.0000000	0.0000000	0.0000000
12.6800	0.0000000	0.0000000	0.0000000	0.0000000	0.0000000	0.0000000	0.0000000	0.0000000	0.0000000	0.0000000	0.0000000	0.0000000	0.0000000	0.0000000	0.0000000	0.0000000	0.0000000	0.0000000	0.0000000	0.0000000	0.0000000	0.0000000	0.0000000	0.0000000	0.0000000	0.0000000	0.0000000	0.0000000	0.0000000	0.0000000	0.0000000	0.0000000	0.0000000	0.0000000	0.0000000	0.0000000	0.0000000	0.0000000	0.0000000	0.0000000	4.2570740e-10	7.3499186e-08	6.1395765e-06	0.00026925480	0.0063229485	0.080317815	0.56071161	2.2441607	5.8143958	11.395587	18.782673	27.524111	36.885100	45.792860	52.726758	55.976609	54.112204	46.714390	35.081198	22.202284	11.396904	4.5647428	1.3908310	0.32725369	0.063618454	0.011170625	0.0019014579	0.00032713978	5.8133205e-05	1.0738715e-05	2.0654177e-06	3.9597301e-07	0.0000000	0.0000000	0.0000000	0.0000000	0.0000000	0.0000000	0.0000000	0.0000000	0.0000000
11.0230	0.0000000	0.0000000	0.0000000	0.0000000	0.0000000	0.0000000	0.0000000	0.0000000	0.0000000	0.0000000	0.0000000	0.0000000	0.0000000	0.0000000	0.0000000	0.0000000	0.0000000	0.0000000	0.0000000	0.0000000	0.0000000	0.0000000	0.0000000	0.0000000	0.0000000	0.0000000	0.0000000	0.0000000	0.0000000	0.0000000	0.0000000	0.0000000	0.0000000	0.0000000	0.0000000	0.0000000	0.0000000	0.0000000	0.0000000	0.0000000	4.6840810e-11	1.0587960e-08	1.1325531e-06	6.2007845e-05	0.0017668533	0.026462331	0.21318609	0.97452225	2.8713355	6.3850284	11.929637	19.774097	29.807840	41.264139	52.502621	61.071187	64.248694	60.099871	48.789557	33.317081	18.423299	7.9330513	2.5911824	0.65129149	0.13475024	0.025085039	0.0045087817	0.00081573396	0.00015192995	2.9342458e-05	5.8879345e-06	1.1750855e-06	0.0000000	0.0000000	0.0000000	0.0000000	0.0000000	0.0000000	0.0000000	0.0000000	0.0000000
10.1150	0.0000000	0.0000000	0.0000000	0.0000000	0.0000000	0.0000000	0.0000000	0.0000000	0.0000000	0.0000000	0.0000000	0.0000000	0.0000000	0.0000000	0.0000000	0.0000000	0.0000000	0.0000000	0.0000000	0.0000000	0.0000000	0.0000000	0.0000000	0.0000000	0.0000000	0.0000000	0.0000000	0.0000000	0.0000000	0.0000000	0.0000000	0.0000000	0.0000000	0.0000000	0.0000000	0.0000000	0.0000000	0.0000000	0.0000000	0.0000000	7.6623568e-12	1.9434404e-09	2.2869266e-07	1.3569562e-05	0.00041521932	0.0066513738	0.057125153	0.27727174	0.85442299	1.9531117	3.7175478	6.2277948	9.4328448	13.074764	16.639382	19.375961	20.423718	19.148652	15.578720	10.655298	5.8982393	2.5451134	0.83551310	0.21193135	0.044453582	0.0084288972	0.0015492369	0.00028743889	5.4940186e-05	1.0852378e-05	2.2098061e-06	4.4256238e-07	0.0000000	0.0000000	0.0000000	0.0000000	0.0000000	0.0000000	0.0000000	0.0000000	0.0000000
