# DO NOT EDIT: written Thu Mar 14 18:48:37 2019 by wrt_emiss_fe17.pro
# faked emissivities [1e-23 ergs cm^3/s] for Fe17 lines from Del Zanna 2011, A&A 536, A59
# emissivities include ion balance, but not abundance, and are spline and ion balance jittered off of emiss_Fe17_00000.txt
# line 6 -- SEED, LOGT
# lines 7+ -- WVL, EMISSIVITY
      543897	4.00	4.05	4.10	4.15	4.20	4.25	4.30	4.35	4.40	4.45	4.50	4.55	4.60	4.65	4.70	4.75	4.80	4.85	4.90	4.95	5.00	5.05	5.10	5.15	5.20	5.25	5.30	5.35	5.40	5.45	5.50	5.55	5.60	5.65	5.70	5.75	5.80	5.85	5.90	5.95	6.00	6.05	6.10	6.15	6.20	6.25	6.30	6.35	6.40	6.45	6.50	6.55	6.60	6.65	6.70	6.75	6.80	6.85	6.90	6.95	7.00	7.05	7.10	7.15	7.20	7.25	7.30	7.35	7.40	7.45	7.50	7.55	7.60	7.65	7.70	7.75	7.80	7.85	7.90	7.95	8.00
15.0130	0.0000000	0.0000000	0.0000000	0.0000000	0.0000000	0.0000000	0.0000000	0.0000000	0.0000000	0.0000000	0.0000000	0.0000000	0.0000000	0.0000000	0.0000000	0.0000000	0.0000000	0.0000000	0.0000000	0.0000000	0.0000000	0.0000000	0.0000000	0.0000000	0.0000000	0.0000000	0.0000000	0.0000000	0.0000000	0.0000000	0.0000000	0.0000000	0.0000000	0.0000000	0.0000000	0.0000000	0.0000000	0.0000000	0.0000000	0.0000000	1.4313467e-07	2.1270808e-05	0.0015645266	0.059886391	1.2082362	12.987903	77.354724	275.62722	664.95003	1250.3949	2015.4108	2922.4107	3897.0851	4818.3926	5522.9198	5832.7916	5606.7855	4815.2387	3602.0959	2272.9706	1164.4528	466.35907	142.52793	33.749683	6.6207233	1.1751086	0.20237574	0.035245374	0.0063417276	0.0011865276	0.00023126772	4.3736456e-05	0.0000000	0.0000000	0.0000000	0.0000000	0.0000000	0.0000000	0.0000000	0.0000000	0.0000000
17.0510	0.0000000	0.0000000	0.0000000	0.0000000	0.0000000	0.0000000	0.0000000	0.0000000	0.0000000	0.0000000	0.0000000	0.0000000	0.0000000	0.0000000	0.0000000	0.0000000	0.0000000	0.0000000	0.0000000	0.0000000	0.0000000	0.0000000	0.0000000	0.0000000	0.0000000	0.0000000	0.0000000	0.0000000	0.0000000	0.0000000	0.0000000	0.0000000	0.0000000	0.0000000	0.0000000	0.0000000	0.0000000	0.0000000	0.0000000	0.0000000	3.4051901e-07	4.4327266e-05	0.0028927515	0.099218634	1.8064062	17.620221	95.665565	312.08091	692.28958	1202.2041	1796.8662	2424.9859	3019.4926	3496.1807	3762.8953	3741.3928	3395.1756	2760.1803	1959.6004	1176.5603	575.10389	220.36357	64.605658	14.719002	2.7870313	0.47900511	0.080128839	0.013593360	0.0023884187	0.00043728694	8.3514526e-05	1.5481654e-05	0.0000000	0.0000000	0.0000000	0.0000000	0.0000000	0.0000000	0.0000000	0.0000000	0.0000000
17.0960	0.0000000	0.0000000	0.0000000	0.0000000	0.0000000	0.0000000	0.0000000	0.0000000	0.0000000	0.0000000	0.0000000	0.0000000	0.0000000	0.0000000	0.0000000	0.0000000	0.0000000	0.0000000	0.0000000	0.0000000	0.0000000	0.0000000	0.0000000	0.0000000	0.0000000	0.0000000	0.0000000	0.0000000	0.0000000	0.0000000	0.0000000	0.0000000	0.0000000	0.0000000	0.0000000	0.0000000	0.0000000	0.0000000	0.0000000	0.0000000	3.5411173e-07	4.5445514e-05	0.0029208958	0.098748986	1.7761469	17.148915	92.245797	298.05562	654.15236	1122.1360	1654.0664	2198.7147	2693.9723	3067.3054	3245.4513	3172.4771	2831.0705	2264.4458	1582.6138	935.93236	450.81562	170.08747	48.845777	10.836710	1.9879993	0.32963459	0.053022050	0.0086271010	0.0014510398	0.00025396196	4.6327240e-05	8.2003317e-06	0.0000000	0.0000000	0.0000000	0.0000000	0.0000000	0.0000000	0.0000000	0.0000000	0.0000000
16.7760	0.0000000	0.0000000	0.0000000	0.0000000	0.0000000	0.0000000	0.0000000	0.0000000	0.0000000	0.0000000	0.0000000	0.0000000	0.0000000	0.0000000	0.0000000	0.0000000	0.0000000	0.0000000	0.0000000	0.0000000	0.0000000	0.0000000	0.0000000	0.0000000	0.0000000	0.0000000	0.0000000	0.0000000	0.0000000	0.0000000	0.0000000	0.0000000	0.0000000	0.0000000	0.0000000	0.0000000	0.0000000	0.0000000	0.0000000	0.0000000	2.4550343e-07	3.2190898e-05	0.0021081936	0.072450105	1.3229549	12.969297	70.934516	233.67019	524.53610	923.11815	1399.4599	1916.1038	2418.6327	2836.4830	3091.3642	3113.0572	2861.8403	2357.2769	1695.7247	1031.3892	510.50930	197.97207	58.695885	13.510331	2.5815533	0.44719118	0.075298600	0.012839962	0.0022642142	0.00041534071	7.9327480e-05	1.4676841e-05	0.0000000	0.0000000	0.0000000	0.0000000	0.0000000	0.0000000	0.0000000	0.0000000	0.0000000
15.2620	0.0000000	0.0000000	0.0000000	0.0000000	0.0000000	0.0000000	0.0000000	0.0000000	0.0000000	0.0000000	0.0000000	0.0000000	0.0000000	0.0000000	0.0000000	0.0000000	0.0000000	0.0000000	0.0000000	0.0000000	0.0000000	0.0000000	0.0000000	0.0000000	0.0000000	0.0000000	0.0000000	0.0000000	0.0000000	0.0000000	0.0000000	0.0000000	0.0000000	0.0000000	0.0000000	0.0000000	0.0000000	0.0000000	0.0000000	0.0000000	4.0512685e-08	5.8621375e-06	0.00042235838	0.015917113	0.31766756	3.3818133	19.992257	70.795285	169.94254	318.37815	511.99888	741.95243	990.31316	1227.1345	1411.1843	1496.5987	1445.6957	1248.4766	939.56338	596.66226	307.73445	124.13806	38.230532	9.1264693	1.8058031	0.32343346	0.056234327	0.0098892946	0.0017963371	0.00033905801	6.6592115e-05	1.2668178e-05	0.0000000	0.0000000	0.0000000	0.0000000	0.0000000	0.0000000	0.0000000	0.0000000	0.0000000
12.1240	0.0000000	0.0000000	0.0000000	0.0000000	0.0000000	0.0000000	0.0000000	0.0000000	0.0000000	0.0000000	0.0000000	0.0000000	0.0000000	0.0000000	0.0000000	0.0000000	0.0000000	0.0000000	0.0000000	0.0000000	0.0000000	0.0000000	0.0000000	0.0000000	0.0000000	0.0000000	0.0000000	0.0000000	0.0000000	0.0000000	0.0000000	0.0000000	0.0000000	0.0000000	0.0000000	0.0000000	0.0000000	0.0000000	0.0000000	0.0000000	3.0687934e-09	5.8556655e-07	5.3693170e-05	0.0024950623	0.059671926	0.74427533	5.0472798	20.155253	53.779345	110.56796	192.88338	299.99470	425.61867	555.73318	668.40234	736.82519	736.20005	655.02621	506.31617	329.44291	173.74996	71.534380	22.442955	5.4496978	1.0952870	0.19893788	0.035009581	0.0062196286	0.0011392526	0.00021648062	4.2726414e-05	8.1520883e-06	0.0000000	0.0000000	0.0000000	0.0000000	0.0000000	0.0000000	0.0000000	0.0000000	0.0000000
12.2640	0.0000000	0.0000000	0.0000000	0.0000000	0.0000000	0.0000000	0.0000000	0.0000000	0.0000000	0.0000000	0.0000000	0.0000000	0.0000000	0.0000000	0.0000000	0.0000000	0.0000000	0.0000000	0.0000000	0.0000000	0.0000000	0.0000000	0.0000000	0.0000000	0.0000000	0.0000000	0.0000000	0.0000000	0.0000000	0.0000000	0.0000000	0.0000000	0.0000000	0.0000000	0.0000000	0.0000000	0.0000000	0.0000000	0.0000000	0.0000000	3.3913162e-09	6.3571421e-07	5.7496102e-05	0.0026451310	0.062831865	0.78032117	5.2769605	21.018514	55.902356	114.49407	198.90088	308.07205	435.47663	567.03910	680.65311	749.15225	676.41964	513.95604	378.37462	245.59171	129.22423	53.097225	16.634165	4.0358337	0.81093778	0.14731589	0.025935465	0.0046099219	0.00084484232	0.00016060950	3.1709525e-05	6.0883804e-06	0.0000000	0.0000000	0.0000000	0.0000000	0.0000000	0.0000000	0.0000000	0.0000000	0.0000000
13.8250	0.0000000	0.0000000	0.0000000	0.0000000	0.0000000	0.0000000	0.0000000	0.0000000	0.0000000	0.0000000	0.0000000	0.0000000	0.0000000	0.0000000	0.0000000	0.0000000	0.0000000	0.0000000	0.0000000	0.0000000	0.0000000	0.0000000	0.0000000	0.0000000	0.0000000	0.0000000	0.0000000	0.0000000	0.0000000	0.0000000	0.0000000	0.0000000	0.0000000	0.0000000	0.0000000	0.0000000	0.0000000	0.0000000	0.0000000	0.0000000	4.9861056e-09	7.7225048e-07	5.9445907e-05	0.0024197779	0.052011667	0.59637726	3.7868209	14.342720	36.567405	72.230731	121.69787	183.79047	254.68289	326.95046	389.12959	426.64805	425.47637	378.54448	292.72423	190.48418	100.45877	41.366455	12.987377	3.1583783	0.63646061	0.11609327	0.020552110	0.0038784909	0.00076107916	0.00015478089	3.2408158e-05	6.4591871e-06	0.0000000	0.0000000	0.0000000	0.0000000	0.0000000	0.0000000	0.0000000	0.0000000	0.0000000
15.4530	0.0000000	0.0000000	0.0000000	0.0000000	0.0000000	0.0000000	0.0000000	0.0000000	0.0000000	0.0000000	0.0000000	0.0000000	0.0000000	0.0000000	0.0000000	0.0000000	0.0000000	0.0000000	0.0000000	0.0000000	0.0000000	0.0000000	0.0000000	0.0000000	0.0000000	0.0000000	0.0000000	0.0000000	0.0000000	0.0000000	0.0000000	0.0000000	0.0000000	0.0000000	0.0000000	0.0000000	0.0000000	0.0000000	0.0000000	0.0000000	1.3362253e-08	1.8945176e-06	0.00013304576	0.0048622658	0.093598884	0.95863195	5.4289378	18.354436	41.922940	74.480817	113.20578	154.53822	193.71501	224.77038	241.38041	238.49508	214.24805	171.83616	120.00133	70.691919	33.831335	12.669702	3.6249442	0.80498066	0.14842903	0.024825826	0.0040397658	0.00066651703	0.00011388677	2.0275609e-05	4.1727256e-06	9.1229744e-07	0.0000000	0.0000000	0.0000000	0.0000000	0.0000000	0.0000000	0.0000000	0.0000000	0.0000000
11.2500	0.0000000	0.0000000	0.0000000	0.0000000	0.0000000	0.0000000	0.0000000	0.0000000	0.0000000	0.0000000	0.0000000	0.0000000	0.0000000	0.0000000	0.0000000	0.0000000	0.0000000	0.0000000	0.0000000	0.0000000	0.0000000	0.0000000	0.0000000	0.0000000	0.0000000	0.0000000	0.0000000	0.0000000	0.0000000	0.0000000	0.0000000	0.0000000	0.0000000	0.0000000	0.0000000	0.0000000	0.0000000	0.0000000	0.0000000	0.0000000	6.7028769e-10	1.4108140e-07	1.4127030e-05	0.00071049371	0.018243019	0.24250255	1.7407076	7.3099804	20.392495	43.618828	78.823506	126.51962	184.64434	247.29723	304.24285	342.15787	347.89494	314.24762	246.07153	161.90458	86.217481	35.795804	11.313274	2.7649903	0.55898003	0.10208449	0.018056101	0.0032226391	0.00059277734	0.00010981069	2.0902452e-05	3.8169326e-06	0.0000000	0.0000000	0.0000000	0.0000000	0.0000000	0.0000000	0.0000000	0.0000000	0.0000000
11.1290	0.0000000	0.0000000	0.0000000	0.0000000	0.0000000	0.0000000	0.0000000	0.0000000	0.0000000	0.0000000	0.0000000	0.0000000	0.0000000	0.0000000	0.0000000	0.0000000	0.0000000	0.0000000	0.0000000	0.0000000	0.0000000	0.0000000	0.0000000	0.0000000	0.0000000	0.0000000	0.0000000	0.0000000	0.0000000	0.0000000	0.0000000	0.0000000	0.0000000	0.0000000	0.0000000	0.0000000	0.0000000	0.0000000	0.0000000	0.0000000	3.7588142e-10	7.9231203e-08	7.9344609e-06	0.00039863455	0.010215662	0.13543304	0.96895400	4.0533031	11.257090	23.962210	43.089234	68.837860	100.04491	133.54739	163.93492	184.19079	187.37664	169.62167	133.35366	88.269483	47.394794	19.887020	6.3648907	1.5777395	0.32386850	0.060100196	0.010804356	0.0019596360	0.00036610394	7.0858841e-05	1.4221160e-05	2.7535795e-06	0.0000000	0.0000000	0.0000000	0.0000000	0.0000000	0.0000000	0.0000000	0.0000000	0.0000000
16.3360	0.0000000	0.0000000	0.0000000	0.0000000	0.0000000	0.0000000	0.0000000	0.0000000	0.0000000	0.0000000	0.0000000	0.0000000	0.0000000	0.0000000	0.0000000	0.0000000	0.0000000	0.0000000	0.0000000	0.0000000	0.0000000	0.0000000	0.0000000	0.0000000	0.0000000	0.0000000	0.0000000	0.0000000	0.0000000	0.0000000	0.0000000	0.0000000	0.0000000	0.0000000	0.0000000	0.0000000	0.0000000	0.0000000	0.0000000	0.0000000	5.8597091e-09	7.8373729e-07	5.2270606e-05	0.0018257194	0.033829030	0.33591851	1.9567054	6.8816508	16.173449	29.232066	44.697759	60.866936	75.715195	87.034660	92.668769	90.934469	81.328181	65.137732	45.585237	27.028553	13.088260	4.9899211	1.4621506	0.33412000	0.063612348	0.011008310	0.0018550454	0.00031687583	5.5981855e-05	1.0279996e-05	1.9620268e-06	3.6173819e-07	0.0000000	0.0000000	0.0000000	0.0000000	0.0000000	0.0000000	0.0000000	0.0000000	0.0000000
13.8900	0.0000000	0.0000000	0.0000000	0.0000000	0.0000000	0.0000000	0.0000000	0.0000000	0.0000000	0.0000000	0.0000000	0.0000000	0.0000000	0.0000000	0.0000000	0.0000000	0.0000000	0.0000000	0.0000000	0.0000000	0.0000000	0.0000000	0.0000000	0.0000000	0.0000000	0.0000000	0.0000000	0.0000000	0.0000000	0.0000000	0.0000000	0.0000000	0.0000000	0.0000000	0.0000000	0.0000000	0.0000000	0.0000000	0.0000000	0.0000000	2.1481233e-09	3.2989160e-07	2.5004484e-05	0.00098599205	0.020516745	0.22768500	1.3987022	5.1189343	12.575343	23.852659	38.466842	55.454170	73.207679	89.451843	101.35410	105.85915	100.65394	85.478259	63.162842	39.310303	19.844583	7.8289163	2.3572671	0.55041883	0.10663290	0.018723756	0.0031955734	0.00055236232	9.8752500e-05	1.8368787e-05	3.5580684e-06	6.6772268e-07	0.0000000	0.0000000	0.0000000	0.0000000	0.0000000	0.0000000	0.0000000	0.0000000	0.0000000
16.0040	0.0000000	0.0000000	0.0000000	0.0000000	0.0000000	0.0000000	0.0000000	0.0000000	0.0000000	0.0000000	0.0000000	0.0000000	0.0000000	0.0000000	0.0000000	0.0000000	0.0000000	0.0000000	0.0000000	0.0000000	0.0000000	0.0000000	0.0000000	0.0000000	0.0000000	0.0000000	0.0000000	0.0000000	0.0000000	0.0000000	0.0000000	0.0000000	0.0000000	0.0000000	0.0000000	0.0000000	0.0000000	0.0000000	0.0000000	0.0000000	4.2487170e-09	5.9060810e-07	4.0837287e-05	0.0014728920	0.028032306	0.28438079	1.5989105	5.3837602	12.296535	21.935851	33.611906	46.431928	59.084900	69.810928	76.589698	77.562310	71.632058	59.209227	42.683468	25.980766	12.848478	4.9695620	1.4673996	0.33607927	0.063870319	0.011001957	0.0018423988	0.00031260693	5.4890245e-05	1.0033427e-05	1.9107565e-06	3.5264283e-07	0.0000000	0.0000000	0.0000000	0.0000000	0.0000000	0.0000000	0.0000000	0.0000000	0.0000000
10.7700	0.0000000	0.0000000	0.0000000	0.0000000	0.0000000	0.0000000	0.0000000	0.0000000	0.0000000	0.0000000	0.0000000	0.0000000	0.0000000	0.0000000	0.0000000	0.0000000	0.0000000	0.0000000	0.0000000	0.0000000	0.0000000	0.0000000	0.0000000	0.0000000	0.0000000	0.0000000	0.0000000	0.0000000	0.0000000	0.0000000	0.0000000	0.0000000	0.0000000	0.0000000	0.0000000	0.0000000	0.0000000	0.0000000	0.0000000	0.0000000	1.8312281e-10	4.0314623e-08	4.2093504e-06	0.00022028773	0.0058769595	0.081062860	0.60274688	2.6149097	7.5043331	16.431420	30.266753	49.353904	73.004022	98.981575	123.24735	140.28071	144.34401	131.92669	104.50323	69.537362	37.446537	15.725380	5.0294853	1.2448401	0.25510363	0.047284189	0.0084991759	0.0015435746	0.00028930080	5.6261942e-05	1.1339568e-05	2.1987798e-06	0.0000000	0.0000000	0.0000000	0.0000000	0.0000000	0.0000000	0.0000000	0.0000000	0.0000000
10.6570	0.0000000	0.0000000	0.0000000	0.0000000	0.0000000	0.0000000	0.0000000	0.0000000	0.0000000	0.0000000	0.0000000	0.0000000	0.0000000	0.0000000	0.0000000	0.0000000	0.0000000	0.0000000	0.0000000	0.0000000	0.0000000	0.0000000	0.0000000	0.0000000	0.0000000	0.0000000	0.0000000	0.0000000	0.0000000	0.0000000	0.0000000	0.0000000	0.0000000	0.0000000	0.0000000	0.0000000	0.0000000	0.0000000	0.0000000	0.0000000	1.0699824e-10	2.4055940e-08	2.5568181e-06	0.00013582383	0.0036698083	0.051160176	0.38373185	1.6768430	4.8441393	10.676924	19.799049	32.505281	48.406108	66.045179	82.684478	94.524514	97.560208	89.308415	70.747831	47.007327	25.235061	10.544732	3.3491027	0.82141731	0.16643568	0.030436953	0.0053885680	0.00096255128	0.00017721980	3.3842790e-05	6.7119748e-06	1.2866896e-06	0.0000000	0.0000000	0.0000000	0.0000000	0.0000000	0.0000000	0.0000000	0.0000000	0.0000000
12.6800	0.0000000	0.0000000	0.0000000	0.0000000	0.0000000	0.0000000	0.0000000	0.0000000	0.0000000	0.0000000	0.0000000	0.0000000	0.0000000	0.0000000	0.0000000	0.0000000	0.0000000	0.0000000	0.0000000	0.0000000	0.0000000	0.0000000	0.0000000	0.0000000	0.0000000	0.0000000	0.0000000	0.0000000	0.0000000	0.0000000	0.0000000	0.0000000	0.0000000	0.0000000	0.0000000	0.0000000	0.0000000	0.0000000	0.0000000	0.0000000	6.3754688e-10	1.0397745e-07	8.2977524e-06	0.00034225697	0.0074075814	0.084975913	0.53505094	2.0206893	5.0687497	9.7445909	15.839867	22.941734	30.416257	37.377400	42.607022	44.774096	42.825232	36.910207	28.348268	18.465743	9.8261330	4.1122445	1.2937849	0.29632662	0.052942877	0.0085532075	0.0014478223	0.00025165682	4.5189267e-05	8.4320762e-06	1.6364968e-06	3.0740491e-07	0.0000000	0.0000000	0.0000000	0.0000000	0.0000000	0.0000000	0.0000000	0.0000000	0.0000000
11.0230	0.0000000	0.0000000	0.0000000	0.0000000	0.0000000	0.0000000	0.0000000	0.0000000	0.0000000	0.0000000	0.0000000	0.0000000	0.0000000	0.0000000	0.0000000	0.0000000	0.0000000	0.0000000	0.0000000	0.0000000	0.0000000	0.0000000	0.0000000	0.0000000	0.0000000	0.0000000	0.0000000	0.0000000	0.0000000	0.0000000	0.0000000	0.0000000	0.0000000	0.0000000	0.0000000	0.0000000	0.0000000	0.0000000	0.0000000	0.0000000	7.9306650e-11	1.7310017e-08	1.8080004e-06	9.5163070e-05	0.0025550537	0.035343072	0.26262151	1.1361661	3.2516543	7.1167656	13.154281	21.603787	32.265738	44.216574	55.616507	63.838788	66.128289	60.757201	48.348670	32.342502	17.538335	7.4236774	2.3925434	0.59587961	0.12258802	0.022743938	0.0040796495	0.00073712160	0.00013713744	2.6455484e-05	5.3020445e-06	1.0278483e-06	0.0000000	0.0000000	0.0000000	0.0000000	0.0000000	0.0000000	0.0000000	0.0000000	0.0000000
10.1150	0.0000000	0.0000000	0.0000000	0.0000000	0.0000000	0.0000000	0.0000000	0.0000000	0.0000000	0.0000000	0.0000000	0.0000000	0.0000000	0.0000000	0.0000000	0.0000000	0.0000000	0.0000000	0.0000000	0.0000000	0.0000000	0.0000000	0.0000000	0.0000000	0.0000000	0.0000000	0.0000000	0.0000000	0.0000000	0.0000000	0.0000000	0.0000000	0.0000000	0.0000000	0.0000000	0.0000000	0.0000000	0.0000000	0.0000000	0.0000000	9.8205350e-12	2.3921587e-09	2.7390503e-07	1.5601475e-05	0.00045018505	0.0066815072	0.053231406	0.24659781	0.75361926	1.7524327	3.4190740	5.8904025	9.1829788	13.090915	17.099771	20.372553	21.876994	20.786275	17.035367	11.661441	6.4194917	2.7386215	0.88425509	0.21949800	0.044786265	0.0082001898	0.0014473896	0.00025755748	4.7379749e-05	9.0770779e-06	1.8129593e-06	3.5127318e-07	0.0000000	0.0000000	0.0000000	0.0000000	0.0000000	0.0000000	0.0000000	0.0000000	0.0000000
