# DO NOT EDIT: written Thu Mar 14 18:48:37 2019 by wrt_emiss_fe17.pro
# faked emissivities [1e-23 ergs cm^3/s] for Fe17 lines from Del Zanna 2011, A&A 536, A59
# emissivities include ion balance, but not abundance, and are spline and ion balance jittered off of emiss_Fe17_00000.txt
# line 6 -- SEED, LOGT
# lines 7+ -- WVL, EMISSIVITY
      948977	4.00	4.05	4.10	4.15	4.20	4.25	4.30	4.35	4.40	4.45	4.50	4.55	4.60	4.65	4.70	4.75	4.80	4.85	4.90	4.95	5.00	5.05	5.10	5.15	5.20	5.25	5.30	5.35	5.40	5.45	5.50	5.55	5.60	5.65	5.70	5.75	5.80	5.85	5.90	5.95	6.00	6.05	6.10	6.15	6.20	6.25	6.30	6.35	6.40	6.45	6.50	6.55	6.60	6.65	6.70	6.75	6.80	6.85	6.90	6.95	7.00	7.05	7.10	7.15	7.20	7.25	7.30	7.35	7.40	7.45	7.50	7.55	7.60	7.65	7.70	7.75	7.80	7.85	7.90	7.95	8.00
15.0130	0.0000000	0.0000000	0.0000000	0.0000000	0.0000000	0.0000000	0.0000000	0.0000000	0.0000000	0.0000000	0.0000000	0.0000000	0.0000000	0.0000000	0.0000000	0.0000000	0.0000000	0.0000000	0.0000000	0.0000000	0.0000000	0.0000000	0.0000000	0.0000000	0.0000000	0.0000000	0.0000000	0.0000000	0.0000000	0.0000000	0.0000000	0.0000000	0.0000000	0.0000000	0.0000000	0.0000000	0.0000000	0.0000000	0.0000000	0.0000000	2.7279508e-08	5.0876032e-06	0.00042776665	0.019658029	0.49842836	6.8983402	51.009192	206.56047	528.11127	1039.0205	1740.4552	2608.5747	3588.8983	4573.8686	5397.6171	5860.3214	5782.4077	5096.6762	3916.6203	2542.5226	1340.9117	552.10898	172.80456	41.701499	8.3033116	1.4921638	0.25983250	0.045709230	0.0083006412	0.0015656222	0.00030720651	6.1701255e-05	0.0000000	0.0000000	0.0000000	0.0000000	0.0000000	0.0000000	0.0000000	0.0000000	0.0000000
17.0510	0.0000000	0.0000000	0.0000000	0.0000000	0.0000000	0.0000000	0.0000000	0.0000000	0.0000000	0.0000000	0.0000000	0.0000000	0.0000000	0.0000000	0.0000000	0.0000000	0.0000000	0.0000000	0.0000000	0.0000000	0.0000000	0.0000000	0.0000000	0.0000000	0.0000000	0.0000000	0.0000000	0.0000000	0.0000000	0.0000000	0.0000000	0.0000000	0.0000000	0.0000000	0.0000000	0.0000000	0.0000000	0.0000000	0.0000000	0.0000000	7.6038622e-08	1.2617766e-05	0.00095780526	0.040192727	0.93822592	12.031426	82.851843	313.87472	753.93375	1370.6920	2114.8476	2928.8564	3712.7981	4368.4640	4782.4976	4845.7021	4492.1029	3741.4478	2728.7774	1686.4880	848.61399	333.80254	99.871765	23.052999	4.3914953	0.74711231	0.12300627	0.020428648	0.0034955634	0.00062003263	0.00011440813	2.1664950e-05	0.0000000	0.0000000	0.0000000	0.0000000	0.0000000	0.0000000	0.0000000	0.0000000	0.0000000
17.0960	0.0000000	0.0000000	0.0000000	0.0000000	0.0000000	0.0000000	0.0000000	0.0000000	0.0000000	0.0000000	0.0000000	0.0000000	0.0000000	0.0000000	0.0000000	0.0000000	0.0000000	0.0000000	0.0000000	0.0000000	0.0000000	0.0000000	0.0000000	0.0000000	0.0000000	0.0000000	0.0000000	0.0000000	0.0000000	0.0000000	0.0000000	0.0000000	0.0000000	0.0000000	0.0000000	0.0000000	0.0000000	0.0000000	0.0000000	0.0000000	8.1822006e-08	1.3489098e-05	0.0010163006	0.041668668	0.95256981	11.986417	81.072381	301.57895	710.49709	1264.8545	1907.6441	2578.7943	3204.5941	3696.6254	3961.7721	3924.3985	3552.1741	2885.3396	2049.7235	1232.1753	602.08724	229.57274	66.465953	14.823723	2.7276791	0.45332496	0.073109621	0.011935260	0.0020159588	0.00035455405	6.5022712e-05	1.2230304e-05	0.0000000	0.0000000	0.0000000	0.0000000	0.0000000	0.0000000	0.0000000	0.0000000	0.0000000
16.7760	0.0000000	0.0000000	0.0000000	0.0000000	0.0000000	0.0000000	0.0000000	0.0000000	0.0000000	0.0000000	0.0000000	0.0000000	0.0000000	0.0000000	0.0000000	0.0000000	0.0000000	0.0000000	0.0000000	0.0000000	0.0000000	0.0000000	0.0000000	0.0000000	0.0000000	0.0000000	0.0000000	0.0000000	0.0000000	0.0000000	0.0000000	0.0000000	0.0000000	0.0000000	0.0000000	0.0000000	0.0000000	0.0000000	0.0000000	0.0000000	5.4634969e-08	8.8686671e-06	0.00065457882	0.026597813	0.60022924	7.5546225	52.311128	202.33528	499.20711	929.86355	1461.4589	2050.4790	2632.8567	3125.4795	3436.2918	3483.7145	3222.1921	2672.4720	1938.9435	1191.6730	596.42781	233.51628	69.623366	16.041407	3.0596868	0.52897185	0.088999412	0.015185516	0.0026831765	0.00049364722	9.4622400e-05	1.8571517e-05	0.0000000	0.0000000	0.0000000	0.0000000	0.0000000	0.0000000	0.0000000	0.0000000	0.0000000
15.2620	0.0000000	0.0000000	0.0000000	0.0000000	0.0000000	0.0000000	0.0000000	0.0000000	0.0000000	0.0000000	0.0000000	0.0000000	0.0000000	0.0000000	0.0000000	0.0000000	0.0000000	0.0000000	0.0000000	0.0000000	0.0000000	0.0000000	0.0000000	0.0000000	0.0000000	0.0000000	0.0000000	0.0000000	0.0000000	0.0000000	0.0000000	0.0000000	0.0000000	0.0000000	0.0000000	0.0000000	0.0000000	0.0000000	0.0000000	0.0000000	1.0472763e-08	1.9164399e-06	0.00015838836	0.0071610910	0.17859555	2.4275142	17.581209	69.598917	174.39355	331.48185	536.18224	780.76902	1049.2372	1313.1166	1530.4747	1651.2712	1629.1330	1442.4461	1116.6369	731.02923	388.60765	160.93614	50.474093	12.145987	2.4011331	0.42693227	0.073361754	0.012712615	0.0022718691	0.00042165979	8.1483683e-05	1.6145275e-05	0.0000000	0.0000000	0.0000000	0.0000000	0.0000000	0.0000000	0.0000000	0.0000000	0.0000000
12.1240	0.0000000	0.0000000	0.0000000	0.0000000	0.0000000	0.0000000	0.0000000	0.0000000	0.0000000	0.0000000	0.0000000	0.0000000	0.0000000	0.0000000	0.0000000	0.0000000	0.0000000	0.0000000	0.0000000	0.0000000	0.0000000	0.0000000	0.0000000	0.0000000	0.0000000	0.0000000	0.0000000	0.0000000	0.0000000	0.0000000	0.0000000	0.0000000	0.0000000	0.0000000	0.0000000	0.0000000	0.0000000	0.0000000	0.0000000	0.0000000	6.5820634e-10	1.5829036e-07	1.6715681e-05	0.00094164569	0.028616095	0.46485695	3.9573935	18.136907	51.682221	109.43466	193.42655	302.57824	430.45582	563.31519	679.93838	754.45950	762.09725	688.87770	543.47554	362.29222	196.09611	82.748521	26.487190	6.5222608	1.3225250	0.24155226	0.042662282	0.0075964193	0.0013933537	0.00026488843	5.2262344e-05	1.0527151e-05	0.0000000	0.0000000	0.0000000	0.0000000	0.0000000	0.0000000	0.0000000	0.0000000	0.0000000
12.2640	0.0000000	0.0000000	0.0000000	0.0000000	0.0000000	0.0000000	0.0000000	0.0000000	0.0000000	0.0000000	0.0000000	0.0000000	0.0000000	0.0000000	0.0000000	0.0000000	0.0000000	0.0000000	0.0000000	0.0000000	0.0000000	0.0000000	0.0000000	0.0000000	0.0000000	0.0000000	0.0000000	0.0000000	0.0000000	0.0000000	0.0000000	0.0000000	0.0000000	0.0000000	0.0000000	0.0000000	0.0000000	0.0000000	0.0000000	0.0000000	6.5147333e-10	1.5451300e-07	1.6113003e-05	0.00089756594	0.027004544	0.43479236	3.6723902	16.708501	47.292220	99.606859	175.41098	273.78495	389.13353	509.34708	615.16397	682.56113	688.36983	620.13316	486.80303	322.55485	173.46928	72.750256	23.162849	5.6809519	1.1493037	0.20983459	0.037124510	0.0066344763	0.0012230143	0.00023386745	4.6428365e-05	9.4075590e-06	0.0000000	0.0000000	0.0000000	0.0000000	0.0000000	0.0000000	0.0000000	0.0000000	0.0000000
13.8250	0.0000000	0.0000000	0.0000000	0.0000000	0.0000000	0.0000000	0.0000000	0.0000000	0.0000000	0.0000000	0.0000000	0.0000000	0.0000000	0.0000000	0.0000000	0.0000000	0.0000000	0.0000000	0.0000000	0.0000000	0.0000000	0.0000000	0.0000000	0.0000000	0.0000000	0.0000000	0.0000000	0.0000000	0.0000000	0.0000000	0.0000000	0.0000000	0.0000000	0.0000000	0.0000000	0.0000000	0.0000000	0.0000000	0.0000000	0.0000000	1.1779868e-09	2.2993847e-07	2.0299793e-05	0.00098420040	0.026462343	0.38996057	3.0760309	13.274563	36.013088	73.291434	125.61161	192.05015	269.03393	349.18411	420.57696	467.51750	473.91119	429.89827	339.97142	226.78473	122.67318	51.696617	16.524333	4.0649748	0.82431581	0.15083207	0.026744393	0.0047917582	0.00088642450	0.00017033058	3.4037943e-05	6.9563127e-06	0.0000000	0.0000000	0.0000000	0.0000000	0.0000000	0.0000000	0.0000000	0.0000000	0.0000000
15.4530	0.0000000	0.0000000	0.0000000	0.0000000	0.0000000	0.0000000	0.0000000	0.0000000	0.0000000	0.0000000	0.0000000	0.0000000	0.0000000	0.0000000	0.0000000	0.0000000	0.0000000	0.0000000	0.0000000	0.0000000	0.0000000	0.0000000	0.0000000	0.0000000	0.0000000	0.0000000	0.0000000	0.0000000	0.0000000	0.0000000	0.0000000	0.0000000	0.0000000	0.0000000	0.0000000	0.0000000	0.0000000	0.0000000	0.0000000	0.0000000	3.6920908e-09	6.4578883e-07	5.0980856e-05	0.0022005892	0.052400124	0.68052726	4.7157182	17.872731	42.718363	76.909785	117.05717	159.48336	199.57240	231.62711	249.52994	248.23677	225.48743	183.71629	130.92759	78.975724	38.771804	14.877177	4.3424277	0.97819452	0.18212946	0.030679432	0.0050220587	0.00083321665	0.00014319534	2.5650019e-05	4.7948203e-06	9.1978374e-07	0.0000000	0.0000000	0.0000000	0.0000000	0.0000000	0.0000000	0.0000000	0.0000000	0.0000000
11.2500	0.0000000	0.0000000	0.0000000	0.0000000	0.0000000	0.0000000	0.0000000	0.0000000	0.0000000	0.0000000	0.0000000	0.0000000	0.0000000	0.0000000	0.0000000	0.0000000	0.0000000	0.0000000	0.0000000	0.0000000	0.0000000	0.0000000	0.0000000	0.0000000	0.0000000	0.0000000	0.0000000	0.0000000	0.0000000	0.0000000	0.0000000	0.0000000	0.0000000	0.0000000	0.0000000	0.0000000	0.0000000	0.0000000	0.0000000	0.0000000	1.3941478e-10	3.6844894e-08	4.2232632e-06	0.00025551263	0.0082645347	0.14180060	1.2667034	6.0575446	17.933127	39.336832	71.844100	115.80264	169.21462	226.62653	278.76200	313.81727	320.16520	291.16873	230.43715	153.81816	83.308533	35.190697	11.292617	2.7947550	0.57161715	0.10578391	0.018993784	0.0034412227	0.00064130377	0.00012341617	2.4506497e-05	4.9329197e-06	0.0000000	0.0000000	0.0000000	0.0000000	0.0000000	0.0000000	0.0000000	0.0000000	0.0000000
11.1290	0.0000000	0.0000000	0.0000000	0.0000000	0.0000000	0.0000000	0.0000000	0.0000000	0.0000000	0.0000000	0.0000000	0.0000000	0.0000000	0.0000000	0.0000000	0.0000000	0.0000000	0.0000000	0.0000000	0.0000000	0.0000000	0.0000000	0.0000000	0.0000000	0.0000000	0.0000000	0.0000000	0.0000000	0.0000000	0.0000000	0.0000000	0.0000000	0.0000000	0.0000000	0.0000000	0.0000000	0.0000000	0.0000000	0.0000000	0.0000000	8.8680471e-11	2.3680052e-08	2.7404392e-06	0.00016731093	0.0054590936	0.094465850	0.85093244	4.1026265	12.242390	27.065631	49.829778	80.998746	119.44304	161.59039	200.97107	228.86700	236.19797	217.16976	173.56750	116.79927	63.628649	26.958097	8.6470104	2.1305275	0.43193837	0.078881021	0.013937338	0.0024852353	0.00045721295	8.7274631e-05	1.7248896e-05	3.4583016e-06	0.0000000	0.0000000	0.0000000	0.0000000	0.0000000	0.0000000	0.0000000	0.0000000	0.0000000
16.3360	0.0000000	0.0000000	0.0000000	0.0000000	0.0000000	0.0000000	0.0000000	0.0000000	0.0000000	0.0000000	0.0000000	0.0000000	0.0000000	0.0000000	0.0000000	0.0000000	0.0000000	0.0000000	0.0000000	0.0000000	0.0000000	0.0000000	0.0000000	0.0000000	0.0000000	0.0000000	0.0000000	0.0000000	0.0000000	0.0000000	0.0000000	0.0000000	0.0000000	0.0000000	0.0000000	0.0000000	0.0000000	0.0000000	0.0000000	0.0000000	1.5362815e-09	2.6262281e-07	2.0363032e-05	0.00086631539	0.020395317	0.26262715	1.8081179	6.8174465	16.220788	29.057246	43.961153	59.482817	73.923134	85.336829	91.718576	91.429288	83.691145	69.179580	50.394824	31.326993	15.936220	6.3547399	1.9284194	0.45082108	0.086777918	0.015043586	0.0025237990	0.00042749127	7.4732910e-05	1.3569556e-05	2.5625722e-06	4.9498501e-07	0.0000000	0.0000000	0.0000000	0.0000000	0.0000000	0.0000000	0.0000000	0.0000000	0.0000000
13.8900	0.0000000	0.0000000	0.0000000	0.0000000	0.0000000	0.0000000	0.0000000	0.0000000	0.0000000	0.0000000	0.0000000	0.0000000	0.0000000	0.0000000	0.0000000	0.0000000	0.0000000	0.0000000	0.0000000	0.0000000	0.0000000	0.0000000	0.0000000	0.0000000	0.0000000	0.0000000	0.0000000	0.0000000	0.0000000	0.0000000	0.0000000	0.0000000	0.0000000	0.0000000	0.0000000	0.0000000	0.0000000	0.0000000	0.0000000	0.0000000	4.0564009e-10	7.7947904e-08	6.7414815e-06	0.00031991408	0.0084100706	0.12101818	0.93108991	3.9126890	10.306586	20.301373	33.586682	49.478308	66.704573	83.278464	96.521231	103.32118	100.94672	88.351873	67.474849	43.491701	22.741119	9.2672910	2.8654744	0.68216756	0.13392408	0.023732258	0.0040768042	0.00070794605	0.00012698364	2.3668352e-05	4.5891824e-06	9.1014144e-07	0.0000000	0.0000000	0.0000000	0.0000000	0.0000000	0.0000000	0.0000000	0.0000000	0.0000000
16.0040	0.0000000	0.0000000	0.0000000	0.0000000	0.0000000	0.0000000	0.0000000	0.0000000	0.0000000	0.0000000	0.0000000	0.0000000	0.0000000	0.0000000	0.0000000	0.0000000	0.0000000	0.0000000	0.0000000	0.0000000	0.0000000	0.0000000	0.0000000	0.0000000	0.0000000	0.0000000	0.0000000	0.0000000	0.0000000	0.0000000	0.0000000	0.0000000	0.0000000	0.0000000	0.0000000	0.0000000	0.0000000	0.0000000	0.0000000	0.0000000	9.6485991e-10	1.6650534e-07	1.3049849e-05	0.00056159162	0.013378088	0.17438817	1.2168899	4.6599947	11.292228	20.666578	32.027129	44.463439	56.720146	67.161831	73.922399	75.278487	70.146441	58.746454	43.099149	26.807754	13.582240	5.3819370	1.6230749	0.37796165	0.072754779	0.012664233	0.0021403261	0.00036616972	6.4780079e-05	1.1918570e-05	2.2819574e-06	4.4684823e-07	0.0000000	0.0000000	0.0000000	0.0000000	0.0000000	0.0000000	0.0000000	0.0000000	0.0000000
10.7700	0.0000000	0.0000000	0.0000000	0.0000000	0.0000000	0.0000000	0.0000000	0.0000000	0.0000000	0.0000000	0.0000000	0.0000000	0.0000000	0.0000000	0.0000000	0.0000000	0.0000000	0.0000000	0.0000000	0.0000000	0.0000000	0.0000000	0.0000000	0.0000000	0.0000000	0.0000000	0.0000000	0.0000000	0.0000000	0.0000000	0.0000000	0.0000000	0.0000000	0.0000000	0.0000000	0.0000000	0.0000000	0.0000000	0.0000000	0.0000000	5.2067908e-11	1.4438036e-08	1.7317030e-06	0.00010944557	0.0036940585	0.066080641	0.61465783	3.0538983	9.3585069	21.156329	39.617159	64.274211	94.225303	126.32251	155.29038	174.34010	176.83972	159.25546	124.23204	81.331734	42.984511	17.732859	5.7204851	1.4169084	0.28862672	0.052923732	0.0093797127	0.0016754136	0.00030823267	5.8776659e-05	1.1634974e-05	2.3520107e-06	0.0000000	0.0000000	0.0000000	0.0000000	0.0000000	0.0000000	0.0000000	0.0000000	0.0000000
10.6570	0.0000000	0.0000000	0.0000000	0.0000000	0.0000000	0.0000000	0.0000000	0.0000000	0.0000000	0.0000000	0.0000000	0.0000000	0.0000000	0.0000000	0.0000000	0.0000000	0.0000000	0.0000000	0.0000000	0.0000000	0.0000000	0.0000000	0.0000000	0.0000000	0.0000000	0.0000000	0.0000000	0.0000000	0.0000000	0.0000000	0.0000000	0.0000000	0.0000000	0.0000000	0.0000000	0.0000000	0.0000000	0.0000000	0.0000000	0.0000000	2.4655868e-11	6.9130300e-09	8.3449748e-07	5.2863819e-05	0.0017823038	0.031754663	0.29348271	1.4466319	4.3969987	9.8672040	18.394601	30.238664	45.089154	61.718722	77.727443	89.680197	93.762584	87.283808	70.559495	47.970226	26.370721	11.261900	3.6374107	0.90157541	0.18368434	0.033675914	0.0059685930	0.0010667959	0.00019656480	3.7580681e-05	7.4671420e-06	1.5168917e-06	0.0000000	0.0000000	0.0000000	0.0000000	0.0000000	0.0000000	0.0000000	0.0000000	0.0000000
12.6800	0.0000000	0.0000000	0.0000000	0.0000000	0.0000000	0.0000000	0.0000000	0.0000000	0.0000000	0.0000000	0.0000000	0.0000000	0.0000000	0.0000000	0.0000000	0.0000000	0.0000000	0.0000000	0.0000000	0.0000000	0.0000000	0.0000000	0.0000000	0.0000000	0.0000000	0.0000000	0.0000000	0.0000000	0.0000000	0.0000000	0.0000000	0.0000000	0.0000000	0.0000000	0.0000000	0.0000000	0.0000000	0.0000000	0.0000000	0.0000000	1.4500958e-10	3.0249747e-08	2.8163415e-06	0.00014245571	0.0039589863	0.059726743	0.47646712	2.0454062	5.4374884	10.713970	17.607390	25.645032	34.132211	42.111915	48.254044	51.080781	49.357364	42.708928	32.238618	20.561204	10.654457	4.3097821	1.3250670	0.31422693	0.061540638	0.010890808	0.0018699710	0.00032481197	5.8321709e-05	1.0891630e-05	2.1182770e-06	4.2196107e-07	0.0000000	0.0000000	0.0000000	0.0000000	0.0000000	0.0000000	0.0000000	0.0000000	0.0000000
11.0230	0.0000000	0.0000000	0.0000000	0.0000000	0.0000000	0.0000000	0.0000000	0.0000000	0.0000000	0.0000000	0.0000000	0.0000000	0.0000000	0.0000000	0.0000000	0.0000000	0.0000000	0.0000000	0.0000000	0.0000000	0.0000000	0.0000000	0.0000000	0.0000000	0.0000000	0.0000000	0.0000000	0.0000000	0.0000000	0.0000000	0.0000000	0.0000000	0.0000000	0.0000000	0.0000000	0.0000000	0.0000000	0.0000000	0.0000000	0.0000000	1.7140782e-11	4.6953601e-09	5.6177009e-07	3.5631084e-05	0.0012082755	0.021646355	0.20098576	0.99477991	3.0368920	6.8543424	12.880554	21.376073	32.173251	44.384150	56.186153	64.948595	67.869434	63.066849	50.877334	34.535568	18.976411	8.1080116	2.6211218	0.65025908	0.13256414	0.024310644	0.0043088385	0.00077018489	0.00014210726	2.7279997e-05	5.4629455e-06	1.1234943e-06	0.0000000	0.0000000	0.0000000	0.0000000	0.0000000	0.0000000	0.0000000	0.0000000	0.0000000
10.1150	0.0000000	0.0000000	0.0000000	0.0000000	0.0000000	0.0000000	0.0000000	0.0000000	0.0000000	0.0000000	0.0000000	0.0000000	0.0000000	0.0000000	0.0000000	0.0000000	0.0000000	0.0000000	0.0000000	0.0000000	0.0000000	0.0000000	0.0000000	0.0000000	0.0000000	0.0000000	0.0000000	0.0000000	0.0000000	0.0000000	0.0000000	0.0000000	0.0000000	0.0000000	0.0000000	0.0000000	0.0000000	0.0000000	0.0000000	0.0000000	2.3181537e-12	7.0897578e-10	9.2819712e-08	6.3448633e-06	0.00022974566	0.0043770797	0.043080180	0.22514175	0.72173973	1.6974825	3.2969710	5.6203447	8.6624134	12.239709	15.928196	19.043607	20.684367	20.035586	16.862952	11.929515	6.8146444	3.0201924	1.0110320	0.25935607	0.054587218	0.010312957	0.0018763801	0.00034239419	6.3955291e-05	1.2301833e-05	2.4469091e-06	4.9680052e-07	0.0000000	0.0000000	0.0000000	0.0000000	0.0000000	0.0000000	0.0000000	0.0000000	0.0000000
