# DO NOT EDIT: written Thu Mar 14 18:48:37 2019 by wrt_emiss_fe17.pro
# faked emissivities [1e-23 ergs cm^3/s] for Fe17 lines from Del Zanna 2011, A&A 536, A59
# emissivities include ion balance, but not abundance, and are spline and ion balance jittered off of emiss_Fe17_00000.txt
# line 6 -- SEED, LOGT
# lines 7+ -- WVL, EMISSIVITY
      936868	4.00	4.05	4.10	4.15	4.20	4.25	4.30	4.35	4.40	4.45	4.50	4.55	4.60	4.65	4.70	4.75	4.80	4.85	4.90	4.95	5.00	5.05	5.10	5.15	5.20	5.25	5.30	5.35	5.40	5.45	5.50	5.55	5.60	5.65	5.70	5.75	5.80	5.85	5.90	5.95	6.00	6.05	6.10	6.15	6.20	6.25	6.30	6.35	6.40	6.45	6.50	6.55	6.60	6.65	6.70	6.75	6.80	6.85	6.90	6.95	7.00	7.05	7.10	7.15	7.20	7.25	7.30	7.35	7.40	7.45	7.50	7.55	7.60	7.65	7.70	7.75	7.80	7.85	7.90	7.95	8.00
15.0130	0.0000000	0.0000000	0.0000000	0.0000000	0.0000000	0.0000000	0.0000000	0.0000000	0.0000000	0.0000000	0.0000000	0.0000000	0.0000000	0.0000000	0.0000000	0.0000000	0.0000000	0.0000000	0.0000000	0.0000000	0.0000000	0.0000000	0.0000000	0.0000000	0.0000000	0.0000000	0.0000000	0.0000000	0.0000000	0.0000000	0.0000000	0.0000000	0.0000000	0.0000000	0.0000000	0.0000000	0.0000000	0.0000000	0.0000000	0.0000000	1.8842008e-08	4.0372044e-06	0.00035568434	0.017188444	0.45522964	6.4777597	49.311735	203.44251	524.25916	1014.0483	1656.0608	2419.4377	3245.9526	4040.6665	4672.5420	4994.3148	4878.8367	4278.6587	3284.3429	2135.8697	1130.4807	467.43831	146.85191	35.530386	7.0857364	1.2744346	0.22199414	0.039052343	0.0070901845	0.0013368570	0.00027783071	6.1413584e-05	0.0000000	0.0000000	0.0000000	0.0000000	0.0000000	0.0000000	0.0000000	0.0000000	0.0000000
17.0510	0.0000000	0.0000000	0.0000000	0.0000000	0.0000000	0.0000000	0.0000000	0.0000000	0.0000000	0.0000000	0.0000000	0.0000000	0.0000000	0.0000000	0.0000000	0.0000000	0.0000000	0.0000000	0.0000000	0.0000000	0.0000000	0.0000000	0.0000000	0.0000000	0.0000000	0.0000000	0.0000000	0.0000000	0.0000000	0.0000000	0.0000000	0.0000000	0.0000000	0.0000000	0.0000000	0.0000000	0.0000000	0.0000000	0.0000000	0.0000000	5.1009980e-08	9.8246715e-06	0.00079170255	0.035489603	0.88133871	11.863719	83.997654	320.95426	769.55445	1391.1140	2131.7289	2905.9152	3118.6099	3232.8868	3543.2790	3594.9025	3337.9459	2785.4978	2036.0394	1261.3612	636.20975	250.78014	76.184308	18.629806	3.7223629	0.66412717	0.11385203	0.019592103	0.0034635710	0.00063369619	0.00012027616	2.3429557e-05	0.0000000	0.0000000	0.0000000	0.0000000	0.0000000	0.0000000	0.0000000	0.0000000	0.0000000
17.0960	0.0000000	0.0000000	0.0000000	0.0000000	0.0000000	0.0000000	0.0000000	0.0000000	0.0000000	0.0000000	0.0000000	0.0000000	0.0000000	0.0000000	0.0000000	0.0000000	0.0000000	0.0000000	0.0000000	0.0000000	0.0000000	0.0000000	0.0000000	0.0000000	0.0000000	0.0000000	0.0000000	0.0000000	0.0000000	0.0000000	0.0000000	0.0000000	0.0000000	0.0000000	0.0000000	0.0000000	0.0000000	0.0000000	0.0000000	0.0000000	4.7986524e-08	9.1701968e-06	0.00073158905	0.032445070	0.79767262	10.634678	74.540139	281.50836	665.57832	1183.1575	1778.0498	2392.8658	2959.4331	3398.0450	3626.5324	3579.9191	3232.4573	2622.5532	1863.5732	1122.3158	550.06911	210.52801	61.197078	13.702946	2.5312156	0.42225957	0.068346046	0.011195095	0.0018965650	0.00033436425	6.1425078e-05	1.1621185e-05	0.0000000	0.0000000	0.0000000	0.0000000	0.0000000	0.0000000	0.0000000	0.0000000	0.0000000
16.7760	0.0000000	0.0000000	0.0000000	0.0000000	0.0000000	0.0000000	0.0000000	0.0000000	0.0000000	0.0000000	0.0000000	0.0000000	0.0000000	0.0000000	0.0000000	0.0000000	0.0000000	0.0000000	0.0000000	0.0000000	0.0000000	0.0000000	0.0000000	0.0000000	0.0000000	0.0000000	0.0000000	0.0000000	0.0000000	0.0000000	0.0000000	0.0000000	0.0000000	0.0000000	0.0000000	0.0000000	0.0000000	0.0000000	0.0000000	0.0000000	2.8735820e-08	5.5494435e-06	0.00044699424	0.020006310	0.49674569	6.7010740	47.666405	183.42878	443.84560	810.74875	1256.1281	1746.5595	2233.2775	2651.4939	2926.5279	2988.1245	2791.1599	2343.0444	1723.3413	1074.7981	545.98569	216.82638	65.472352	15.243237	2.9298419	0.50882052	0.085754484	0.014626060	0.0025797316	0.00047342831	9.0512697e-05	1.7817568e-05	0.0000000	0.0000000	0.0000000	0.0000000	0.0000000	0.0000000	0.0000000	0.0000000	0.0000000
15.2620	0.0000000	0.0000000	0.0000000	0.0000000	0.0000000	0.0000000	0.0000000	0.0000000	0.0000000	0.0000000	0.0000000	0.0000000	0.0000000	0.0000000	0.0000000	0.0000000	0.0000000	0.0000000	0.0000000	0.0000000	0.0000000	0.0000000	0.0000000	0.0000000	0.0000000	0.0000000	0.0000000	0.0000000	0.0000000	0.0000000	0.0000000	0.0000000	0.0000000	0.0000000	0.0000000	0.0000000	0.0000000	0.0000000	0.0000000	0.0000000	6.2350427e-09	1.3429662e-06	0.00011975849	0.0058921362	0.15961298	2.3304855	17.800828	73.008029	187.01494	359.62746	584.17023	849.58646	1135.6144	1409.4281	1625.9225	1734.5639	1691.8744	1481.9465	1136.4205	738.37768	390.46823	161.29973	50.617397	12.230227	2.4351883	0.43718556	0.075991307	0.013335401	0.0024143276	0.00045375795	8.8677845e-05	1.7818744e-05	0.0000000	0.0000000	0.0000000	0.0000000	0.0000000	0.0000000	0.0000000	0.0000000	0.0000000
12.1240	0.0000000	0.0000000	0.0000000	0.0000000	0.0000000	0.0000000	0.0000000	0.0000000	0.0000000	0.0000000	0.0000000	0.0000000	0.0000000	0.0000000	0.0000000	0.0000000	0.0000000	0.0000000	0.0000000	0.0000000	0.0000000	0.0000000	0.0000000	0.0000000	0.0000000	0.0000000	0.0000000	0.0000000	0.0000000	0.0000000	0.0000000	0.0000000	0.0000000	0.0000000	0.0000000	0.0000000	0.0000000	0.0000000	0.0000000	0.0000000	3.8612562e-10	1.0581736e-07	1.1654074e-05	0.00069092932	0.022088747	0.37396936	3.2640374	15.114430	43.276410	92.179348	164.44040	260.47519	376.21106	500.71326	615.14846	694.57731	713.11801	654.22948	523.07139	352.82068	192.89330	82.052256	26.415904	6.5269091	1.3250368	0.24180279	0.042587144	0.0075477998	0.0013761835	0.00025991217	5.0952163e-05	1.0255660e-05	0.0000000	0.0000000	0.0000000	0.0000000	0.0000000	0.0000000	0.0000000	0.0000000	0.0000000
12.2640	0.0000000	0.0000000	0.0000000	0.0000000	0.0000000	0.0000000	0.0000000	0.0000000	0.0000000	0.0000000	0.0000000	0.0000000	0.0000000	0.0000000	0.0000000	0.0000000	0.0000000	0.0000000	0.0000000	0.0000000	0.0000000	0.0000000	0.0000000	0.0000000	0.0000000	0.0000000	0.0000000	0.0000000	0.0000000	0.0000000	0.0000000	0.0000000	0.0000000	0.0000000	0.0000000	0.0000000	0.0000000	0.0000000	0.0000000	0.0000000	4.4137736e-10	1.2178339e-07	1.3516713e-05	0.00080692630	0.025936863	0.44065259	3.8496426	17.781058	50.581611	106.66440	187.83994	293.09995	416.47752	545.06535	658.30008	730.50117	736.84285	663.90134	521.15221	345.17822	185.43188	77.596056	24.614311	6.0042386	1.2060397	0.21825790	0.038213040	0.0067496931	0.0012292485	0.00023228934	4.5617005e-05	9.2047380e-06	0.0000000	0.0000000	0.0000000	0.0000000	0.0000000	0.0000000	0.0000000	0.0000000	0.0000000
13.8250	0.0000000	0.0000000	0.0000000	0.0000000	0.0000000	0.0000000	0.0000000	0.0000000	0.0000000	0.0000000	0.0000000	0.0000000	0.0000000	0.0000000	0.0000000	0.0000000	0.0000000	0.0000000	0.0000000	0.0000000	0.0000000	0.0000000	0.0000000	0.0000000	0.0000000	0.0000000	0.0000000	0.0000000	0.0000000	0.0000000	0.0000000	0.0000000	0.0000000	0.0000000	0.0000000	0.0000000	0.0000000	0.0000000	0.0000000	0.0000000	7.2239468e-10	1.6757714e-07	1.6072197e-05	0.00085175032	0.024925849	0.39415922	3.2630127	14.466366	39.793318	81.516540	139.90784	213.21767	296.27597	379.62322	449.97794	491.58146	489.92291	437.66064	341.42166	225.02553	120.43097	50.269435	15.928837	3.8874273	0.78275494	0.14286722	0.025271994	0.0045154015	0.00083266598	0.00015943018	3.1804450e-05	6.5470763e-06	0.0000000	0.0000000	0.0000000	0.0000000	0.0000000	0.0000000	0.0000000	0.0000000	0.0000000
15.4530	0.0000000	0.0000000	0.0000000	0.0000000	0.0000000	0.0000000	0.0000000	0.0000000	0.0000000	0.0000000	0.0000000	0.0000000	0.0000000	0.0000000	0.0000000	0.0000000	0.0000000	0.0000000	0.0000000	0.0000000	0.0000000	0.0000000	0.0000000	0.0000000	0.0000000	0.0000000	0.0000000	0.0000000	0.0000000	0.0000000	0.0000000	0.0000000	0.0000000	0.0000000	0.0000000	0.0000000	0.0000000	0.0000000	0.0000000	0.0000000	2.0566560e-09	4.2879895e-07	3.6916992e-05	0.0017484770	0.045472059	0.63594580	4.6436689	18.170888	44.311769	80.931721	124.55254	171.17695	215.68822	251.73325	272.45755	272.16480	248.19813	203.04836	145.33808	88.132862	43.522205	16.810974	4.9432712	1.1228458	0.21099273	0.035883425	0.0059295817	0.00099241330	0.00017183893	3.0957821e-05	5.8070602e-06	1.1202984e-06	0.0000000	0.0000000	0.0000000	0.0000000	0.0000000	0.0000000	0.0000000	0.0000000	0.0000000
11.2500	0.0000000	0.0000000	0.0000000	0.0000000	0.0000000	0.0000000	0.0000000	0.0000000	0.0000000	0.0000000	0.0000000	0.0000000	0.0000000	0.0000000	0.0000000	0.0000000	0.0000000	0.0000000	0.0000000	0.0000000	0.0000000	0.0000000	0.0000000	0.0000000	0.0000000	0.0000000	0.0000000	0.0000000	0.0000000	0.0000000	0.0000000	0.0000000	0.0000000	0.0000000	0.0000000	0.0000000	0.0000000	0.0000000	0.0000000	0.0000000	7.4881139e-11	2.2937740e-08	2.7954657e-06	0.00018160339	0.0063077431	0.11522883	1.0792250	5.3308493	16.155008	36.092878	66.966564	109.52242	162.30911	220.48052	275.14909	314.28027	325.25525	299.88580	240.37034	162.24670	88.659540	37.672712	12.114771	2.9913760	0.60744931	0.11103201	0.019617586	0.0034939365	0.00064108317	0.00012195265	2.4088495e-05	4.8844040e-06	0.0000000	0.0000000	0.0000000	0.0000000	0.0000000	0.0000000	0.0000000	0.0000000	0.0000000
11.1290	0.0000000	0.0000000	0.0000000	0.0000000	0.0000000	0.0000000	0.0000000	0.0000000	0.0000000	0.0000000	0.0000000	0.0000000	0.0000000	0.0000000	0.0000000	0.0000000	0.0000000	0.0000000	0.0000000	0.0000000	0.0000000	0.0000000	0.0000000	0.0000000	0.0000000	0.0000000	0.0000000	0.0000000	0.0000000	0.0000000	0.0000000	0.0000000	0.0000000	0.0000000	0.0000000	0.0000000	0.0000000	0.0000000	0.0000000	0.0000000	5.9467052e-11	1.8621818e-08	2.3119807e-06	0.00014734379	0.0049177131	0.085662823	0.77039189	3.7460967	11.468045	26.247430	49.924109	82.755768	122.54907	164.83032	202.83186	228.28103	232.81858	211.70423	167.59618	111.91731	60.598925	25.551367	8.1644061	2.0055637	0.40566490	0.073949349	0.013045692	0.0023224703	0.00042640142	8.1246182e-05	1.6089937e-05	3.2742083e-06	0.0000000	0.0000000	0.0000000	0.0000000	0.0000000	0.0000000	0.0000000	0.0000000	0.0000000
16.3360	0.0000000	0.0000000	0.0000000	0.0000000	0.0000000	0.0000000	0.0000000	0.0000000	0.0000000	0.0000000	0.0000000	0.0000000	0.0000000	0.0000000	0.0000000	0.0000000	0.0000000	0.0000000	0.0000000	0.0000000	0.0000000	0.0000000	0.0000000	0.0000000	0.0000000	0.0000000	0.0000000	0.0000000	0.0000000	0.0000000	0.0000000	0.0000000	0.0000000	0.0000000	0.0000000	0.0000000	0.0000000	0.0000000	0.0000000	0.0000000	9.1371725e-10	1.7965226e-07	1.4692750e-05	0.00066579672	0.016698817	0.22703001	1.6226585	6.2517244	15.086783	27.373091	41.988910	57.688019	72.857154	85.467654	93.240800	94.128493	86.942234	72.153129	52.429998	32.283826	16.184722	6.3416958	1.8892926	0.43406242	0.082359186	0.014125341	0.0023522329	0.00039664458	6.9209888e-05	1.2572074e-05	2.3801014e-06	4.6403851e-07	0.0000000	0.0000000	0.0000000	0.0000000	0.0000000	0.0000000	0.0000000	0.0000000	0.0000000
13.8900	0.0000000	0.0000000	0.0000000	0.0000000	0.0000000	0.0000000	0.0000000	0.0000000	0.0000000	0.0000000	0.0000000	0.0000000	0.0000000	0.0000000	0.0000000	0.0000000	0.0000000	0.0000000	0.0000000	0.0000000	0.0000000	0.0000000	0.0000000	0.0000000	0.0000000	0.0000000	0.0000000	0.0000000	0.0000000	0.0000000	0.0000000	0.0000000	0.0000000	0.0000000	0.0000000	0.0000000	0.0000000	0.0000000	0.0000000	0.0000000	2.4356421e-10	5.5025458e-08	5.1412520e-06	0.00026458805	0.0075006214	0.11474425	0.91830696	3.9327537	10.433226	20.581743	33.999991	49.910736	66.961261	83.150495	95.852472	102.06123	99.204504	86.400870	65.673736	42.135643	21.928304	8.8906314	2.7332356	0.64648828	0.12604816	0.022182673	0.0037855343	0.00065342320	0.00011659930	2.1643873e-05	4.1849710e-06	8.3312177e-07	0.0000000	0.0000000	0.0000000	0.0000000	0.0000000	0.0000000	0.0000000	0.0000000	0.0000000
16.0040	0.0000000	0.0000000	0.0000000	0.0000000	0.0000000	0.0000000	0.0000000	0.0000000	0.0000000	0.0000000	0.0000000	0.0000000	0.0000000	0.0000000	0.0000000	0.0000000	0.0000000	0.0000000	0.0000000	0.0000000	0.0000000	0.0000000	0.0000000	0.0000000	0.0000000	0.0000000	0.0000000	0.0000000	0.0000000	0.0000000	0.0000000	0.0000000	0.0000000	0.0000000	0.0000000	0.0000000	0.0000000	0.0000000	0.0000000	0.0000000	6.3249214e-10	1.2787695e-07	1.0711047e-05	0.00049419751	0.012525871	0.17072125	1.2143415	4.6270975	11.034170	19.929890	30.901804	43.902971	58.971620	75.400024	90.217376	92.014012	85.814751	71.879010	52.698965	32.725578	16.533094	6.5221695	1.9544737	0.45138577	0.086058821	0.014827412	0.0024802783	0.00042018893	7.3682551e-05	1.3456082e-05	2.5619941e-06	5.0251496e-07	0.0000000	0.0000000	0.0000000	0.0000000	0.0000000	0.0000000	0.0000000	0.0000000	0.0000000
10.7700	0.0000000	0.0000000	0.0000000	0.0000000	0.0000000	0.0000000	0.0000000	0.0000000	0.0000000	0.0000000	0.0000000	0.0000000	0.0000000	0.0000000	0.0000000	0.0000000	0.0000000	0.0000000	0.0000000	0.0000000	0.0000000	0.0000000	0.0000000	0.0000000	0.0000000	0.0000000	0.0000000	0.0000000	0.0000000	0.0000000	0.0000000	0.0000000	0.0000000	0.0000000	0.0000000	0.0000000	0.0000000	0.0000000	0.0000000	0.0000000	2.9110638e-11	9.6046805e-09	1.2510574e-06	8.6175858e-05	0.0031467366	0.059880330	0.57850076	2.9199096	8.9718319	20.205745	37.620080	61.514819	90.903598	122.94147	152.66582	173.46077	178.51745	163.62329	130.33871	87.413879	47.467510	20.054861	6.4192379	1.5800770	0.32053370	0.058691011	0.010421296	0.0018719766	0.00034778693	6.7220053e-05	1.3518533e-05	2.7930002e-06	0.0000000	0.0000000	0.0000000	0.0000000	0.0000000	0.0000000	0.0000000	0.0000000	0.0000000
10.6570	0.0000000	0.0000000	0.0000000	0.0000000	0.0000000	0.0000000	0.0000000	0.0000000	0.0000000	0.0000000	0.0000000	0.0000000	0.0000000	0.0000000	0.0000000	0.0000000	0.0000000	0.0000000	0.0000000	0.0000000	0.0000000	0.0000000	0.0000000	0.0000000	0.0000000	0.0000000	0.0000000	0.0000000	0.0000000	0.0000000	0.0000000	0.0000000	0.0000000	0.0000000	0.0000000	0.0000000	0.0000000	0.0000000	0.0000000	0.0000000	1.5832289e-11	5.2067337e-09	6.7450377e-07	4.6151462e-05	0.0016738160	0.031649862	0.30399425	1.5270101	4.6783723	10.533528	19.662869	32.333209	48.194620	65.931391	83.029172	95.916186	100.60604	94.157939	76.659923	52.553962	29.149365	12.558906	4.0892097	1.0205359	0.20904935	0.038472226	0.0068321694	0.0012209565	0.00022437146	4.2656540e-05	8.3992197e-06	1.6925219e-06	0.0000000	0.0000000	0.0000000	0.0000000	0.0000000	0.0000000	0.0000000	0.0000000	0.0000000
12.6800	0.0000000	0.0000000	0.0000000	0.0000000	0.0000000	0.0000000	0.0000000	0.0000000	0.0000000	0.0000000	0.0000000	0.0000000	0.0000000	0.0000000	0.0000000	0.0000000	0.0000000	0.0000000	0.0000000	0.0000000	0.0000000	0.0000000	0.0000000	0.0000000	0.0000000	0.0000000	0.0000000	0.0000000	0.0000000	0.0000000	0.0000000	0.0000000	0.0000000	0.0000000	0.0000000	0.0000000	0.0000000	0.0000000	0.0000000	0.0000000	8.4376820e-11	2.0732745e-08	2.0817989e-06	0.00011439032	0.0034418792	0.055503547	0.46375783	2.0459886	5.5323366	11.042840	18.357067	27.029743	36.359436	45.330667	52.477143	56.110366	54.746776	47.816988	36.416659	23.419901	12.227317	4.9777749	1.5380773	0.36598489	0.071814518	0.012715982	0.0021817595	0.00037820906	6.7685601e-05	1.2581625e-05	2.4322157e-06	4.8335949e-07	0.0000000	0.0000000	0.0000000	0.0000000	0.0000000	0.0000000	0.0000000	0.0000000	0.0000000
11.0230	0.0000000	0.0000000	0.0000000	0.0000000	0.0000000	0.0000000	0.0000000	0.0000000	0.0000000	0.0000000	0.0000000	0.0000000	0.0000000	0.0000000	0.0000000	0.0000000	0.0000000	0.0000000	0.0000000	0.0000000	0.0000000	0.0000000	0.0000000	0.0000000	0.0000000	0.0000000	0.0000000	0.0000000	0.0000000	0.0000000	0.0000000	0.0000000	0.0000000	0.0000000	0.0000000	0.0000000	0.0000000	0.0000000	0.0000000	0.0000000	9.8864468e-12	3.1662121e-09	4.0524013e-07	2.7680070e-05	0.0010071115	0.019108543	0.18411917	0.92805962	2.8566217	6.4777378	12.220952	20.369592	30.820358	42.796539	54.614587	63.741846	67.333228	63.310001	51.717701	35.566238	19.800946	8.5689437	2.8033049	0.70295431	0.14466261	0.026743118	0.0047707797	0.00085676535	0.00015849871	3.0434101e-05	6.0796161e-06	1.2497224e-06	0.0000000	0.0000000	0.0000000	0.0000000	0.0000000	0.0000000	0.0000000	0.0000000	0.0000000
10.1150	0.0000000	0.0000000	0.0000000	0.0000000	0.0000000	0.0000000	0.0000000	0.0000000	0.0000000	0.0000000	0.0000000	0.0000000	0.0000000	0.0000000	0.0000000	0.0000000	0.0000000	0.0000000	0.0000000	0.0000000	0.0000000	0.0000000	0.0000000	0.0000000	0.0000000	0.0000000	0.0000000	0.0000000	0.0000000	0.0000000	0.0000000	0.0000000	0.0000000	0.0000000	0.0000000	0.0000000	0.0000000	0.0000000	0.0000000	0.0000000	1.4546364e-12	5.1970347e-10	7.2712131e-08	5.3459577e-06	0.00020737495	0.0041766348	0.042567070	0.22598817	0.72837204	1.7152915	3.3285954	5.6573447	8.6704926	12.142138	15.600805	18.341048	19.530146	18.516715	15.250584	10.568222	5.9259759	2.5859962	0.85581886	0.21814824	0.045914171	0.0087410692	0.0016169149	0.00030300108	5.8738529e-05	1.1822166e-05	2.4674920e-06	5.2676568e-07	0.0000000	0.0000000	0.0000000	0.0000000	0.0000000	0.0000000	0.0000000	0.0000000	0.0000000
