# DO NOT EDIT: written Thu Mar 14 18:48:37 2019 by wrt_emiss_fe17.pro
# faked emissivities [1e-23 ergs cm^3/s] for Fe17 lines from Del Zanna 2011, A&A 536, A59
# emissivities include ion balance, but not abundance, and are spline and ion balance jittered off of emiss_Fe17_00000.txt
# line 6 -- SEED, LOGT
# lines 7+ -- WVL, EMISSIVITY
      252366	4.00	4.05	4.10	4.15	4.20	4.25	4.30	4.35	4.40	4.45	4.50	4.55	4.60	4.65	4.70	4.75	4.80	4.85	4.90	4.95	5.00	5.05	5.10	5.15	5.20	5.25	5.30	5.35	5.40	5.45	5.50	5.55	5.60	5.65	5.70	5.75	5.80	5.85	5.90	5.95	6.00	6.05	6.10	6.15	6.20	6.25	6.30	6.35	6.40	6.45	6.50	6.55	6.60	6.65	6.70	6.75	6.80	6.85	6.90	6.95	7.00	7.05	7.10	7.15	7.20	7.25	7.30	7.35	7.40	7.45	7.50	7.55	7.60	7.65	7.70	7.75	7.80	7.85	7.90	7.95	8.00
15.0130	0.0000000	0.0000000	0.0000000	0.0000000	0.0000000	0.0000000	0.0000000	0.0000000	0.0000000	0.0000000	0.0000000	0.0000000	0.0000000	0.0000000	0.0000000	0.0000000	0.0000000	0.0000000	0.0000000	0.0000000	0.0000000	0.0000000	0.0000000	0.0000000	0.0000000	0.0000000	0.0000000	0.0000000	0.0000000	0.0000000	0.0000000	0.0000000	0.0000000	0.0000000	0.0000000	0.0000000	0.0000000	0.0000000	0.0000000	0.0000000	0.0000000	1.5792447e-06	0.00020055886	0.012930025	0.42599144	7.1182546	59.231533	256.13799	680.61417	1344.9062	2219.1376	3257.5879	4386.5739	5479.6448	6360.9785	6830.6941	6712.4160	5932.6301	4601.4044	3034.5425	1637.2790	695.12867	226.19150	56.985743	11.769043	2.1595599	0.37583954	0.064768505	0.011429200	0.0020845436	0.00039384224	7.6875600e-05	2.8752980e-06	0.0000000	0.0000000	0.0000000	0.0000000	0.0000000	0.0000000	0.0000000	0.0000000
17.0510	0.0000000	0.0000000	0.0000000	0.0000000	0.0000000	0.0000000	0.0000000	0.0000000	0.0000000	0.0000000	0.0000000	0.0000000	0.0000000	0.0000000	0.0000000	0.0000000	0.0000000	0.0000000	0.0000000	0.0000000	0.0000000	0.0000000	0.0000000	0.0000000	0.0000000	0.0000000	0.0000000	0.0000000	0.0000000	0.0000000	0.0000000	0.0000000	0.0000000	0.0000000	0.0000000	0.0000000	0.0000000	0.0000000	0.0000000	0.0000000	0.0000000	2.8990264e-06	0.00032601239	0.018825013	0.56020187	8.5129947	64.789894	257.62776	632.77384	1161.6719	1798.7826	2494.1778	3182.1632	3775.9266	4172.4140	4272.9861	4011.5939	3392.5195	2520.6255	1593.8409	825.22382	336.51242	105.28930	25.550112	5.0941002	0.90472323	0.15377541	0.026230706	0.0046062907	0.00083745333	0.00015732391	3.0436687e-05	1.1198585e-06	0.0000000	0.0000000	0.0000000	0.0000000	0.0000000	0.0000000	0.0000000	0.0000000
17.0960	0.0000000	0.0000000	0.0000000	0.0000000	0.0000000	0.0000000	0.0000000	0.0000000	0.0000000	0.0000000	0.0000000	0.0000000	0.0000000	0.0000000	0.0000000	0.0000000	0.0000000	0.0000000	0.0000000	0.0000000	0.0000000	0.0000000	0.0000000	0.0000000	0.0000000	0.0000000	0.0000000	0.0000000	0.0000000	0.0000000	0.0000000	0.0000000	0.0000000	0.0000000	0.0000000	0.0000000	0.0000000	0.0000000	0.0000000	0.0000000	0.0000000	3.2593559e-06	0.00036143307	0.020591535	0.60576080	9.1135888	68.695929	270.28302	655.62805	1185.7478	1803.9413	2451.5234	3058.3223	3540.6345	3809.7360	3792.3116	3454.4833	2829.6865	2032.7870	1240.3283	618.30793	242.16818	72.596909	16.840098	3.2028204	0.54165648	0.087547084	0.014185421	0.0023661248	0.00041030192	7.4151202e-05	1.3919554e-05	4.9995293e-07	0.0000000	0.0000000	0.0000000	0.0000000	0.0000000	0.0000000	0.0000000	0.0000000
16.7760	0.0000000	0.0000000	0.0000000	0.0000000	0.0000000	0.0000000	0.0000000	0.0000000	0.0000000	0.0000000	0.0000000	0.0000000	0.0000000	0.0000000	0.0000000	0.0000000	0.0000000	0.0000000	0.0000000	0.0000000	0.0000000	0.0000000	0.0000000	0.0000000	0.0000000	0.0000000	0.0000000	0.0000000	0.0000000	0.0000000	0.0000000	0.0000000	0.0000000	0.0000000	0.0000000	0.0000000	0.0000000	0.0000000	0.0000000	0.0000000	0.0000000	2.1697568e-06	0.00024457305	0.014111528	0.41932151	6.3650726	48.422389	192.60842	473.46383	869.79015	1346.7061	1864.5646	2369.6150	2793.7704	3061.4940	3104.6936	2883.1243	2410.1152	1769.7150	1105.9473	565.99537	228.16638	70.580560	16.934604	3.3386310	0.58643619	0.098921149	0.016733061	0.0029137510	0.00052737800	9.9449441e-05	1.9553448e-05	7.3753059e-07	0.0000000	0.0000000	0.0000000	0.0000000	0.0000000	0.0000000	0.0000000	0.0000000
15.2620	0.0000000	0.0000000	0.0000000	0.0000000	0.0000000	0.0000000	0.0000000	0.0000000	0.0000000	0.0000000	0.0000000	0.0000000	0.0000000	0.0000000	0.0000000	0.0000000	0.0000000	0.0000000	0.0000000	0.0000000	0.0000000	0.0000000	0.0000000	0.0000000	0.0000000	0.0000000	0.0000000	0.0000000	0.0000000	0.0000000	0.0000000	0.0000000	0.0000000	0.0000000	0.0000000	0.0000000	0.0000000	0.0000000	0.0000000	0.0000000	0.0000000	3.9686508e-07	4.9372728e-05	0.0032174284	0.10919243	1.8941351	16.425976	73.446132	199.52840	397.20616	648.11559	944.10630	1262.4216	1566.9054	1808.2217	1931.2120	1888.2438	1661.1204	1282.7859	842.50967	452.79952	191.21548	61.157369	15.150962	3.0800700	0.55723707	0.096431405	0.016748820	0.0029992849	0.00055897820	0.00010862841	2.1928024e-05	8.4646557e-07	0.0000000	0.0000000	0.0000000	0.0000000	0.0000000	0.0000000	0.0000000	0.0000000
12.1240	0.0000000	0.0000000	0.0000000	0.0000000	0.0000000	0.0000000	0.0000000	0.0000000	0.0000000	0.0000000	0.0000000	0.0000000	0.0000000	0.0000000	0.0000000	0.0000000	0.0000000	0.0000000	0.0000000	0.0000000	0.0000000	0.0000000	0.0000000	0.0000000	0.0000000	0.0000000	0.0000000	0.0000000	0.0000000	0.0000000	0.0000000	0.0000000	0.0000000	0.0000000	0.0000000	0.0000000	0.0000000	0.0000000	0.0000000	0.0000000	0.0000000	3.6581932e-08	5.7128071e-06	0.00044163246	0.017056749	0.32740779	3.0740228	14.775792	43.099952	92.474617	164.95167	260.11509	373.08006	492.46256	599.77899	671.56754	684.46527	624.61720	498.33253	336.97674	185.92432	80.542588	26.697784	6.8465676	1.4392004	0.26885891	0.047958500	0.0085677103	0.0015743017	0.00030054454	5.9777299e-05	1.2326582e-05	4.7995977e-07	0.0000000	0.0000000	0.0000000	0.0000000	0.0000000	0.0000000	0.0000000	0.0000000
12.2640	0.0000000	0.0000000	0.0000000	0.0000000	0.0000000	0.0000000	0.0000000	0.0000000	0.0000000	0.0000000	0.0000000	0.0000000	0.0000000	0.0000000	0.0000000	0.0000000	0.0000000	0.0000000	0.0000000	0.0000000	0.0000000	0.0000000	0.0000000	0.0000000	0.0000000	0.0000000	0.0000000	0.0000000	0.0000000	0.0000000	0.0000000	0.0000000	0.0000000	0.0000000	0.0000000	0.0000000	0.0000000	0.0000000	0.0000000	0.0000000	0.0000000	3.4977675e-08	5.4388149e-06	0.00042153275	0.016414763	0.31901518	3.0401162	14.839604	43.913899	95.440299	172.12526	273.93304	396.04475	526.64269	645.77618	727.40273	745.02457	682.27853	545.31878	368.79929	203.20324	87.783329	28.977199	7.3899116	1.5423485	0.28552291	0.050357384	0.0088726302	0.0016035215	0.00030020453	5.8373775e-05	1.1752797e-05	4.5161905e-07	0.0000000	0.0000000	0.0000000	0.0000000	0.0000000	0.0000000	0.0000000	0.0000000
13.8250	0.0000000	0.0000000	0.0000000	0.0000000	0.0000000	0.0000000	0.0000000	0.0000000	0.0000000	0.0000000	0.0000000	0.0000000	0.0000000	0.0000000	0.0000000	0.0000000	0.0000000	0.0000000	0.0000000	0.0000000	0.0000000	0.0000000	0.0000000	0.0000000	0.0000000	0.0000000	0.0000000	0.0000000	0.0000000	0.0000000	0.0000000	0.0000000	0.0000000	0.0000000	0.0000000	0.0000000	0.0000000	0.0000000	0.0000000	0.0000000	0.0000000	5.5680307e-08	7.3415947e-06	0.00049412506	0.017097299	0.30156837	2.6566889	12.165180	34.126388	70.935374	123.42668	191.14526	271.14995	356.68457	436.06799	492.92258	509.19109	471.90245	382.42946	262.41654	146.74517	64.352225	21.567782	5.5852118	1.1840955	0.22284532	0.039992173	0.0071755200	0.0013211960	0.00025200348	4.9898354e-05	1.0219185e-05	3.9863289e-07	0.0000000	0.0000000	0.0000000	0.0000000	0.0000000	0.0000000	0.0000000	0.0000000
15.4530	0.0000000	0.0000000	0.0000000	0.0000000	0.0000000	0.0000000	0.0000000	0.0000000	0.0000000	0.0000000	0.0000000	0.0000000	0.0000000	0.0000000	0.0000000	0.0000000	0.0000000	0.0000000	0.0000000	0.0000000	0.0000000	0.0000000	0.0000000	0.0000000	0.0000000	0.0000000	0.0000000	0.0000000	0.0000000	0.0000000	0.0000000	0.0000000	0.0000000	0.0000000	0.0000000	0.0000000	0.0000000	0.0000000	0.0000000	0.0000000	0.0000000	1.6411484e-07	1.9631130e-05	0.0011932961	0.037078148	0.58399291	4.5745061	18.594068	46.365837	85.836252	133.18511	184.01758	232.76977	272.53085	295.80577	296.31138	271.03948	222.55195	160.07877	97.748590	48.776571	19.139550	5.7552662	1.3410217	0.25658807	0.043725143	0.0071318950	0.0011679376	0.00019720443	3.4672354e-05	6.3633233e-06	1.2148952e-06	4.4445920e-08	0.0000000	0.0000000	0.0000000	0.0000000	0.0000000	0.0000000	0.0000000	0.0000000
11.2500	0.0000000	0.0000000	0.0000000	0.0000000	0.0000000	0.0000000	0.0000000	0.0000000	0.0000000	0.0000000	0.0000000	0.0000000	0.0000000	0.0000000	0.0000000	0.0000000	0.0000000	0.0000000	0.0000000	0.0000000	0.0000000	0.0000000	0.0000000	0.0000000	0.0000000	0.0000000	0.0000000	0.0000000	0.0000000	0.0000000	0.0000000	0.0000000	0.0000000	0.0000000	0.0000000	0.0000000	0.0000000	0.0000000	0.0000000	0.0000000	0.0000000	8.1847954e-09	1.3981170e-06	0.00011720330	0.0048706499	0.099891524	0.99553706	5.0480179	15.448028	34.613934	64.223126	104.98482	155.64504	211.83615	265.36255	304.87824	318.11302	296.50252	241.02990	165.67231	92.695152	40.624031	13.589874	3.5084085	0.74058100	0.13857673	0.024690699	0.0043924983	0.00080110390	0.00015126624	2.9647814e-05	6.0125990e-06	2.3248378e-07	0.0000000	0.0000000	0.0000000	0.0000000	0.0000000	0.0000000	0.0000000	0.0000000
11.1290	0.0000000	0.0000000	0.0000000	0.0000000	0.0000000	0.0000000	0.0000000	0.0000000	0.0000000	0.0000000	0.0000000	0.0000000	0.0000000	0.0000000	0.0000000	0.0000000	0.0000000	0.0000000	0.0000000	0.0000000	0.0000000	0.0000000	0.0000000	0.0000000	0.0000000	0.0000000	0.0000000	0.0000000	0.0000000	0.0000000	0.0000000	0.0000000	0.0000000	0.0000000	0.0000000	0.0000000	0.0000000	0.0000000	0.0000000	0.0000000	0.0000000	5.5498036e-09	9.5128732e-07	8.0123726e-05	0.0033495172	0.069175783	0.69481391	3.5525202	10.963695	24.773954	46.350832	76.392084	114.16245	156.58446	197.61487	228.64108	240.11719	225.11339	183.92505	126.95188	71.263620	31.304060	10.485793	2.7076761	0.57106066	0.10666381	0.018955130	0.0033610348	0.00061062360	0.00011480510	2.2398292e-05	4.5208054e-06	1.7396405e-07	0.0000000	0.0000000	0.0000000	0.0000000	0.0000000	0.0000000	0.0000000	0.0000000
16.3360	0.0000000	0.0000000	0.0000000	0.0000000	0.0000000	0.0000000	0.0000000	0.0000000	0.0000000	0.0000000	0.0000000	0.0000000	0.0000000	0.0000000	0.0000000	0.0000000	0.0000000	0.0000000	0.0000000	0.0000000	0.0000000	0.0000000	0.0000000	0.0000000	0.0000000	0.0000000	0.0000000	0.0000000	0.0000000	0.0000000	0.0000000	0.0000000	0.0000000	0.0000000	0.0000000	0.0000000	0.0000000	0.0000000	0.0000000	0.0000000	0.0000000	7.2472678e-08	8.3249108e-06	0.00048567671	0.014587605	0.22371543	1.7170131	6.8751478	16.967032	31.197664	48.229669	66.583468	84.379272	99.263235	108.58448	109.94486	101.93255	85.032965	62.250483	38.747556	19.735672	7.9129839	2.4332728	0.58015132	0.11362622	0.019821507	0.0033092983	0.00055457634	9.5777117e-05	1.7211920e-05	3.2258031e-06	6.2824413e-07	2.3416518e-08	0.0000000	0.0000000	0.0000000	0.0000000	0.0000000	0.0000000	0.0000000	0.0000000
13.8900	0.0000000	0.0000000	0.0000000	0.0000000	0.0000000	0.0000000	0.0000000	0.0000000	0.0000000	0.0000000	0.0000000	0.0000000	0.0000000	0.0000000	0.0000000	0.0000000	0.0000000	0.0000000	0.0000000	0.0000000	0.0000000	0.0000000	0.0000000	0.0000000	0.0000000	0.0000000	0.0000000	0.0000000	0.0000000	0.0000000	0.0000000	0.0000000	0.0000000	0.0000000	0.0000000	0.0000000	0.0000000	0.0000000	0.0000000	0.0000000	0.0000000	2.2782561e-08	2.8585988e-06	0.00018259983	0.0060185414	0.10177812	0.86423440	3.8266677	10.382741	20.837202	34.904555	51.849922	70.264528	87.981987	102.16775	109.54896	107.26778	94.217129	72.370010	47.073140	24.959992	10.384548	3.3047952	0.81361401	0.16422796	0.029477320	0.0050554848	0.00086888906	0.00015365858	2.8232629e-05	5.4021237e-06	1.0727385e-06	4.0719160e-08	0.0000000	0.0000000	0.0000000	0.0000000	0.0000000	0.0000000	0.0000000	0.0000000
16.0040	0.0000000	0.0000000	0.0000000	0.0000000	0.0000000	0.0000000	0.0000000	0.0000000	0.0000000	0.0000000	0.0000000	0.0000000	0.0000000	0.0000000	0.0000000	0.0000000	0.0000000	0.0000000	0.0000000	0.0000000	0.0000000	0.0000000	0.0000000	0.0000000	0.0000000	0.0000000	0.0000000	0.0000000	0.0000000	0.0000000	0.0000000	0.0000000	0.0000000	0.0000000	0.0000000	0.0000000	0.0000000	0.0000000	0.0000000	0.0000000	0.0000000	4.5262161e-08	5.3896589e-06	0.00032666879	0.010133771	0.15958751	1.2522052	5.1103895	12.830125	23.972747	37.612300	52.620450	67.466145	80.168825	88.474874	90.308953	84.366207	70.890841	52.259563	32.740858	16.771404	6.7559929	2.0851248	0.49858377	0.097877669	0.017106606	0.0028606412	0.00048012725	8.3052090e-05	1.4951000e-05	2.8072670e-06	5.4779480e-07	2.0459114e-08	0.0000000	0.0000000	0.0000000	0.0000000	0.0000000	0.0000000	0.0000000	0.0000000
10.7700	0.0000000	0.0000000	0.0000000	0.0000000	0.0000000	0.0000000	0.0000000	0.0000000	0.0000000	0.0000000	0.0000000	0.0000000	0.0000000	0.0000000	0.0000000	0.0000000	0.0000000	0.0000000	0.0000000	0.0000000	0.0000000	0.0000000	0.0000000	0.0000000	0.0000000	0.0000000	0.0000000	0.0000000	0.0000000	0.0000000	0.0000000	0.0000000	0.0000000	0.0000000	0.0000000	0.0000000	0.0000000	0.0000000	0.0000000	0.0000000	0.0000000	2.9230242e-09	5.2611701e-07	4.6514345e-05	0.0020399515	0.044148195	0.46368790	2.4702034	7.8994906	18.371021	35.136342	58.815582	88.728344	122.15796	153.93531	177.02230	184.10494	170.45675	137.28514	93.327976	51.613868	22.373063	7.4124334	1.8979849	0.39799375	0.074108937	0.013162062	0.0023377918	0.00042633389	8.0614301e-05	1.5845354e-05	3.2272741e-06	1.2549461e-07	0.0000000	0.0000000	0.0000000	0.0000000	0.0000000	0.0000000	0.0000000	0.0000000
10.6570	0.0000000	0.0000000	0.0000000	0.0000000	0.0000000	0.0000000	0.0000000	0.0000000	0.0000000	0.0000000	0.0000000	0.0000000	0.0000000	0.0000000	0.0000000	0.0000000	0.0000000	0.0000000	0.0000000	0.0000000	0.0000000	0.0000000	0.0000000	0.0000000	0.0000000	0.0000000	0.0000000	0.0000000	0.0000000	0.0000000	0.0000000	0.0000000	0.0000000	0.0000000	0.0000000	0.0000000	0.0000000	0.0000000	0.0000000	0.0000000	0.0000000	1.8930149e-09	3.4438544e-07	3.0510295e-05	0.0013312001	0.028490512	0.29449631	1.5388206	4.8191384	10.974880	20.574329	33.818331	50.222529	68.273949	85.244926	97.435025	100.94178	93.229425	74.956595	50.871069	28.064446	12.114617	3.9891947	1.0135002	0.21058613	0.038824160	0.0068276866	0.0012018688	0.00021755372	4.1056258e-05	8.0620793e-06	1.6406250e-06	6.3749194e-08	0.0000000	0.0000000	0.0000000	0.0000000	0.0000000	0.0000000	0.0000000	0.0000000
12.6800	0.0000000	0.0000000	0.0000000	0.0000000	0.0000000	0.0000000	0.0000000	0.0000000	0.0000000	0.0000000	0.0000000	0.0000000	0.0000000	0.0000000	0.0000000	0.0000000	0.0000000	0.0000000	0.0000000	0.0000000	0.0000000	0.0000000	0.0000000	0.0000000	0.0000000	0.0000000	0.0000000	0.0000000	0.0000000	0.0000000	0.0000000	0.0000000	0.0000000	0.0000000	0.0000000	0.0000000	0.0000000	0.0000000	0.0000000	0.0000000	0.0000000	8.6568898e-09	1.2095969e-06	8.5293339e-05	0.0030612124	0.055432504	0.49490123	2.2573497	6.2088373	12.492793	20.822006	30.658725	41.200098	51.314331	59.381735	63.541571	62.150442	54.544783	41.868629	27.088738	10.701915	4.4680047	1.4287096	0.35382437	0.071889768	0.012989202	0.0022417155	0.00038744865	6.8844604e-05	1.2697693e-05	3.2966831e-06	6.5605735e-07	2.4948673e-08	0.0000000	0.0000000	0.0000000	0.0000000	0.0000000	0.0000000	0.0000000	0.0000000
11.0230	0.0000000	0.0000000	0.0000000	0.0000000	0.0000000	0.0000000	0.0000000	0.0000000	0.0000000	0.0000000	0.0000000	0.0000000	0.0000000	0.0000000	0.0000000	0.0000000	0.0000000	0.0000000	0.0000000	0.0000000	0.0000000	0.0000000	0.0000000	0.0000000	0.0000000	0.0000000	0.0000000	0.0000000	0.0000000	0.0000000	0.0000000	0.0000000	0.0000000	0.0000000	0.0000000	0.0000000	0.0000000	0.0000000	0.0000000	0.0000000	0.0000000	9.9714692e-10	1.7721255e-07	1.5497128e-05	0.00067090062	0.014257955	0.14642816	0.76123893	2.3780579	5.4247979	10.243331	17.048868	25.744202	35.692597	45.531016	53.211914	56.418875	53.400368	44.068037	30.751752	17.476057	7.7807189	2.6430064	0.69613640	0.15022191	0.028698279	0.0052146063	0.00094527204	0.00017571992	3.3867345e-05	6.7899100e-06	1.4120484e-06	5.6127612e-08	0.0000000	0.0000000	0.0000000	0.0000000	0.0000000	0.0000000	0.0000000	0.0000000
10.1150	0.0000000	0.0000000	0.0000000	0.0000000	0.0000000	0.0000000	0.0000000	0.0000000	0.0000000	0.0000000	0.0000000	0.0000000	0.0000000	0.0000000	0.0000000	0.0000000	0.0000000	0.0000000	0.0000000	0.0000000	0.0000000	0.0000000	0.0000000	0.0000000	0.0000000	0.0000000	0.0000000	0.0000000	0.0000000	0.0000000	0.0000000	0.0000000	0.0000000	0.0000000	0.0000000	0.0000000	0.0000000	0.0000000	0.0000000	0.0000000	0.0000000	1.6479443e-10	3.2537040e-08	3.1153079e-06	0.00014631322	0.0033580555	0.037087321	0.20622419	0.68387563	1.6388005	3.2118551	5.4999032	8.5087842	12.065209	15.744073	18.851702	20.499090	19.897310	16.820440	11.998742	6.9521929	3.1508823	1.0893685	0.29062044	0.063404931	0.012268334	0.0022609030	0.00041585917	7.8346138e-05	1.5261498e-05	3.0808482e-06	6.4231738e-07	2.5476658e-08	0.0000000	0.0000000	0.0000000	0.0000000	0.0000000	0.0000000	0.0000000	0.0000000
