# DO NOT EDIT: written Thu Mar 14 18:48:37 2019 by wrt_emiss_fe17.pro
# faked emissivities [1e-23 ergs cm^3/s] for Fe17 lines from Del Zanna 2011, A&A 536, A59
# emissivities include ion balance, but not abundance, and are spline and ion balance jittered off of emiss_Fe17_00000.txt
# line 6 -- SEED, LOGT
# lines 7+ -- WVL, EMISSIVITY
      616328	4.00	4.05	4.10	4.15	4.20	4.25	4.30	4.35	4.40	4.45	4.50	4.55	4.60	4.65	4.70	4.75	4.80	4.85	4.90	4.95	5.00	5.05	5.10	5.15	5.20	5.25	5.30	5.35	5.40	5.45	5.50	5.55	5.60	5.65	5.70	5.75	5.80	5.85	5.90	5.95	6.00	6.05	6.10	6.15	6.20	6.25	6.30	6.35	6.40	6.45	6.50	6.55	6.60	6.65	6.70	6.75	6.80	6.85	6.90	6.95	7.00	7.05	7.10	7.15	7.20	7.25	7.30	7.35	7.40	7.45	7.50	7.55	7.60	7.65	7.70	7.75	7.80	7.85	7.90	7.95	8.00
15.0130	0.0000000	0.0000000	0.0000000	0.0000000	0.0000000	0.0000000	0.0000000	0.0000000	0.0000000	0.0000000	0.0000000	0.0000000	0.0000000	0.0000000	0.0000000	0.0000000	0.0000000	0.0000000	0.0000000	0.0000000	0.0000000	0.0000000	0.0000000	0.0000000	0.0000000	0.0000000	0.0000000	0.0000000	0.0000000	0.0000000	0.0000000	0.0000000	0.0000000	0.0000000	0.0000000	0.0000000	0.0000000	0.0000000	0.0000000	0.0000000	0.0000000	1.3541109e-06	0.00017109670	0.010963166	0.35948745	5.9974348	50.153936	220.08886	595.79642	1191.8674	1986.3628	2939.6292	3982.5251	5003.1007	5844.5135	6325.2045	6279.9955	5629.1961	4452.9390	3019.3035	1694.3887	759.49337	264.95007	71.955645	15.804194	3.0084402	0.53508157	0.094075978	0.016891121	0.0031410694	0.00060716271	0.00012177780	1.2232623e-05	0.0000000	0.0000000	0.0000000	0.0000000	0.0000000	0.0000000	0.0000000	0.0000000
17.0510	0.0000000	0.0000000	0.0000000	0.0000000	0.0000000	0.0000000	0.0000000	0.0000000	0.0000000	0.0000000	0.0000000	0.0000000	0.0000000	0.0000000	0.0000000	0.0000000	0.0000000	0.0000000	0.0000000	0.0000000	0.0000000	0.0000000	0.0000000	0.0000000	0.0000000	0.0000000	0.0000000	0.0000000	0.0000000	0.0000000	0.0000000	0.0000000	0.0000000	0.0000000	0.0000000	0.0000000	0.0000000	0.0000000	0.0000000	0.0000000	0.0000000	2.5457801e-06	0.00028638358	0.016524775	0.49206317	7.5047170	57.685956	233.83616	587.49977	1095.6772	1709.3004	2375.8853	3031.4487	3594.4954	3970.0380	4068.0267	3829.0035	3257.0358	2446.3910	1575.4587	839.85494	357.66131	118.57264	30.626346	6.4053876	1.1627699	0.19753027	0.033222300	0.0057166208	0.0010213104	0.00019018848	3.6855900e-05	3.5885356e-06	0.0000000	0.0000000	0.0000000	0.0000000	0.0000000	0.0000000	0.0000000	0.0000000
17.0960	0.0000000	0.0000000	0.0000000	0.0000000	0.0000000	0.0000000	0.0000000	0.0000000	0.0000000	0.0000000	0.0000000	0.0000000	0.0000000	0.0000000	0.0000000	0.0000000	0.0000000	0.0000000	0.0000000	0.0000000	0.0000000	0.0000000	0.0000000	0.0000000	0.0000000	0.0000000	0.0000000	0.0000000	0.0000000	0.0000000	0.0000000	0.0000000	0.0000000	0.0000000	0.0000000	0.0000000	0.0000000	0.0000000	0.0000000	0.0000000	0.0000000	2.2617076e-06	0.00024753564	0.013979820	0.41286807	6.2576351	47.840882	192.78344	480.78934	888.18936	1369.3452	1877.0414	2389.6359	2858.6716	3199.4803	3334.5387	3193.7591	2756.8073	2089.4170	1346.6913	712.16765	298.43644	96.657805	24.173302	4.8718721	0.85126164	0.13903944	0.022344476	0.0036664459	0.00062374989	0.00011051164	2.0368461e-05	1.8865672e-06	0.0000000	0.0000000	0.0000000	0.0000000	0.0000000	0.0000000	0.0000000	0.0000000
16.7760	0.0000000	0.0000000	0.0000000	0.0000000	0.0000000	0.0000000	0.0000000	0.0000000	0.0000000	0.0000000	0.0000000	0.0000000	0.0000000	0.0000000	0.0000000	0.0000000	0.0000000	0.0000000	0.0000000	0.0000000	0.0000000	0.0000000	0.0000000	0.0000000	0.0000000	0.0000000	0.0000000	0.0000000	0.0000000	0.0000000	0.0000000	0.0000000	0.0000000	0.0000000	0.0000000	0.0000000	0.0000000	0.0000000	0.0000000	0.0000000	0.0000000	1.8210987e-06	0.00020527669	0.011856878	0.35395215	5.4250015	42.015547	172.03282	437.48736	826.89845	1308.0346	1843.0351	2380.3127	2852.0637	3179.1614	3284.6530	3115.0267	2668.5683	2018.3890	1308.8468	702.49031	301.12741	100.44494	26.089670	5.4836282	0.99972073	0.17044981	0.028753027	0.0049587242	0.00088718944	0.00016530663	3.2022419e-05	3.1138025e-06	0.0000000	0.0000000	0.0000000	0.0000000	0.0000000	0.0000000	0.0000000	0.0000000
15.2620	0.0000000	0.0000000	0.0000000	0.0000000	0.0000000	0.0000000	0.0000000	0.0000000	0.0000000	0.0000000	0.0000000	0.0000000	0.0000000	0.0000000	0.0000000	0.0000000	0.0000000	0.0000000	0.0000000	0.0000000	0.0000000	0.0000000	0.0000000	0.0000000	0.0000000	0.0000000	0.0000000	0.0000000	0.0000000	0.0000000	0.0000000	0.0000000	0.0000000	0.0000000	0.0000000	0.0000000	0.0000000	0.0000000	0.0000000	0.0000000	0.0000000	4.1512887e-07	5.1883074e-05	0.0032954409	0.10724064	1.7753754	14.715800	63.938698	171.26263	338.94482	559.10257	819.67064	1101.0082	1372.3085	1591.3658	1710.3017	1686.7187	1502.0062	1180.3473	794.94964	442.98270	197.08479	68.202982	18.362912	3.9957913	0.75305287	0.13250673	0.023030220	0.0040857099	0.00075089408	0.00014359082	2.8537938e-05	2.8471082e-06	0.0000000	0.0000000	0.0000000	0.0000000	0.0000000	0.0000000	0.0000000	0.0000000
12.1240	0.0000000	0.0000000	0.0000000	0.0000000	0.0000000	0.0000000	0.0000000	0.0000000	0.0000000	0.0000000	0.0000000	0.0000000	0.0000000	0.0000000	0.0000000	0.0000000	0.0000000	0.0000000	0.0000000	0.0000000	0.0000000	0.0000000	0.0000000	0.0000000	0.0000000	0.0000000	0.0000000	0.0000000	0.0000000	0.0000000	0.0000000	0.0000000	0.0000000	0.0000000	0.0000000	0.0000000	0.0000000	0.0000000	0.0000000	0.0000000	0.0000000	2.9594426e-08	4.6523242e-06	0.00036181092	0.014082328	0.27332394	2.6120486	12.902757	38.820773	85.342835	154.72077	246.77438	357.20372	475.52885	584.29482	660.76731	681.57257	631.45724	513.88814	356.91867	204.33024	93.070695	32.875525	10.131472	2.5675119	0.50190908	0.084615745	0.013510325	0.0022049853	0.00039684788	7.6423268e-05	1.5269141e-05	1.5290890e-06	0.0000000	0.0000000	0.0000000	0.0000000	0.0000000	0.0000000	0.0000000	0.0000000
12.2640	0.0000000	0.0000000	0.0000000	0.0000000	0.0000000	0.0000000	0.0000000	0.0000000	0.0000000	0.0000000	0.0000000	0.0000000	0.0000000	0.0000000	0.0000000	0.0000000	0.0000000	0.0000000	0.0000000	0.0000000	0.0000000	0.0000000	0.0000000	0.0000000	0.0000000	0.0000000	0.0000000	0.0000000	0.0000000	0.0000000	0.0000000	0.0000000	0.0000000	0.0000000	0.0000000	0.0000000	0.0000000	0.0000000	0.0000000	0.0000000	0.0000000	3.5274506e-08	5.5164785e-06	0.00042801550	0.016658671	0.32381195	3.1006086	15.332403	46.093735	101.05721	182.39372	289.18125	415.60959	548.85787	668.20373	747.39485	760.69094	693.32196	553.12157	375.59979	210.11234	93.676550	32.519960	8.8181753	1.9414362	0.37151848	0.066543815	0.011789703	0.0021330479	0.00039959591	7.7757826e-05	1.5681966e-05	1.5822482e-06	0.0000000	0.0000000	0.0000000	0.0000000	0.0000000	0.0000000	0.0000000	0.0000000
13.8250	0.0000000	0.0000000	0.0000000	0.0000000	0.0000000	0.0000000	0.0000000	0.0000000	0.0000000	0.0000000	0.0000000	0.0000000	0.0000000	0.0000000	0.0000000	0.0000000	0.0000000	0.0000000	0.0000000	0.0000000	0.0000000	0.0000000	0.0000000	0.0000000	0.0000000	0.0000000	0.0000000	0.0000000	0.0000000	0.0000000	0.0000000	0.0000000	0.0000000	0.0000000	0.0000000	0.0000000	0.0000000	0.0000000	0.0000000	0.0000000	0.0000000	4.5869355e-08	6.1476979e-06	0.00041890524	0.014653559	0.26140457	2.3382076	12.643726	42.561023	89.830734	157.17271	243.22998	343.61722	449.43029	546.10861	613.91673	631.78578	585.14631	476.30715	330.78976	189.32432	86.227984	30.471472	8.3647240	1.8544728	0.35602750	0.063818353	0.011299796	0.0020420564	0.00038217304	7.4351654e-05	1.5011016e-05	1.5183210e-06	0.0000000	0.0000000	0.0000000	0.0000000	0.0000000	0.0000000	0.0000000	0.0000000
15.4530	0.0000000	0.0000000	0.0000000	0.0000000	0.0000000	0.0000000	0.0000000	0.0000000	0.0000000	0.0000000	0.0000000	0.0000000	0.0000000	0.0000000	0.0000000	0.0000000	0.0000000	0.0000000	0.0000000	0.0000000	0.0000000	0.0000000	0.0000000	0.0000000	0.0000000	0.0000000	0.0000000	0.0000000	0.0000000	0.0000000	0.0000000	0.0000000	0.0000000	0.0000000	0.0000000	0.0000000	0.0000000	0.0000000	0.0000000	0.0000000	0.0000000	1.5453708e-07	1.8615320e-05	0.0011388274	0.035677296	0.56849011	4.5352589	18.957235	48.794362	92.629085	146.20519	204.51728	261.35958	308.97223	271.26931	340.72162	318.13487	265.62082	195.26054	122.76171	63.758443	26.409874	8.5049804	2.1319299	0.43248174	0.076134273	0.012544269	0.0020472265	0.00034205002	5.9382588e-05	1.0754348e-05	2.0283190e-06	1.9234091e-07	0.0000000	0.0000000	0.0000000	0.0000000	0.0000000	0.0000000	0.0000000	0.0000000
11.2500	0.0000000	0.0000000	0.0000000	0.0000000	0.0000000	0.0000000	0.0000000	0.0000000	0.0000000	0.0000000	0.0000000	0.0000000	0.0000000	0.0000000	0.0000000	0.0000000	0.0000000	0.0000000	0.0000000	0.0000000	0.0000000	0.0000000	0.0000000	0.0000000	0.0000000	0.0000000	0.0000000	0.0000000	0.0000000	0.0000000	0.0000000	0.0000000	0.0000000	0.0000000	0.0000000	0.0000000	0.0000000	0.0000000	0.0000000	0.0000000	0.0000000	6.9978302e-09	1.2057216e-06	0.00010159107	0.0042379670	0.087322232	0.87849924	4.5343954	14.167997	32.197610	60.141099	98.622443	146.61211	200.29402	252.31592	292.23102	308.36332	291.89919	242.39643	171.57058	99.975720	46.296429	16.606085	4.6179699	1.0348247	0.20027009	0.036080823	0.0064011247	0.0011556591	0.00021553362	4.1703443e-05	8.3611296e-06	8.3907012e-07	0.0000000	0.0000000	0.0000000	0.0000000	0.0000000	0.0000000	0.0000000	0.0000000
11.1290	0.0000000	0.0000000	0.0000000	0.0000000	0.0000000	0.0000000	0.0000000	0.0000000	0.0000000	0.0000000	0.0000000	0.0000000	0.0000000	0.0000000	0.0000000	0.0000000	0.0000000	0.0000000	0.0000000	0.0000000	0.0000000	0.0000000	0.0000000	0.0000000	0.0000000	0.0000000	0.0000000	0.0000000	0.0000000	0.0000000	0.0000000	0.0000000	0.0000000	0.0000000	0.0000000	0.0000000	0.0000000	0.0000000	0.0000000	0.0000000	0.0000000	5.7461772e-09	9.9755832e-07	8.4797725e-05	0.0035744481	0.074506602	0.75869223	3.9631595	12.521572	28.734039	54.095005	89.197908	132.98022	181.75708	228.60889	262.32291	272.97777	254.38670	207.66638	144.33945	82.532612	37.490172	13.191155	3.5997481	0.79213847	0.15069949	0.026723476	0.0046737822	0.00083328224	0.00015374068	2.9479938e-05	5.8679745e-06	5.8572925e-07	0.0000000	0.0000000	0.0000000	0.0000000	0.0000000	0.0000000	0.0000000	0.0000000
16.3360	0.0000000	0.0000000	0.0000000	0.0000000	0.0000000	0.0000000	0.0000000	0.0000000	0.0000000	0.0000000	0.0000000	0.0000000	0.0000000	0.0000000	0.0000000	0.0000000	0.0000000	0.0000000	0.0000000	0.0000000	0.0000000	0.0000000	0.0000000	0.0000000	0.0000000	0.0000000	0.0000000	0.0000000	0.0000000	0.0000000	0.0000000	0.0000000	0.0000000	0.0000000	0.0000000	0.0000000	0.0000000	0.0000000	0.0000000	0.0000000	0.0000000	5.9407071e-08	6.7918777e-06	0.00039672422	0.011947334	0.18426792	1.4313566	5.8551385	14.812810	27.729219	43.283090	60.031043	76.245952	89.822992	98.418169	99.912804	93.055259	78.230589	58.001087	36.831502	19.346463	8.1140980	2.6485024	0.67354245	0.13873500	0.024815009	0.0041570141	0.00069020181	0.00011738684	2.0755219e-05	3.8299244e-06	7.3633324e-07	7.1210482e-08	0.0000000	0.0000000	0.0000000	0.0000000	0.0000000	0.0000000	0.0000000	0.0000000
13.8900	0.0000000	0.0000000	0.0000000	0.0000000	0.0000000	0.0000000	0.0000000	0.0000000	0.0000000	0.0000000	0.0000000	0.0000000	0.0000000	0.0000000	0.0000000	0.0000000	0.0000000	0.0000000	0.0000000	0.0000000	0.0000000	0.0000000	0.0000000	0.0000000	0.0000000	0.0000000	0.0000000	0.0000000	0.0000000	0.0000000	0.0000000	0.0000000	0.0000000	0.0000000	0.0000000	0.0000000	0.0000000	0.0000000	0.0000000	0.0000000	0.0000000	1.9607408e-08	2.5399539e-06	0.00016656409	0.0055881787	0.095437815	0.81679767	3.6595040	10.057667	20.314340	34.004281	50.270946	67.698004	84.290649	97.488961	104.35499	102.33470	90.411938	70.279999	46.652444	25.544798	11.142031	3.7751866	0.99501100	0.21212537	0.039225185	0.0067848007	0.0011616245	0.00020344581	3.6989872e-05	7.0091281e-06	1.3818958e-06	1.3685665e-07	0.0000000	0.0000000	0.0000000	0.0000000	0.0000000	0.0000000	0.0000000	0.0000000
16.0040	0.0000000	0.0000000	0.0000000	0.0000000	0.0000000	0.0000000	0.0000000	0.0000000	0.0000000	0.0000000	0.0000000	0.0000000	0.0000000	0.0000000	0.0000000	0.0000000	0.0000000	0.0000000	0.0000000	0.0000000	0.0000000	0.0000000	0.0000000	0.0000000	0.0000000	0.0000000	0.0000000	0.0000000	0.0000000	0.0000000	0.0000000	0.0000000	0.0000000	0.0000000	0.0000000	0.0000000	0.0000000	0.0000000	0.0000000	0.0000000	0.0000000	3.0502360e-08	3.6153938e-06	0.00021829969	0.0067670753	0.11090630	0.93400942	4.0988923	11.005783	21.637547	35.147649	50.330553	65.551121	78.730955	87.552412	89.918503	84.542720	71.661292	53.549555	34.282839	18.166755	7.6902255	2.5340595	0.65070290	0.13535170	0.024448703	0.0041355835	0.00069321022	0.00011898677	2.1220814e-05	3.9465133e-06	7.6379455e-07	7.4247476e-08	0.0000000	0.0000000	0.0000000	0.0000000	0.0000000	0.0000000	0.0000000	0.0000000
10.7700	0.0000000	0.0000000	0.0000000	0.0000000	0.0000000	0.0000000	0.0000000	0.0000000	0.0000000	0.0000000	0.0000000	0.0000000	0.0000000	0.0000000	0.0000000	0.0000000	0.0000000	0.0000000	0.0000000	0.0000000	0.0000000	0.0000000	0.0000000	0.0000000	0.0000000	0.0000000	0.0000000	0.0000000	0.0000000	0.0000000	0.0000000	0.0000000	0.0000000	0.0000000	0.0000000	0.0000000	0.0000000	0.0000000	0.0000000	0.0000000	0.0000000	2.7614946e-09	4.9770759e-07	4.3851662e-05	0.0019135864	0.041241982	0.43348872	2.3310463	7.5499951	17.670777	33.771644	56.301628	84.582235	116.20309	146.64721	169.55191	177.97191	166.98509	136.98177	95.543053	54.795091	24.978334	8.8337359	2.4293961	0.54076438	0.10456975	0.018957481	0.0034117986	0.00062970690	0.00012056839	2.3961930e-05	4.9212922e-06	5.0385296e-07	0.0000000	0.0000000	0.0000000	0.0000000	0.0000000	0.0000000	0.0000000	0.0000000
10.6570	0.0000000	0.0000000	0.0000000	0.0000000	0.0000000	0.0000000	0.0000000	0.0000000	0.0000000	0.0000000	0.0000000	0.0000000	0.0000000	0.0000000	0.0000000	0.0000000	0.0000000	0.0000000	0.0000000	0.0000000	0.0000000	0.0000000	0.0000000	0.0000000	0.0000000	0.0000000	0.0000000	0.0000000	0.0000000	0.0000000	0.0000000	0.0000000	0.0000000	0.0000000	0.0000000	0.0000000	0.0000000	0.0000000	0.0000000	0.0000000	0.0000000	1.5921159e-09	2.9247147e-07	2.6177820e-05	0.0011570661	0.025190464	0.26679250	1.4427684	4.6946151	11.035355	21.179349	35.457653	53.493504	73.798656	93.504575	108.53156	114.36386	107.73630	88.748512	62.132232	35.719392	16.284167	5.7404600	1.5668305	0.34430218	0.065326097	0.011545138	0.0020123977	0.00035783199	6.5928558e-05	1.2647059e-05	2.5241347e-06	2.5328840e-07	0.0000000	0.0000000	0.0000000	0.0000000	0.0000000	0.0000000	0.0000000	0.0000000
12.6800	0.0000000	0.0000000	0.0000000	0.0000000	0.0000000	0.0000000	0.0000000	0.0000000	0.0000000	0.0000000	0.0000000	0.0000000	0.0000000	0.0000000	0.0000000	0.0000000	0.0000000	0.0000000	0.0000000	0.0000000	0.0000000	0.0000000	0.0000000	0.0000000	0.0000000	0.0000000	0.0000000	0.0000000	0.0000000	0.0000000	0.0000000	0.0000000	0.0000000	0.0000000	0.0000000	0.0000000	0.0000000	0.0000000	0.0000000	0.0000000	0.0000000	6.0833163e-09	8.5037869e-07	5.9970838e-05	0.0021571310	0.039293204	0.35537555	1.6585949	4.6872786	9.6306178	16.267519	24.171257	32.725931	41.065413	47.927196	51.810657	51.322567	45.776991	35.894222	24.038398	13.282425	5.8461287	1.9982452	0.53100624	0.11403370	0.021214458	0.0036865107	0.00063314130	0.00011107204	2.0201624e-05	3.8250602e-06	7.5303477e-07	7.4468133e-08	0.0000000	0.0000000	0.0000000	0.0000000	0.0000000	0.0000000	0.0000000	0.0000000
11.0230	0.0000000	0.0000000	0.0000000	0.0000000	0.0000000	0.0000000	0.0000000	0.0000000	0.0000000	0.0000000	0.0000000	0.0000000	0.0000000	0.0000000	0.0000000	0.0000000	0.0000000	0.0000000	0.0000000	0.0000000	0.0000000	0.0000000	0.0000000	0.0000000	0.0000000	0.0000000	0.0000000	0.0000000	0.0000000	0.0000000	0.0000000	0.0000000	0.0000000	0.0000000	0.0000000	0.0000000	0.0000000	0.0000000	0.0000000	0.0000000	0.0000000	1.0329403e-09	1.8416402e-07	1.6134950e-05	0.00070046492	0.014964312	0.15537429	0.82390058	2.6333705	6.1025896	11.608395	19.366765	29.248944	40.537666	51.728032	60.570321	64.518048	61.594557	51.565091	36.800676	21.636588	10.115056	3.6629654	1.0279983	0.23232264	0.045320698	0.0082290019	0.0014717731	0.00026827173	5.0641219e-05	9.9479637e-06	2.0315690e-06	2.0832585e-07	0.0000000	0.0000000	0.0000000	0.0000000	0.0000000	0.0000000	0.0000000	0.0000000
10.1150	0.0000000	0.0000000	0.0000000	0.0000000	0.0000000	0.0000000	0.0000000	0.0000000	0.0000000	0.0000000	0.0000000	0.0000000	0.0000000	0.0000000	0.0000000	0.0000000	0.0000000	0.0000000	0.0000000	0.0000000	0.0000000	0.0000000	0.0000000	0.0000000	0.0000000	0.0000000	0.0000000	0.0000000	0.0000000	0.0000000	0.0000000	0.0000000	0.0000000	0.0000000	0.0000000	0.0000000	0.0000000	0.0000000	0.0000000	0.0000000	0.0000000	1.4616085e-10	2.8698536e-08	2.7345700e-06	0.00012825235	0.0029552015	0.033062183	0.18853362	0.64549269	1.5918588	3.1959689	5.5852850	8.7847402	12.630169	16.685740	20.213868	22.247006	21.893420	18.831554	13.750934	8.2339554	3.9068219	1.4331461	0.40719980	0.093207537	0.018434190	0.0033959811	0.00061626319	0.00011381176	2.1706936e-05	4.2928512e-06	8.7904398e-07	9.0010563e-08	0.0000000	0.0000000	0.0000000	0.0000000	0.0000000	0.0000000	0.0000000	0.0000000
