# DO NOT EDIT: written Thu Mar 14 18:48:37 2019 by wrt_emiss_fe17.pro
# faked emissivities [1e-23 ergs cm^3/s] for Fe17 lines from Del Zanna 2011, A&A 536, A59
# emissivities include ion balance, but not abundance, and are spline and ion balance jittered off of emiss_Fe17_00000.txt
# line 6 -- SEED, LOGT
# lines 7+ -- WVL, EMISSIVITY
      433592	4.00	4.05	4.10	4.15	4.20	4.25	4.30	4.35	4.40	4.45	4.50	4.55	4.60	4.65	4.70	4.75	4.80	4.85	4.90	4.95	5.00	5.05	5.10	5.15	5.20	5.25	5.30	5.35	5.40	5.45	5.50	5.55	5.60	5.65	5.70	5.75	5.80	5.85	5.90	5.95	6.00	6.05	6.10	6.15	6.20	6.25	6.30	6.35	6.40	6.45	6.50	6.55	6.60	6.65	6.70	6.75	6.80	6.85	6.90	6.95	7.00	7.05	7.10	7.15	7.20	7.25	7.30	7.35	7.40	7.45	7.50	7.55	7.60	7.65	7.70	7.75	7.80	7.85	7.90	7.95	8.00
15.0130	0.0000000	0.0000000	0.0000000	0.0000000	0.0000000	0.0000000	0.0000000	0.0000000	0.0000000	0.0000000	0.0000000	0.0000000	0.0000000	0.0000000	0.0000000	0.0000000	0.0000000	0.0000000	0.0000000	0.0000000	0.0000000	0.0000000	0.0000000	0.0000000	0.0000000	0.0000000	0.0000000	0.0000000	0.0000000	0.0000000	0.0000000	0.0000000	0.0000000	0.0000000	0.0000000	0.0000000	0.0000000	0.0000000	0.0000000	0.0000000	0.0000000	1.5725596e-06	0.00019762509	0.012587476	0.40946813	6.7566376	55.602693	238.46063	628.89060	1229.5226	2010.3479	2923.9364	3893.2993	4802.3391	5498.9083	5820.1271	5636.6862	4915.3235	3771.2944	2471.3251	1333.6533	571.08209	189.13087	48.745843	10.259283	1.8992642	0.33315911	0.058233960	0.010424009	0.0019344807	0.00037460593	7.5577946e-05	5.1896030e-06	0.0000000	0.0000000	0.0000000	0.0000000	0.0000000	0.0000000	0.0000000	0.0000000
17.0510	0.0000000	0.0000000	0.0000000	0.0000000	0.0000000	0.0000000	0.0000000	0.0000000	0.0000000	0.0000000	0.0000000	0.0000000	0.0000000	0.0000000	0.0000000	0.0000000	0.0000000	0.0000000	0.0000000	0.0000000	0.0000000	0.0000000	0.0000000	0.0000000	0.0000000	0.0000000	0.0000000	0.0000000	0.0000000	0.0000000	0.0000000	0.0000000	0.0000000	0.0000000	0.0000000	0.0000000	0.0000000	0.0000000	0.0000000	0.0000000	0.0000000	2.8882325e-06	0.00032395503	0.018656886	0.55417811	8.4174454	64.196844	256.76020	635.32129	1172.1274	1818.2587	2520.7988	3212.4877	3806.0523	4199.0747	4294.5246	4028.7650	3408.0736	2537.4399	1612.2900	842.49292	348.83230	111.56387	27.747119	5.6336886	1.0061001	0.16998613	0.028612618	0.0049420752	0.00088668594	0.00016576681	3.2208815e-05	2.1265961e-06	0.0000000	0.0000000	0.0000000	0.0000000	0.0000000	0.0000000	0.0000000	0.0000000
17.0960	0.0000000	0.0000000	0.0000000	0.0000000	0.0000000	0.0000000	0.0000000	0.0000000	0.0000000	0.0000000	0.0000000	0.0000000	0.0000000	0.0000000	0.0000000	0.0000000	0.0000000	0.0000000	0.0000000	0.0000000	0.0000000	0.0000000	0.0000000	0.0000000	0.0000000	0.0000000	0.0000000	0.0000000	0.0000000	0.0000000	0.0000000	0.0000000	0.0000000	0.0000000	0.0000000	0.0000000	0.0000000	0.0000000	0.0000000	0.0000000	0.0000000	2.3904929e-06	0.00026527760	0.015122913	0.44551046	6.7212571	50.936369	202.25645	495.96847	904.68703	1384.0515	1888.1147	2362.7564	2743.5118	2961.6447	2959.4678	2708.8993	2233.0666	1618.0437	999.10740	506.51911	203.10658	62.799499	15.077661	2.9518420	0.50793672	0.082671963	0.013822401	0.0024666447	0.00045929647	8.9075287e-05	1.7559014e-05	1.1236900e-06	0.0000000	0.0000000	0.0000000	0.0000000	0.0000000	0.0000000	0.0000000	0.0000000
16.7760	0.0000000	0.0000000	0.0000000	0.0000000	0.0000000	0.0000000	0.0000000	0.0000000	0.0000000	0.0000000	0.0000000	0.0000000	0.0000000	0.0000000	0.0000000	0.0000000	0.0000000	0.0000000	0.0000000	0.0000000	0.0000000	0.0000000	0.0000000	0.0000000	0.0000000	0.0000000	0.0000000	0.0000000	0.0000000	0.0000000	0.0000000	0.0000000	0.0000000	0.0000000	0.0000000	0.0000000	0.0000000	0.0000000	0.0000000	0.0000000	0.0000000	1.9202770e-06	0.00021821166	0.012712345	0.38229547	5.8888279	45.628775	185.71057	468.15264	880.22239	1390.8597	1961.5574	2536.5212	3040.7365	3386.2053	3488.0844	3289.0956	2791.6536	2082.1308	1323.1775	690.27941	284.73632	90.497518	22.305666	4.4754659	0.78801606	0.13105783	0.021696432	0.0036852252	0.00065062212	0.00011987019	2.3009016e-05	1.5059229e-06	0.0000000	0.0000000	0.0000000	0.0000000	0.0000000	0.0000000	0.0000000	0.0000000
15.2620	0.0000000	0.0000000	0.0000000	0.0000000	0.0000000	0.0000000	0.0000000	0.0000000	0.0000000	0.0000000	0.0000000	0.0000000	0.0000000	0.0000000	0.0000000	0.0000000	0.0000000	0.0000000	0.0000000	0.0000000	0.0000000	0.0000000	0.0000000	0.0000000	0.0000000	0.0000000	0.0000000	0.0000000	0.0000000	0.0000000	0.0000000	0.0000000	0.0000000	0.0000000	0.0000000	0.0000000	0.0000000	0.0000000	0.0000000	0.0000000	0.0000000	4.3749858e-07	5.4622465e-05	0.0034841845	0.11424308	1.9092040	15.964804	69.762417	187.92149	376.11929	631.00414	940.46293	1260.4397	1567.6963	1813.2294	1941.9143	1905.6513	1684.9306	1310.5938	869.79877	474.64796	205.18827	68.484104	17.757104	3.7531382	0.69652754	0.12206709	0.021272928	0.0037973010	0.00070288293	0.00013539540	2.7085840e-05	1.8404715e-06	0.0000000	0.0000000	0.0000000	0.0000000	0.0000000	0.0000000	0.0000000	0.0000000
12.1240	0.0000000	0.0000000	0.0000000	0.0000000	0.0000000	0.0000000	0.0000000	0.0000000	0.0000000	0.0000000	0.0000000	0.0000000	0.0000000	0.0000000	0.0000000	0.0000000	0.0000000	0.0000000	0.0000000	0.0000000	0.0000000	0.0000000	0.0000000	0.0000000	0.0000000	0.0000000	0.0000000	0.0000000	0.0000000	0.0000000	0.0000000	0.0000000	0.0000000	0.0000000	0.0000000	0.0000000	0.0000000	0.0000000	0.0000000	0.0000000	0.0000000	3.8051435e-08	5.9707896e-06	0.00046373896	0.018008478	0.34804886	3.2989393	16.069589	47.584955	103.41478	186.30993	296.24168	428.16795	569.52182	699.16133	789.45426	811.98689	748.51491	604.11125	414.14728	232.46145	102.94869	35.069191	9.2509532	1.9834858	0.37231545	0.065793357	0.011525050	0.0020611009	0.00038092401	7.2983021e-05	1.4459336e-05	9.6875038e-07	0.0000000	0.0000000	0.0000000	0.0000000	0.0000000	0.0000000	0.0000000	0.0000000
12.2640	0.0000000	0.0000000	0.0000000	0.0000000	0.0000000	0.0000000	0.0000000	0.0000000	0.0000000	0.0000000	0.0000000	0.0000000	0.0000000	0.0000000	0.0000000	0.0000000	0.0000000	0.0000000	0.0000000	0.0000000	0.0000000	0.0000000	0.0000000	0.0000000	0.0000000	0.0000000	0.0000000	0.0000000	0.0000000	0.0000000	0.0000000	0.0000000	0.0000000	0.0000000	0.0000000	0.0000000	0.0000000	0.0000000	0.0000000	0.0000000	0.0000000	3.7627364e-08	5.8293218e-06	0.00044901196	0.017360344	0.33508853	3.1783276	15.502468	45.948840	99.911792	180.04900	286.37413	414.19965	551.75902	678.81778	768.42421	792.41938	732.24303	592.18658	406.73299	227.67047	100.54172	34.195301	9.0198152	1.9369242	0.36471326	0.064753946	0.011415163	0.0020580278	0.00038417165	7.4499409e-05	1.4974501e-05	1.0206660e-06	0.0000000	0.0000000	0.0000000	0.0000000	0.0000000	0.0000000	0.0000000	0.0000000
13.8250	0.0000000	0.0000000	0.0000000	0.0000000	0.0000000	0.0000000	0.0000000	0.0000000	0.0000000	0.0000000	0.0000000	0.0000000	0.0000000	0.0000000	0.0000000	0.0000000	0.0000000	0.0000000	0.0000000	0.0000000	0.0000000	0.0000000	0.0000000	0.0000000	0.0000000	0.0000000	0.0000000	0.0000000	0.0000000	0.0000000	0.0000000	0.0000000	0.0000000	0.0000000	0.0000000	0.0000000	0.0000000	0.0000000	0.0000000	0.0000000	0.0000000	5.7296519e-08	7.6758095e-06	0.00052339300	0.018312691	0.32623949	2.9034379	13.452289	38.168726	79.909564	139.39076	215.69696	305.08628	399.61077	486.05875	546.42159	561.42961	517.90576	418.42520	287.01345	161.14567	71.393405	24.345067	6.4355965	1.3850467	0.26156401	0.046624414	0.0082611308	0.0014985300	0.00028167096	5.5029272e-05	1.1145195e-05	7.6504148e-07	0.0000000	0.0000000	0.0000000	0.0000000	0.0000000	0.0000000	0.0000000	0.0000000
15.4530	0.0000000	0.0000000	0.0000000	0.0000000	0.0000000	0.0000000	0.0000000	0.0000000	0.0000000	0.0000000	0.0000000	0.0000000	0.0000000	0.0000000	0.0000000	0.0000000	0.0000000	0.0000000	0.0000000	0.0000000	0.0000000	0.0000000	0.0000000	0.0000000	0.0000000	0.0000000	0.0000000	0.0000000	0.0000000	0.0000000	0.0000000	0.0000000	0.0000000	0.0000000	0.0000000	0.0000000	0.0000000	0.0000000	0.0000000	0.0000000	0.0000000	1.2730239e-07	1.5241864e-05	0.00092797680	0.028927776	0.45816891	3.6222377	14.934106	37.883756	71.280319	112.24208	157.35725	202.15928	240.79045	266.44783	272.78987	255.78411	215.99311	160.29312	101.34441	52.593893	21.582142	6.8250591	1.6742682	0.33440921	0.058603487	0.0096968704	0.0015961252	0.00026929007	4.7151286e-05	8.5960323e-06	1.6275449e-06	1.0463381e-07	0.0000000	0.0000000	0.0000000	0.0000000	0.0000000	0.0000000	0.0000000	0.0000000
11.2500	0.0000000	0.0000000	0.0000000	0.0000000	0.0000000	0.0000000	0.0000000	0.0000000	0.0000000	0.0000000	0.0000000	0.0000000	0.0000000	0.0000000	0.0000000	0.0000000	0.0000000	0.0000000	0.0000000	0.0000000	0.0000000	0.0000000	0.0000000	0.0000000	0.0000000	0.0000000	0.0000000	0.0000000	0.0000000	0.0000000	0.0000000	0.0000000	0.0000000	0.0000000	0.0000000	0.0000000	0.0000000	0.0000000	0.0000000	0.0000000	0.0000000	8.0711437e-09	1.3835778e-06	0.00011629310	0.0048457870	0.099711827	0.99898077	5.1085408	15.784428	35.611713	66.309409	108.55830	161.03057	219.22949	274.77967	316.10451	330.66128	309.56107	253.45822	176.16502	100.23714	45.011063	15.551909	4.1621406	0.90565244	0.17257639	0.030962905	0.0055063949	0.00099953878	0.00018744249	3.6423792e-05	7.3146921e-06	4.9633033e-07	0.0000000	0.0000000	0.0000000	0.0000000	0.0000000	0.0000000	0.0000000	0.0000000
11.1290	0.0000000	0.0000000	0.0000000	0.0000000	0.0000000	0.0000000	0.0000000	0.0000000	0.0000000	0.0000000	0.0000000	0.0000000	0.0000000	0.0000000	0.0000000	0.0000000	0.0000000	0.0000000	0.0000000	0.0000000	0.0000000	0.0000000	0.0000000	0.0000000	0.0000000	0.0000000	0.0000000	0.0000000	0.0000000	0.0000000	0.0000000	0.0000000	0.0000000	0.0000000	0.0000000	0.0000000	0.0000000	0.0000000	0.0000000	0.0000000	0.0000000	5.6377742e-09	9.9312061e-07	8.5617185e-05	0.0036529557	0.076845084	0.78583391	4.0948957	12.869081	29.267759	54.675968	89.724117	133.29751	181.61834	227.65706	261.71305	273.34618	255.28233	208.30688	144.14253	81.569145	36.392393	12.484824	3.3168445	0.71657339	0.13564944	0.024198796	0.0042839432	0.00077525819	0.00014520344	2.8242602e-05	5.6917561e-06	3.8873669e-07	0.0000000	0.0000000	0.0000000	0.0000000	0.0000000	0.0000000	0.0000000	0.0000000
16.3360	0.0000000	0.0000000	0.0000000	0.0000000	0.0000000	0.0000000	0.0000000	0.0000000	0.0000000	0.0000000	0.0000000	0.0000000	0.0000000	0.0000000	0.0000000	0.0000000	0.0000000	0.0000000	0.0000000	0.0000000	0.0000000	0.0000000	0.0000000	0.0000000	0.0000000	0.0000000	0.0000000	0.0000000	0.0000000	0.0000000	0.0000000	0.0000000	0.0000000	0.0000000	0.0000000	0.0000000	0.0000000	0.0000000	0.0000000	0.0000000	0.0000000	5.1279854e-08	5.8558279e-06	0.00034190717	0.010284389	0.15814895	1.2201173	4.9291317	12.292344	22.784682	35.399556	49.023947	62.269374	73.405510	80.480362	81.713937	76.036014	63.751339	47.008645	29.567138	15.291098	6.2661322	1.9836797	0.48850908	0.098257061	0.017393479	0.0029153120	0.00048728901	8.3665208e-05	1.4936034e-05	2.7807375e-06	5.3843273e-07	3.5445689e-08	0.0000000	0.0000000	0.0000000	0.0000000	0.0000000	0.0000000	0.0000000	0.0000000
13.8900	0.0000000	0.0000000	0.0000000	0.0000000	0.0000000	0.0000000	0.0000000	0.0000000	0.0000000	0.0000000	0.0000000	0.0000000	0.0000000	0.0000000	0.0000000	0.0000000	0.0000000	0.0000000	0.0000000	0.0000000	0.0000000	0.0000000	0.0000000	0.0000000	0.0000000	0.0000000	0.0000000	0.0000000	0.0000000	0.0000000	0.0000000	0.0000000	0.0000000	0.0000000	0.0000000	0.0000000	0.0000000	0.0000000	0.0000000	0.0000000	0.0000000	2.1539069e-08	2.8047204e-06	0.00018536482	0.0062733619	0.10794441	0.92654712	4.1315977	11.242402	22.482184	37.322544	54.798302	73.383299	90.918534	104.63425	111.39085	108.51459	95.060728	73.054086	47.737601	25.573181	10.828408	3.5352258	0.89640774	0.18540632	0.033715059	0.0057987822	0.00099354464	0.00017467718	3.1898535e-05	6.0691948e-06	1.2000041e-06	8.0607619e-08	0.0000000	0.0000000	0.0000000	0.0000000	0.0000000	0.0000000	0.0000000	0.0000000
16.0040	0.0000000	0.0000000	0.0000000	0.0000000	0.0000000	0.0000000	0.0000000	0.0000000	0.0000000	0.0000000	0.0000000	0.0000000	0.0000000	0.0000000	0.0000000	0.0000000	0.0000000	0.0000000	0.0000000	0.0000000	0.0000000	0.0000000	0.0000000	0.0000000	0.0000000	0.0000000	0.0000000	0.0000000	0.0000000	0.0000000	0.0000000	0.0000000	0.0000000	0.0000000	0.0000000	0.0000000	0.0000000	0.0000000	0.0000000	0.0000000	0.0000000	3.3102024e-08	3.9164791e-06	0.00023614948	0.0073020974	0.11490354	0.90411021	3.7174350	9.4261629	17.760059	28.033277	39.409997	50.763501	60.622161	67.282813	69.132963	65.095661	55.228695	41.209760	26.223572	13.712653	5.6769272	1.8139627	0.45057448	0.091360371	0.016296109	0.0027512603	0.00046312146	8.0068736e-05	1.4391934e-05	2.6973347e-06	5.2563200e-07	3.4812793e-08	0.0000000	0.0000000	0.0000000	0.0000000	0.0000000	0.0000000	0.0000000	0.0000000
10.7700	0.0000000	0.0000000	0.0000000	0.0000000	0.0000000	0.0000000	0.0000000	0.0000000	0.0000000	0.0000000	0.0000000	0.0000000	0.0000000	0.0000000	0.0000000	0.0000000	0.0000000	0.0000000	0.0000000	0.0000000	0.0000000	0.0000000	0.0000000	0.0000000	0.0000000	0.0000000	0.0000000	0.0000000	0.0000000	0.0000000	0.0000000	0.0000000	0.0000000	0.0000000	0.0000000	0.0000000	0.0000000	0.0000000	0.0000000	0.0000000	0.0000000	3.2999979e-09	6.0033649e-07	5.2971559e-05	0.0022973394	0.048860121	0.50291680	2.6271732	8.2436259	18.790099	35.241746	58.077824	86.755990	119.03577	150.51537	174.75464	184.41533	173.94490	143.18426	99.798968	56.805203	25.460975	8.7660441	2.3352158	0.50551384	0.095840248	0.017116034	0.0030322803	0.00054896374	0.00010283081	1.9998744e-05	4.0292631e-06	2.7507444e-07	0.0000000	0.0000000	0.0000000	0.0000000	0.0000000	0.0000000	0.0000000	0.0000000
10.6570	0.0000000	0.0000000	0.0000000	0.0000000	0.0000000	0.0000000	0.0000000	0.0000000	0.0000000	0.0000000	0.0000000	0.0000000	0.0000000	0.0000000	0.0000000	0.0000000	0.0000000	0.0000000	0.0000000	0.0000000	0.0000000	0.0000000	0.0000000	0.0000000	0.0000000	0.0000000	0.0000000	0.0000000	0.0000000	0.0000000	0.0000000	0.0000000	0.0000000	0.0000000	0.0000000	0.0000000	0.0000000	0.0000000	0.0000000	0.0000000	0.0000000	1.5678880e-09	2.8561562e-07	2.5366718e-05	0.0011116436	0.023952574	0.25013290	1.3264648	4.2256949	9.7718295	18.554870	30.850519	46.327889	63.700779	80.497399	93.208478	97.948605	91.925776	75.289100	52.233974	29.606991	13.220057	4.5361959	1.2048801	0.26020427	0.049255160	0.0087952752	0.0015609700	0.00028374913	5.3501174e-05	1.0500997e-05	2.1409344e-06	1.4829556e-07	0.0000000	0.0000000	0.0000000	0.0000000	0.0000000	0.0000000	0.0000000	0.0000000
12.6800	0.0000000	0.0000000	0.0000000	0.0000000	0.0000000	0.0000000	0.0000000	0.0000000	0.0000000	0.0000000	0.0000000	0.0000000	0.0000000	0.0000000	0.0000000	0.0000000	0.0000000	0.0000000	0.0000000	0.0000000	0.0000000	0.0000000	0.0000000	0.0000000	0.0000000	0.0000000	0.0000000	0.0000000	0.0000000	0.0000000	0.0000000	0.0000000	0.0000000	0.0000000	0.0000000	0.0000000	0.0000000	0.0000000	0.0000000	0.0000000	0.0000000	7.2172505e-09	1.0056169e-06	7.0701956e-05	0.0025320881	0.045818976	0.40990452	1.8809522	5.2147807	10.555053	17.651075	26.042021	35.057876	43.760503	50.798144	54.596753	53.731666	47.559427	36.935925	24.420227	13.246324	5.6790676	1.8757418	0.48036527	0.10005365	0.018245312	0.0031342145	0.00053481599	9.3506253e-05	1.6981760e-05	3.2161478e-06	6.3360336e-07	4.2463928e-08	0.0000000	0.0000000	0.0000000	0.0000000	0.0000000	0.0000000	0.0000000	0.0000000
11.0230	0.0000000	0.0000000	0.0000000	0.0000000	0.0000000	0.0000000	0.0000000	0.0000000	0.0000000	0.0000000	0.0000000	0.0000000	0.0000000	0.0000000	0.0000000	0.0000000	0.0000000	0.0000000	0.0000000	0.0000000	0.0000000	0.0000000	0.0000000	0.0000000	0.0000000	0.0000000	0.0000000	0.0000000	0.0000000	0.0000000	0.0000000	0.0000000	0.0000000	0.0000000	0.0000000	0.0000000	0.0000000	0.0000000	0.0000000	0.0000000	0.0000000	1.0301909e-09	1.8404849e-07	1.6184705e-05	0.00070536178	0.015115552	0.15697330	0.82845624	2.6319658	6.0919611	11.636702	19.556849	29.793079	41.658833	53.597220	63.194101	67.639094	64.698991	54.054893	38.295983	22.191331	10.135246	3.5551843	0.96349723	0.21166816	0.040624372	0.0073293487	0.0013097689	0.00023915042	4.5235069e-05	8.9009846e-06	1.8185197e-06	1.2616782e-07	0.0000000	0.0000000	0.0000000	0.0000000	0.0000000	0.0000000	0.0000000	0.0000000
10.1150	0.0000000	0.0000000	0.0000000	0.0000000	0.0000000	0.0000000	0.0000000	0.0000000	0.0000000	0.0000000	0.0000000	0.0000000	0.0000000	0.0000000	0.0000000	0.0000000	0.0000000	0.0000000	0.0000000	0.0000000	0.0000000	0.0000000	0.0000000	0.0000000	0.0000000	0.0000000	0.0000000	0.0000000	0.0000000	0.0000000	0.0000000	0.0000000	0.0000000	0.0000000	0.0000000	0.0000000	0.0000000	0.0000000	0.0000000	0.0000000	0.0000000	1.5319242e-10	2.9871491e-08	2.8248128e-06	0.00013121961	0.0029861872	0.032840427	0.18291897	0.61026977	1.4726657	2.9079267	5.0143478	7.7959639	11.091242	14.510315	17.419341	19.006928	18.546574	15.809334	11.421364	6.7414311	3.1356774	1.1214687	0.31067549	0.070006678	0.013827897	0.0025739454	0.00047511783	8.9529653e-05	1.7427941e-05	3.5149692e-06	7.3256950e-07	5.1582351e-08	0.0000000	0.0000000	0.0000000	0.0000000	0.0000000	0.0000000	0.0000000	0.0000000
