# DO NOT EDIT: written Thu Mar 14 18:48:37 2019 by wrt_emiss_fe17.pro
# faked emissivities [1e-23 ergs cm^3/s] for Fe17 lines from Del Zanna 2011, A&A 536, A59
# emissivities include ion balance, but not abundance, and are spline and ion balance jittered off of emiss_Fe17_00000.txt
# line 6 -- SEED, LOGT
# lines 7+ -- WVL, EMISSIVITY
       45661	4.00	4.05	4.10	4.15	4.20	4.25	4.30	4.35	4.40	4.45	4.50	4.55	4.60	4.65	4.70	4.75	4.80	4.85	4.90	4.95	5.00	5.05	5.10	5.15	5.20	5.25	5.30	5.35	5.40	5.45	5.50	5.55	5.60	5.65	5.70	5.75	5.80	5.85	5.90	5.95	6.00	6.05	6.10	6.15	6.20	6.25	6.30	6.35	6.40	6.45	6.50	6.55	6.60	6.65	6.70	6.75	6.80	6.85	6.90	6.95	7.00	7.05	7.10	7.15	7.20	7.25	7.30	7.35	7.40	7.45	7.50	7.55	7.60	7.65	7.70	7.75	7.80	7.85	7.90	7.95	8.00
15.0130	0.0000000	0.0000000	0.0000000	0.0000000	0.0000000	0.0000000	0.0000000	0.0000000	0.0000000	0.0000000	0.0000000	0.0000000	0.0000000	0.0000000	0.0000000	0.0000000	0.0000000	0.0000000	0.0000000	0.0000000	0.0000000	0.0000000	0.0000000	0.0000000	0.0000000	0.0000000	0.0000000	0.0000000	0.0000000	0.0000000	0.0000000	0.0000000	0.0000000	0.0000000	0.0000000	0.0000000	0.0000000	0.0000000	0.0000000	0.0000000	1.2864690e-07	1.9548705e-05	0.0014588579	0.057076399	1.1725816	12.552418	74.029136	256.15526	593.77142	1071.5464	1679.7005	2432.8382	3240.4037	4004.3656	4592.6523	4860.9234	4692.0650	4055.9349	3061.6630	1954.5786	1015.3438	414.72554	131.42749	32.246447	6.5460726	1.2004958	0.21322838	0.038207358	0.0070516440	0.0013481342	0.00026729504	5.2146526e-05	0.0000000	0.0000000	0.0000000	0.0000000	0.0000000	0.0000000	0.0000000	0.0000000	0.0000000
17.0510	0.0000000	0.0000000	0.0000000	0.0000000	0.0000000	0.0000000	0.0000000	0.0000000	0.0000000	0.0000000	0.0000000	0.0000000	0.0000000	0.0000000	0.0000000	0.0000000	0.0000000	0.0000000	0.0000000	0.0000000	0.0000000	0.0000000	0.0000000	0.0000000	0.0000000	0.0000000	0.0000000	0.0000000	0.0000000	0.0000000	0.0000000	0.0000000	0.0000000	0.0000000	0.0000000	0.0000000	0.0000000	0.0000000	0.0000000	0.0000000	2.3501287e-07	3.1589467e-05	0.0021173320	0.075314873	1.4403144	14.960044	86.753037	298.00677	685.50043	1223.5763	1858.1270	2498.7061	3028.2275	3372.4686	3505.9668	3498.8874	3225.2409	2857.6508	2221.1380	1423.9374	728.53839	287.28632	85.364319	19.441989	3.6368671	0.61148443	0.099263207	0.016234378	0.0027362754	0.00047894457	8.7320213e-05	1.5961070e-05	0.0000000	0.0000000	0.0000000	0.0000000	0.0000000	0.0000000	0.0000000	0.0000000	0.0000000
17.0960	0.0000000	0.0000000	0.0000000	0.0000000	0.0000000	0.0000000	0.0000000	0.0000000	0.0000000	0.0000000	0.0000000	0.0000000	0.0000000	0.0000000	0.0000000	0.0000000	0.0000000	0.0000000	0.0000000	0.0000000	0.0000000	0.0000000	0.0000000	0.0000000	0.0000000	0.0000000	0.0000000	0.0000000	0.0000000	0.0000000	0.0000000	0.0000000	0.0000000	0.0000000	0.0000000	0.0000000	0.0000000	0.0000000	0.0000000	0.0000000	2.4168718e-07	3.1701752e-05	0.0020702935	0.071763009	1.3394753	13.594447	77.035156	258.26393	578.55945	1004.2410	1492.3693	1997.0604	2462.0301	2820.4073	3003.0403	2955.1327	2656.1142	2141.1121	1508.9226	900.07587	437.14612	166.27914	48.303047	10.881330	2.0343820	0.34506725	0.056927508	0.0095088066	0.0016406880	0.00029387251	5.4642455e-05	9.9877825e-06	0.0000000	0.0000000	0.0000000	0.0000000	0.0000000	0.0000000	0.0000000	0.0000000	0.0000000
16.7760	0.0000000	0.0000000	0.0000000	0.0000000	0.0000000	0.0000000	0.0000000	0.0000000	0.0000000	0.0000000	0.0000000	0.0000000	0.0000000	0.0000000	0.0000000	0.0000000	0.0000000	0.0000000	0.0000000	0.0000000	0.0000000	0.0000000	0.0000000	0.0000000	0.0000000	0.0000000	0.0000000	0.0000000	0.0000000	0.0000000	0.0000000	0.0000000	0.0000000	0.0000000	0.0000000	0.0000000	0.0000000	0.0000000	0.0000000	0.0000000	1.9081943e-07	2.6144610e-05	0.0017743814	0.063545797	1.2183990	12.642948	73.030596	249.23478	568.05107	1002.7288	1514.2588	2056.0277	2565.1391	2965.5319	3179.0580	3143.3870	2834.4324	2289.7070	1616.3832	965.95500	470.32565	179.55013	53.196348	12.243166	2.3355497	0.40355293	0.067754939	0.011519719	0.0020258007	0.00037067988	7.0647802e-05	1.3295086e-05	0.0000000	0.0000000	0.0000000	0.0000000	0.0000000	0.0000000	0.0000000	0.0000000	0.0000000
15.2620	0.0000000	0.0000000	0.0000000	0.0000000	0.0000000	0.0000000	0.0000000	0.0000000	0.0000000	0.0000000	0.0000000	0.0000000	0.0000000	0.0000000	0.0000000	0.0000000	0.0000000	0.0000000	0.0000000	0.0000000	0.0000000	0.0000000	0.0000000	0.0000000	0.0000000	0.0000000	0.0000000	0.0000000	0.0000000	0.0000000	0.0000000	0.0000000	0.0000000	0.0000000	0.0000000	0.0000000	0.0000000	0.0000000	0.0000000	0.0000000	3.4373821e-08	5.1545636e-06	0.00038063991	0.014764643	0.30537503	3.4037449	21.020590	76.337877	184.33486	343.50934	546.27846	780.25074	1024.5090	1248.0097	1411.3424	1473.8202	1405.0234	1201.2118	898.43431	569.57712	294.60349	119.63964	37.200922	8.9891417	1.8056769	0.32952412	0.058617373	0.010603381	0.0020043624	0.00040024995	8.2470599e-05	1.5949678e-05	0.0000000	0.0000000	0.0000000	0.0000000	0.0000000	0.0000000	0.0000000	0.0000000	0.0000000
12.1240	0.0000000	0.0000000	0.0000000	0.0000000	0.0000000	0.0000000	0.0000000	0.0000000	0.0000000	0.0000000	0.0000000	0.0000000	0.0000000	0.0000000	0.0000000	0.0000000	0.0000000	0.0000000	0.0000000	0.0000000	0.0000000	0.0000000	0.0000000	0.0000000	0.0000000	0.0000000	0.0000000	0.0000000	0.0000000	0.0000000	0.0000000	0.0000000	0.0000000	0.0000000	0.0000000	0.0000000	0.0000000	0.0000000	0.0000000	0.0000000	2.1180272e-09	4.1620990e-07	3.9103242e-05	0.0018803087	0.047141502	0.62496918	4.5193592	18.975527	52.428605	110.70044	197.50880	313.30488	452.15278	598.75472	727.79202	807.45989	808.02442	716.53535	549.94933	354.34978	184.68681	75.013044	23.183938	5.5431497	1.0985266	0.19748037	0.034601856	0.0061688439	0.0011448481	0.00022282048	4.5578586e-05	9.2618648e-06	0.0000000	0.0000000	0.0000000	0.0000000	0.0000000	0.0000000	0.0000000	0.0000000	0.0000000
12.2640	0.0000000	0.0000000	0.0000000	0.0000000	0.0000000	0.0000000	0.0000000	0.0000000	0.0000000	0.0000000	0.0000000	0.0000000	0.0000000	0.0000000	0.0000000	0.0000000	0.0000000	0.0000000	0.0000000	0.0000000	0.0000000	0.0000000	0.0000000	0.0000000	0.0000000	0.0000000	0.0000000	0.0000000	0.0000000	0.0000000	0.0000000	0.0000000	0.0000000	0.0000000	0.0000000	0.0000000	0.0000000	0.0000000	0.0000000	0.0000000	2.3435804e-09	4.3004725e-07	3.7920116e-05	0.0017230408	0.041094081	0.52133987	3.6410156	15.000642	40.587458	83.820620	146.27713	227.25754	322.07134	420.47965	506.24209	559.21168	560.38669	501.54723	394.89559	262.12320	141.17216	59.356818	18.998487	4.6988549	0.96044641	0.17719494	0.031640557	0.0056973267	0.0010565203	0.00020297880	4.0445220e-05	7.9247829e-06	0.0000000	0.0000000	0.0000000	0.0000000	0.0000000	0.0000000	0.0000000	0.0000000	0.0000000
13.8250	0.0000000	0.0000000	0.0000000	0.0000000	0.0000000	0.0000000	0.0000000	0.0000000	0.0000000	0.0000000	0.0000000	0.0000000	0.0000000	0.0000000	0.0000000	0.0000000	0.0000000	0.0000000	0.0000000	0.0000000	0.0000000	0.0000000	0.0000000	0.0000000	0.0000000	0.0000000	0.0000000	0.0000000	0.0000000	0.0000000	0.0000000	0.0000000	0.0000000	0.0000000	0.0000000	0.0000000	0.0000000	0.0000000	0.0000000	0.0000000	4.2271435e-09	6.8112999e-07	5.3930105e-05	0.0022438960	0.049882528	0.59904855	3.9918522	15.625723	40.500627	80.625077	136.41143	206.60506	287.03936	369.53224	441.29990	485.89261	487.12505	436.23143	339.97084	223.20556	118.83272	49.380205	15.623972	3.8221504	0.77367545	0.14164584	0.025162889	0.0045199192	0.00083828272	0.00016143275	3.2303971e-05	6.3659573e-06	0.0000000	0.0000000	0.0000000	0.0000000	0.0000000	0.0000000	0.0000000	0.0000000	0.0000000
15.4530	0.0000000	0.0000000	0.0000000	0.0000000	0.0000000	0.0000000	0.0000000	0.0000000	0.0000000	0.0000000	0.0000000	0.0000000	0.0000000	0.0000000	0.0000000	0.0000000	0.0000000	0.0000000	0.0000000	0.0000000	0.0000000	0.0000000	0.0000000	0.0000000	0.0000000	0.0000000	0.0000000	0.0000000	0.0000000	0.0000000	0.0000000	0.0000000	0.0000000	0.0000000	0.0000000	0.0000000	0.0000000	0.0000000	0.0000000	0.0000000	1.2780662e-08	1.8576678e-06	0.00013175645	0.0048516899	0.093898678	0.96553509	5.4941598	18.510149	41.750609	73.771942	112.63861	154.23425	193.83376	225.50178	242.89208	240.85989	218.32125	179.27970	128.56703	77.944113	38.427938	14.819470	4.3578103	0.99178293	0.18687710	0.031857557	0.0052707095	0.00088192774	0.00015242268	2.7366751e-05	5.1081569e-06	9.3928267e-07	0.0000000	0.0000000	0.0000000	0.0000000	0.0000000	0.0000000	0.0000000	0.0000000	0.0000000
11.2500	0.0000000	0.0000000	0.0000000	0.0000000	0.0000000	0.0000000	0.0000000	0.0000000	0.0000000	0.0000000	0.0000000	0.0000000	0.0000000	0.0000000	0.0000000	0.0000000	0.0000000	0.0000000	0.0000000	0.0000000	0.0000000	0.0000000	0.0000000	0.0000000	0.0000000	0.0000000	0.0000000	0.0000000	0.0000000	0.0000000	0.0000000	0.0000000	0.0000000	0.0000000	0.0000000	0.0000000	0.0000000	0.0000000	0.0000000	0.0000000	4.0140577e-10	8.6122095e-08	8.7394666e-06	0.00044965203	0.011962955	0.16705446	1.2635255	5.5109921	15.718734	34.099325	62.302312	101.01208	148.90236	201.51203	250.65298	285.22030	293.69174	268.92285	213.65681	142.72248	77.161748	32.492398	10.393530	2.5641344	0.52204265	0.095851497	0.017024349	0.0030482707	0.00056207501	0.00010739150	2.1288327e-05	4.1517071e-06	0.0000000	0.0000000	0.0000000	0.0000000	0.0000000	0.0000000	0.0000000	0.0000000	0.0000000
11.1290	0.0000000	0.0000000	0.0000000	0.0000000	0.0000000	0.0000000	0.0000000	0.0000000	0.0000000	0.0000000	0.0000000	0.0000000	0.0000000	0.0000000	0.0000000	0.0000000	0.0000000	0.0000000	0.0000000	0.0000000	0.0000000	0.0000000	0.0000000	0.0000000	0.0000000	0.0000000	0.0000000	0.0000000	0.0000000	0.0000000	0.0000000	0.0000000	0.0000000	0.0000000	0.0000000	0.0000000	0.0000000	0.0000000	0.0000000	0.0000000	3.4521344e-10	7.5099787e-08	7.7134439e-06	0.00040028175	0.010629230	0.14767483	1.1080003	4.7808423	13.455269	28.737914	51.603024	82.116085	118.70275	157.46384	191.98287	214.19576	216.39260	194.59441	152.03945	100.05014	53.401417	22.254381	7.0606227	1.7309693	0.35073935	0.064165347	0.011364969	0.0020310426	0.00037412317	7.1475014e-05	1.4181649e-05	2.7712977e-06	0.0000000	0.0000000	0.0000000	0.0000000	0.0000000	0.0000000	0.0000000	0.0000000	0.0000000
16.3360	0.0000000	0.0000000	0.0000000	0.0000000	0.0000000	0.0000000	0.0000000	0.0000000	0.0000000	0.0000000	0.0000000	0.0000000	0.0000000	0.0000000	0.0000000	0.0000000	0.0000000	0.0000000	0.0000000	0.0000000	0.0000000	0.0000000	0.0000000	0.0000000	0.0000000	0.0000000	0.0000000	0.0000000	0.0000000	0.0000000	0.0000000	0.0000000	0.0000000	0.0000000	0.0000000	0.0000000	0.0000000	0.0000000	0.0000000	0.0000000	4.9487676e-09	6.7236069e-07	4.5334239e-05	0.0016178647	0.031058516	0.32433083	1.8928534	6.5455082	15.141712	27.144253	41.650960	57.516793	73.108723	86.258118	94.462875	95.432866	87.865601	72.369116	51.978387	31.531550	15.548554	5.9968698	1.7640781	0.40186185	0.075855134	0.012966881	0.0021539423	0.00036240220	6.3086651e-05	1.1430492e-05	2.1576612e-06	4.0218389e-07	0.0000000	0.0000000	0.0000000	0.0000000	0.0000000	0.0000000	0.0000000	0.0000000	0.0000000
13.8900	0.0000000	0.0000000	0.0000000	0.0000000	0.0000000	0.0000000	0.0000000	0.0000000	0.0000000	0.0000000	0.0000000	0.0000000	0.0000000	0.0000000	0.0000000	0.0000000	0.0000000	0.0000000	0.0000000	0.0000000	0.0000000	0.0000000	0.0000000	0.0000000	0.0000000	0.0000000	0.0000000	0.0000000	0.0000000	0.0000000	0.0000000	0.0000000	0.0000000	0.0000000	0.0000000	0.0000000	0.0000000	0.0000000	0.0000000	0.0000000	1.6555399e-09	2.5841273e-07	1.9736059e-05	0.00078930919	0.016821160	0.19326856	1.2297948	4.5851687	11.275951	21.207584	33.771372	47.994719	62.439869	75.221818	84.122556	87.299841	83.156839	70.837385	52.573927	32.900841	16.710094	6.6302616	2.0051024	0.46937732	0.091029444	0.015988181	0.0027552032	0.00048731519	8.9583146e-05	1.7219817e-05	3.4646793e-06	6.9123564e-07	0.0000000	0.0000000	0.0000000	0.0000000	0.0000000	0.0000000	0.0000000	0.0000000	0.0000000
16.0040	0.0000000	0.0000000	0.0000000	0.0000000	0.0000000	0.0000000	0.0000000	0.0000000	0.0000000	0.0000000	0.0000000	0.0000000	0.0000000	0.0000000	0.0000000	0.0000000	0.0000000	0.0000000	0.0000000	0.0000000	0.0000000	0.0000000	0.0000000	0.0000000	0.0000000	0.0000000	0.0000000	0.0000000	0.0000000	0.0000000	0.0000000	0.0000000	0.0000000	0.0000000	0.0000000	0.0000000	0.0000000	0.0000000	0.0000000	0.0000000	3.0618726e-09	4.2931283e-07	2.9797600e-05	0.0010898563	0.021315740	0.22539205	1.3253075	4.6000598	10.657558	19.115668	29.325593	40.465774	51.380665	60.563279	66.314289	67.094410	62.005034	51.390960	37.236178	22.837827	11.405765	4.4618135	1.3330618	0.30890116	0.059410737	0.010366141	0.0017608586	0.00030357591	5.4262844e-05	1.0110619e-05	1.9635864e-06	3.7637064e-07	0.0000000	0.0000000	0.0000000	0.0000000	0.0000000	0.0000000	0.0000000	0.0000000	0.0000000
10.7700	0.0000000	0.0000000	0.0000000	0.0000000	0.0000000	0.0000000	0.0000000	0.0000000	0.0000000	0.0000000	0.0000000	0.0000000	0.0000000	0.0000000	0.0000000	0.0000000	0.0000000	0.0000000	0.0000000	0.0000000	0.0000000	0.0000000	0.0000000	0.0000000	0.0000000	0.0000000	0.0000000	0.0000000	0.0000000	0.0000000	0.0000000	0.0000000	0.0000000	0.0000000	0.0000000	0.0000000	0.0000000	0.0000000	0.0000000	0.0000000	1.5106264e-10	3.4008233e-08	3.6084869e-06	0.00019359055	0.0053574985	0.077634380	0.60770807	2.7336278	8.0023399	17.720575	32.897603	54.002106	80.402751	109.77270	137.73820	158.14575	164.35816	151.94416	121.84645	82.000336	44.515649	18.748971	5.9790747	1.4668718	0.29642948	0.053959496	0.0094965684	0.0016851889	0.00030823173	5.8515044e-05	1.1553107e-05	2.2498595e-06	0.0000000	0.0000000	0.0000000	0.0000000	0.0000000	0.0000000	0.0000000	0.0000000	0.0000000
10.6570	0.0000000	0.0000000	0.0000000	0.0000000	0.0000000	0.0000000	0.0000000	0.0000000	0.0000000	0.0000000	0.0000000	0.0000000	0.0000000	0.0000000	0.0000000	0.0000000	0.0000000	0.0000000	0.0000000	0.0000000	0.0000000	0.0000000	0.0000000	0.0000000	0.0000000	0.0000000	0.0000000	0.0000000	0.0000000	0.0000000	0.0000000	0.0000000	0.0000000	0.0000000	0.0000000	0.0000000	0.0000000	0.0000000	0.0000000	0.0000000	7.2567798e-11	1.6945914e-08	1.8654159e-06	0.00010388651	0.0029876339	0.045050095	0.36745524	1.7193355	5.1995661	11.796066	22.275191	36.964087	55.096585	75.108053	93.967185	107.22423	109.85188	99.689658	78.222807	51.453411	27.327691	11.285609	3.5368637	0.85465276	0.17050882	0.030723259	0.0053690874	0.00094934280	0.00017358912	3.3024114e-05	6.5434409e-06	1.2800726e-06	0.0000000	0.0000000	0.0000000	0.0000000	0.0000000	0.0000000	0.0000000	0.0000000	0.0000000
12.6800	0.0000000	0.0000000	0.0000000	0.0000000	0.0000000	0.0000000	0.0000000	0.0000000	0.0000000	0.0000000	0.0000000	0.0000000	0.0000000	0.0000000	0.0000000	0.0000000	0.0000000	0.0000000	0.0000000	0.0000000	0.0000000	0.0000000	0.0000000	0.0000000	0.0000000	0.0000000	0.0000000	0.0000000	0.0000000	0.0000000	0.0000000	0.0000000	0.0000000	0.0000000	0.0000000	0.0000000	0.0000000	0.0000000	0.0000000	0.0000000	5.2728507e-10	9.0163027e-08	7.4909643e-06	0.00032405506	0.0074286140	0.091171488	0.61340383	2.3836392	6.0400449	11.616617	18.817429	27.137294	35.859357	44.022113	50.304796	53.235157	51.562521	44.806404	33.898301	21.543763	11.029191	4.3704615	1.3093066	0.30148941	0.057145870	0.0097518938	0.0016088063	0.00026771139	4.7864575e-05	8.9248681e-06	1.7309901e-06	3.3109638e-07	0.0000000	0.0000000	0.0000000	0.0000000	0.0000000	0.0000000	0.0000000	0.0000000	0.0000000
11.0230	0.0000000	0.0000000	0.0000000	0.0000000	0.0000000	0.0000000	0.0000000	0.0000000	0.0000000	0.0000000	0.0000000	0.0000000	0.0000000	0.0000000	0.0000000	0.0000000	0.0000000	0.0000000	0.0000000	0.0000000	0.0000000	0.0000000	0.0000000	0.0000000	0.0000000	0.0000000	0.0000000	0.0000000	0.0000000	0.0000000	0.0000000	0.0000000	0.0000000	0.0000000	0.0000000	0.0000000	0.0000000	0.0000000	0.0000000	0.0000000	5.6714965e-11	1.2439322e-08	1.2968985e-06	6.8712718e-05	0.0018787172	0.026798283	0.20576079	0.90599208	2.5966059	5.6703953	10.489813	17.226281	25.729540	35.288920	44.476018	51.232051	53.356644	49.393167	39.670677	26.798390	14.662661	6.2519348	2.0247409	0.50539442	0.10399099	0.019275266	0.0034529376	0.00062318080	0.00011588362	2.2365784e-05	4.4892175e-06	8.8891944e-07	0.0000000	0.0000000	0.0000000	0.0000000	0.0000000	0.0000000	0.0000000	0.0000000	0.0000000
10.1150	0.0000000	0.0000000	0.0000000	0.0000000	0.0000000	0.0000000	0.0000000	0.0000000	0.0000000	0.0000000	0.0000000	0.0000000	0.0000000	0.0000000	0.0000000	0.0000000	0.0000000	0.0000000	0.0000000	0.0000000	0.0000000	0.0000000	0.0000000	0.0000000	0.0000000	0.0000000	0.0000000	0.0000000	0.0000000	0.0000000	0.0000000	0.0000000	0.0000000	0.0000000	0.0000000	0.0000000	0.0000000	0.0000000	0.0000000	0.0000000	8.3907009e-12	2.0866310e-09	2.4209707e-07	1.4075379e-05	0.00041880578	0.0064793995	0.053813360	0.25538523	0.78462135	1.8135568	3.4951687	5.9277769	9.0811031	12.712330	16.307661	19.097522	20.196109	18.953350	15.401573	10.501984	5.7875480	2.4843800	0.81132081	0.20488980	0.042853600	0.0081186990	0.0014923145	0.00027646000	5.2650840e-05	1.0370667e-05	2.1154030e-06	4.2374097e-07	0.0000000	0.0000000	0.0000000	0.0000000	0.0000000	0.0000000	0.0000000	0.0000000	0.0000000
