# DO NOT EDIT: written Thu Mar 14 18:48:37 2019 by wrt_emiss_fe17.pro
# faked emissivities [1e-23 ergs cm^3/s] for Fe17 lines from Del Zanna 2011, A&A 536, A59
# emissivities include ion balance, but not abundance, and are spline and ion balance jittered off of emiss_Fe17_00000.txt
# line 6 -- SEED, LOGT
# lines 7+ -- WVL, EMISSIVITY
       64067	4.00	4.05	4.10	4.15	4.20	4.25	4.30	4.35	4.40	4.45	4.50	4.55	4.60	4.65	4.70	4.75	4.80	4.85	4.90	4.95	5.00	5.05	5.10	5.15	5.20	5.25	5.30	5.35	5.40	5.45	5.50	5.55	5.60	5.65	5.70	5.75	5.80	5.85	5.90	5.95	6.00	6.05	6.10	6.15	6.20	6.25	6.30	6.35	6.40	6.45	6.50	6.55	6.60	6.65	6.70	6.75	6.80	6.85	6.90	6.95	7.00	7.05	7.10	7.15	7.20	7.25	7.30	7.35	7.40	7.45	7.50	7.55	7.60	7.65	7.70	7.75	7.80	7.85	7.90	7.95	8.00
15.0130	0.0000000	0.0000000	0.0000000	0.0000000	0.0000000	0.0000000	0.0000000	0.0000000	0.0000000	0.0000000	0.0000000	0.0000000	0.0000000	0.0000000	0.0000000	0.0000000	0.0000000	0.0000000	0.0000000	0.0000000	0.0000000	0.0000000	0.0000000	0.0000000	0.0000000	0.0000000	0.0000000	0.0000000	0.0000000	0.0000000	0.0000000	0.0000000	0.0000000	0.0000000	0.0000000	0.0000000	0.0000000	0.0000000	0.0000000	0.0000000	0.0000000	1.3033492e-06	0.00016044464	0.010014864	0.32128616	5.3255759	44.032076	189.66624	502.66247	989.62215	1633.2186	2402.0819	3239.1276	4051.4265	4709.5807	5065.9386	4989.4105	4423.5472	3446.2683	2287.4917	1245.9858	536.28578	177.74515	45.717508	9.6057691	1.7795233	0.31242950	0.054659489	0.0098040686	0.0018236379	0.00035293441	7.0904419e-05	4.0906584e-06	0.0000000	0.0000000	0.0000000	0.0000000	0.0000000	0.0000000	0.0000000	0.0000000
17.0510	0.0000000	0.0000000	0.0000000	0.0000000	0.0000000	0.0000000	0.0000000	0.0000000	0.0000000	0.0000000	0.0000000	0.0000000	0.0000000	0.0000000	0.0000000	0.0000000	0.0000000	0.0000000	0.0000000	0.0000000	0.0000000	0.0000000	0.0000000	0.0000000	0.0000000	0.0000000	0.0000000	0.0000000	0.0000000	0.0000000	0.0000000	0.0000000	0.0000000	0.0000000	0.0000000	0.0000000	0.0000000	0.0000000	0.0000000	0.0000000	0.0000000	3.3559703e-06	0.00037730975	0.021773802	0.64765413	9.8423709	75.004278	299.22060	737.85290	1357.6052	2102.3258	2911.0765	3705.8687	4385.5531	4831.8485	4933.4421	4618.3960	3896.2316	2890.4515	1827.6926	948.70057	389.26382	123.06068	30.225117	6.0136160	1.0271686	0.16566116	0.026521434	0.0043423336	0.00073678857	0.00013181992	2.5663808e-05	1.4358776e-06	0.0000000	0.0000000	0.0000000	0.0000000	0.0000000	0.0000000	0.0000000	0.0000000
17.0960	0.0000000	0.0000000	0.0000000	0.0000000	0.0000000	0.0000000	0.0000000	0.0000000	0.0000000	0.0000000	0.0000000	0.0000000	0.0000000	0.0000000	0.0000000	0.0000000	0.0000000	0.0000000	0.0000000	0.0000000	0.0000000	0.0000000	0.0000000	0.0000000	0.0000000	0.0000000	0.0000000	0.0000000	0.0000000	0.0000000	0.0000000	0.0000000	0.0000000	0.0000000	0.0000000	0.0000000	0.0000000	0.0000000	0.0000000	0.0000000	0.0000000	2.5915617e-06	0.00027499696	0.015414763	0.45384460	6.8396273	51.726694	204.67507	499.84391	908.89921	1387.8062	1890.9418	2364.1924	2742.9769	2958.4833	2953.1635	2699.3351	2220.8698	1604.7742	986.99170	497.50732	197.87722	60.533655	14.365441	2.7861140	0.47697789	0.077528003	0.012585080	0.0020996871	0.00036422797	6.5893207e-05	1.2398803e-05	6.7110664e-07	0.0000000	0.0000000	0.0000000	0.0000000	0.0000000	0.0000000	0.0000000	0.0000000
16.7760	0.0000000	0.0000000	0.0000000	0.0000000	0.0000000	0.0000000	0.0000000	0.0000000	0.0000000	0.0000000	0.0000000	0.0000000	0.0000000	0.0000000	0.0000000	0.0000000	0.0000000	0.0000000	0.0000000	0.0000000	0.0000000	0.0000000	0.0000000	0.0000000	0.0000000	0.0000000	0.0000000	0.0000000	0.0000000	0.0000000	0.0000000	0.0000000	0.0000000	0.0000000	0.0000000	0.0000000	0.0000000	0.0000000	0.0000000	0.0000000	0.0000000	2.0998439e-06	0.00023535651	0.013509601	0.39998513	6.0635488	46.224824	185.08477	459.64916	854.47324	1340.9006	1886.7849	2445.9849	2954.6926	3333.8206	3499.6996	3382.8790	2957.6547	2280.1799	1467.2114	764.29114	314.76547	99.882607	24.622154	4.9654359	0.88444212	0.14958790	0.025260839	0.0043819253	0.00078969613	0.00014827425	2.8922055e-05	1.6206705e-06	0.0000000	0.0000000	0.0000000	0.0000000	0.0000000	0.0000000	0.0000000	0.0000000
15.2620	0.0000000	0.0000000	0.0000000	0.0000000	0.0000000	0.0000000	0.0000000	0.0000000	0.0000000	0.0000000	0.0000000	0.0000000	0.0000000	0.0000000	0.0000000	0.0000000	0.0000000	0.0000000	0.0000000	0.0000000	0.0000000	0.0000000	0.0000000	0.0000000	0.0000000	0.0000000	0.0000000	0.0000000	0.0000000	0.0000000	0.0000000	0.0000000	0.0000000	0.0000000	0.0000000	0.0000000	0.0000000	0.0000000	0.0000000	0.0000000	0.0000000	4.7800357e-07	5.9232060e-05	0.0037340357	0.12055179	1.9774475	16.185445	69.064266	181.53608	355.02376	583.01211	854.83179	1151.1075	1439.7440	1675.3881	1805.4938	1782.4688	1584.5664	1237.8746	823.73117	449.61638	193.79028	64.259269	16.517030	3.4636046	0.63943730	0.11168683	0.019401254	0.0034476689	0.00063375023	0.00012086116	2.3846218e-05	1.3458268e-06	0.0000000	0.0000000	0.0000000	0.0000000	0.0000000	0.0000000	0.0000000	0.0000000
12.1240	0.0000000	0.0000000	0.0000000	0.0000000	0.0000000	0.0000000	0.0000000	0.0000000	0.0000000	0.0000000	0.0000000	0.0000000	0.0000000	0.0000000	0.0000000	0.0000000	0.0000000	0.0000000	0.0000000	0.0000000	0.0000000	0.0000000	0.0000000	0.0000000	0.0000000	0.0000000	0.0000000	0.0000000	0.0000000	0.0000000	0.0000000	0.0000000	0.0000000	0.0000000	0.0000000	0.0000000	0.0000000	0.0000000	0.0000000	0.0000000	0.0000000	4.2766569e-08	6.7041795e-06	0.00051917106	0.020037587	0.38321235	3.5731036	16.995839	48.840509	102.65437	178.52487	273.77026	381.75964	490.92020	585.06771	653.90397	669.90234	614.85475	493.81216	344.76337	200.44592	92.275438	32.601838	8.8728812	1.9550483	0.37676431	0.068316055	0.012232059	0.0022094998	0.00041337674	8.0355311e-05	1.6188051e-05	9.3516699e-07	0.0000000	0.0000000	0.0000000	0.0000000	0.0000000	0.0000000	0.0000000	0.0000000
12.2640	0.0000000	0.0000000	0.0000000	0.0000000	0.0000000	0.0000000	0.0000000	0.0000000	0.0000000	0.0000000	0.0000000	0.0000000	0.0000000	0.0000000	0.0000000	0.0000000	0.0000000	0.0000000	0.0000000	0.0000000	0.0000000	0.0000000	0.0000000	0.0000000	0.0000000	0.0000000	0.0000000	0.0000000	0.0000000	0.0000000	0.0000000	0.0000000	0.0000000	0.0000000	0.0000000	0.0000000	0.0000000	0.0000000	0.0000000	0.0000000	0.0000000	4.1655695e-08	6.4493388e-06	0.00049566391	0.019082687	0.36592019	3.4381482	16.555555	48.314842	103.31329	182.88225	285.21715	403.51645	524.41726	628.19858	691.59609	693.37941	623.25849	490.99199	329.22469	181.30228	79.092104	26.657174	6.9947457	1.5033613	0.28536458	0.051368933	0.0092121138	0.0016919564	0.00032168929	6.3463560e-05	1.2949229e-05	7.5566315e-07	0.0000000	0.0000000	0.0000000	0.0000000	0.0000000	0.0000000	0.0000000	0.0000000
13.8250	0.0000000	0.0000000	0.0000000	0.0000000	0.0000000	0.0000000	0.0000000	0.0000000	0.0000000	0.0000000	0.0000000	0.0000000	0.0000000	0.0000000	0.0000000	0.0000000	0.0000000	0.0000000	0.0000000	0.0000000	0.0000000	0.0000000	0.0000000	0.0000000	0.0000000	0.0000000	0.0000000	0.0000000	0.0000000	0.0000000	0.0000000	0.0000000	0.0000000	0.0000000	0.0000000	0.0000000	0.0000000	0.0000000	0.0000000	0.0000000	0.0000000	5.0776851e-08	6.7903852e-06	0.00046190329	0.016107902	0.28571654	2.5281255	11.624700	32.704892	67.944795	117.73731	181.11003	254.73866	331.86932	401.53581	449.05131	458.97636	421.12802	338.29951	230.58022	128.49177	56.404751	19.021671	4.9708949	1.0605312	0.19948890	0.035567230	0.0063199675	0.0011513825	0.00021748244	4.2709233e-05	8.6942514e-06	5.0729686e-07	0.0000000	0.0000000	0.0000000	0.0000000	0.0000000	0.0000000	0.0000000	0.0000000
15.4530	0.0000000	0.0000000	0.0000000	0.0000000	0.0000000	0.0000000	0.0000000	0.0000000	0.0000000	0.0000000	0.0000000	0.0000000	0.0000000	0.0000000	0.0000000	0.0000000	0.0000000	0.0000000	0.0000000	0.0000000	0.0000000	0.0000000	0.0000000	0.0000000	0.0000000	0.0000000	0.0000000	0.0000000	0.0000000	0.0000000	0.0000000	0.0000000	0.0000000	0.0000000	0.0000000	0.0000000	0.0000000	0.0000000	0.0000000	0.0000000	0.0000000	1.7107079e-07	2.0561387e-05	0.0012557210	0.039218214	0.62136261	4.9036293	20.126590	50.728174	94.788911	148.17627	206.03184	262.14241	308.67619	336.98530	339.61319	312.68760	258.63703	187.63233	115.77421	58.544424	23.372906	7.1830264	1.7140947	0.33461831	0.057715745	0.0094586407	0.0015491343	0.00026092785	4.5719575e-05	8.3578419e-06	1.5894150e-06	8.6945911e-08	0.0000000	0.0000000	0.0000000	0.0000000	0.0000000	0.0000000	0.0000000	0.0000000
11.2500	0.0000000	0.0000000	0.0000000	0.0000000	0.0000000	0.0000000	0.0000000	0.0000000	0.0000000	0.0000000	0.0000000	0.0000000	0.0000000	0.0000000	0.0000000	0.0000000	0.0000000	0.0000000	0.0000000	0.0000000	0.0000000	0.0000000	0.0000000	0.0000000	0.0000000	0.0000000	0.0000000	0.0000000	0.0000000	0.0000000	0.0000000	0.0000000	0.0000000	0.0000000	0.0000000	0.0000000	0.0000000	0.0000000	0.0000000	0.0000000	0.0000000	7.7229933e-09	1.3431641e-06	0.00011504076	0.0049055094	0.10373144	1.0717221	5.6632434	18.115245	41.030628	76.258258	124.67444	184.68477	251.01773	313.94271	360.12456	375.28654	349.59822	284.38329	195.98474	110.27646	48.808954	16.569733	4.3517510	0.93142572	0.17541690	0.031247667	0.0055361846	0.0010038292	0.00018844207	3.6739033e-05	7.4199317e-06	4.2945739e-07	0.0000000	0.0000000	0.0000000	0.0000000	0.0000000	0.0000000	0.0000000	0.0000000
11.1290	0.0000000	0.0000000	0.0000000	0.0000000	0.0000000	0.0000000	0.0000000	0.0000000	0.0000000	0.0000000	0.0000000	0.0000000	0.0000000	0.0000000	0.0000000	0.0000000	0.0000000	0.0000000	0.0000000	0.0000000	0.0000000	0.0000000	0.0000000	0.0000000	0.0000000	0.0000000	0.0000000	0.0000000	0.0000000	0.0000000	0.0000000	0.0000000	0.0000000	0.0000000	0.0000000	0.0000000	0.0000000	0.0000000	0.0000000	0.0000000	0.0000000	4.7015735e-09	8.1440657e-07	6.9109944e-05	0.0029041962	0.060191898	0.60632051	3.1099819	9.6218704	21.733412	40.522304	66.417125	98.584126	134.21347	168.08864	193.02801	201.32515	187.65634	152.70328	105.24817	59.217577	26.206167	8.8949647	2.3357759	0.49990505	0.096334661	0.017563014	0.0031796514	0.00058814481	0.00011242923	2.2278236e-05	4.5638544e-06	2.6736212e-07	0.0000000	0.0000000	0.0000000	0.0000000	0.0000000	0.0000000	0.0000000	0.0000000
16.3360	0.0000000	0.0000000	0.0000000	0.0000000	0.0000000	0.0000000	0.0000000	0.0000000	0.0000000	0.0000000	0.0000000	0.0000000	0.0000000	0.0000000	0.0000000	0.0000000	0.0000000	0.0000000	0.0000000	0.0000000	0.0000000	0.0000000	0.0000000	0.0000000	0.0000000	0.0000000	0.0000000	0.0000000	0.0000000	0.0000000	0.0000000	0.0000000	0.0000000	0.0000000	0.0000000	0.0000000	0.0000000	0.0000000	0.0000000	0.0000000	0.0000000	6.1510563e-08	7.0153077e-06	0.00040892987	0.012270282	0.18806038	1.4447358	5.8065408	14.411998	26.652833	41.441770	57.572878	73.475945	87.114142	96.104667	98.185628	91.888513	77.408341	57.259292	36.054145	18.618335	7.5944643	2.3853663	0.58186372	0.11610996	0.020466147	0.0034264118	0.00057300777	9.8485494e-05	1.7594563e-05	3.2761751e-06	6.3389550e-07	3.5237217e-08	0.0000000	0.0000000	0.0000000	0.0000000	0.0000000	0.0000000	0.0000000	0.0000000
13.8900	0.0000000	0.0000000	0.0000000	0.0000000	0.0000000	0.0000000	0.0000000	0.0000000	0.0000000	0.0000000	0.0000000	0.0000000	0.0000000	0.0000000	0.0000000	0.0000000	0.0000000	0.0000000	0.0000000	0.0000000	0.0000000	0.0000000	0.0000000	0.0000000	0.0000000	0.0000000	0.0000000	0.0000000	0.0000000	0.0000000	0.0000000	0.0000000	0.0000000	0.0000000	0.0000000	0.0000000	0.0000000	0.0000000	0.0000000	0.0000000	0.0000000	1.8750538e-08	2.4274727e-06	0.00015959547	0.0053740878	0.091998464	0.79288291	3.7023617	10.484192	21.711211	37.137629	55.856505	76.131968	95.430879	110.52859	117.85731	114.50597	99.639416	75.768650	48.803410	25.666180	10.623571	3.3766674	0.83179304	0.16738538	0.029731188	0.0050141278	0.00084479653	0.00014638294	2.6398235e-05	4.9716424e-06	9.7562887e-07	5.5199724e-08	0.0000000	0.0000000	0.0000000	0.0000000	0.0000000	0.0000000	0.0000000	0.0000000
16.0040	0.0000000	0.0000000	0.0000000	0.0000000	0.0000000	0.0000000	0.0000000	0.0000000	0.0000000	0.0000000	0.0000000	0.0000000	0.0000000	0.0000000	0.0000000	0.0000000	0.0000000	0.0000000	0.0000000	0.0000000	0.0000000	0.0000000	0.0000000	0.0000000	0.0000000	0.0000000	0.0000000	0.0000000	0.0000000	0.0000000	0.0000000	0.0000000	0.0000000	0.0000000	0.0000000	0.0000000	0.0000000	0.0000000	0.0000000	0.0000000	0.0000000	3.9025555e-08	4.6215190e-06	0.00027948371	0.0086784150	0.13721474	1.0844733	4.4735056	11.371611	21.488121	34.026458	47.960821	61.855286	73.812973	81.650885	83.357325	77.757378	65.219795	48.048697	30.171712	15.569403	6.3648309	2.0112186	0.49524464	0.10000280	0.017861683	0.0030313388	0.00051362778	8.9372027e-05	1.6153103e-05	3.0410453e-06	5.9455584e-07	3.3377321e-08	0.0000000	0.0000000	0.0000000	0.0000000	0.0000000	0.0000000	0.0000000	0.0000000
10.7700	0.0000000	0.0000000	0.0000000	0.0000000	0.0000000	0.0000000	0.0000000	0.0000000	0.0000000	0.0000000	0.0000000	0.0000000	0.0000000	0.0000000	0.0000000	0.0000000	0.0000000	0.0000000	0.0000000	0.0000000	0.0000000	0.0000000	0.0000000	0.0000000	0.0000000	0.0000000	0.0000000	0.0000000	0.0000000	0.0000000	0.0000000	0.0000000	0.0000000	0.0000000	0.0000000	0.0000000	0.0000000	0.0000000	0.0000000	0.0000000	0.0000000	2.9122327e-09	5.3176389e-07	4.7504396e-05	0.0020976130	0.045556421	0.47891810	2.5497882	8.1349065	18.815773	35.701337	59.236628	88.640567	121.29294	152.38841	175.28109	182.84507	170.22525	138.17579	94.891047	53.152991	23.408233	7.9068027	2.0670938	0.44080841	0.082832655	0.014748154	0.0026169994	0.00047636420	8.9986878e-05	1.7687039e-05	3.6057718e-06	2.1079225e-07	0.0000000	0.0000000	0.0000000	0.0000000	0.0000000	0.0000000	0.0000000	0.0000000
10.6570	0.0000000	0.0000000	0.0000000	0.0000000	0.0000000	0.0000000	0.0000000	0.0000000	0.0000000	0.0000000	0.0000000	0.0000000	0.0000000	0.0000000	0.0000000	0.0000000	0.0000000	0.0000000	0.0000000	0.0000000	0.0000000	0.0000000	0.0000000	0.0000000	0.0000000	0.0000000	0.0000000	0.0000000	0.0000000	0.0000000	0.0000000	0.0000000	0.0000000	0.0000000	0.0000000	0.0000000	0.0000000	0.0000000	0.0000000	0.0000000	0.0000000	1.5523443e-09	2.7904819e-07	2.4644660e-05	0.0010788915	0.023252590	0.24264172	1.2838410	4.0783074	9.4140407	17.866881	29.716733	44.658391	61.459376	77.730405	90.063785	94.672437	88.826380	72.665929	50.289723	28.380373	12.584999	4.2768581	1.1237145	0.24051633	0.045299742	0.0080749698	0.0014331330	0.00026065567	4.9155846e-05	9.6431383e-06	1.9629382e-06	1.1468925e-07	0.0000000	0.0000000	0.0000000	0.0000000	0.0000000	0.0000000	0.0000000	0.0000000
12.6800	0.0000000	0.0000000	0.0000000	0.0000000	0.0000000	0.0000000	0.0000000	0.0000000	0.0000000	0.0000000	0.0000000	0.0000000	0.0000000	0.0000000	0.0000000	0.0000000	0.0000000	0.0000000	0.0000000	0.0000000	0.0000000	0.0000000	0.0000000	0.0000000	0.0000000	0.0000000	0.0000000	0.0000000	0.0000000	0.0000000	0.0000000	0.0000000	0.0000000	0.0000000	0.0000000	0.0000000	0.0000000	0.0000000	0.0000000	0.0000000	0.0000000	8.3949661e-09	1.1737349e-06	8.2804959e-05	0.0029701744	0.053096739	0.46719348	2.0993871	5.6829828	11.222481	18.312065	26.371459	34.679216	42.345123	48.189827	50.898132	49.325095	43.057238	33.010166	21.556013	11.553613	4.8960846	1.5995237	0.40627850	0.084477039	0.015517610	0.0027059475	0.00047083577	8.4079570e-05	1.5580505e-05	3.0039462e-06	6.0083379e-07	3.4482108e-08	0.0000000	0.0000000	0.0000000	0.0000000	0.0000000	0.0000000	0.0000000	0.0000000
11.0230	0.0000000	0.0000000	0.0000000	0.0000000	0.0000000	0.0000000	0.0000000	0.0000000	0.0000000	0.0000000	0.0000000	0.0000000	0.0000000	0.0000000	0.0000000	0.0000000	0.0000000	0.0000000	0.0000000	0.0000000	0.0000000	0.0000000	0.0000000	0.0000000	0.0000000	0.0000000	0.0000000	0.0000000	0.0000000	0.0000000	0.0000000	0.0000000	0.0000000	0.0000000	0.0000000	0.0000000	0.0000000	0.0000000	0.0000000	0.0000000	0.0000000	1.2790732e-09	2.2704475e-07	1.9808718e-05	0.00085497991	0.018108054	0.18538097	0.96167871	2.9978271	6.8096679	12.774992	21.094657	31.578296	43.389297	54.853444	63.548583	66.828752	62.796571	51.524683	35.828806	20.357646	9.1036262	3.1222371	0.82792184	0.17874327	0.033925248	0.0060867487	0.0010859274	0.00019848071	3.7643061e-05	7.4372556e-06	1.5275449e-06	9.0238828e-08	0.0000000	0.0000000	0.0000000	0.0000000	0.0000000	0.0000000	0.0000000	0.0000000
10.1150	0.0000000	0.0000000	0.0000000	0.0000000	0.0000000	0.0000000	0.0000000	0.0000000	0.0000000	0.0000000	0.0000000	0.0000000	0.0000000	0.0000000	0.0000000	0.0000000	0.0000000	0.0000000	0.0000000	0.0000000	0.0000000	0.0000000	0.0000000	0.0000000	0.0000000	0.0000000	0.0000000	0.0000000	0.0000000	0.0000000	0.0000000	0.0000000	0.0000000	0.0000000	0.0000000	0.0000000	0.0000000	0.0000000	0.0000000	0.0000000	0.0000000	1.6209952e-10	3.2116259e-08	3.0898219e-06	0.00014614051	0.0033869715	0.037645580	0.20724479	0.67663217	1.5989296	3.0941861	5.2300255	7.9681134	11.101594	14.210719	16.803917	18.240679	17.662340	14.895696	10.610939	6.1533570	2.8014079	0.97720764	0.26361478	0.057959964	0.011219219	0.0020550261	0.00037436930	6.9767642e-05	1.3451586e-05	2.6911842e-06	5.5719325e-07	3.3022943e-08	0.0000000	0.0000000	0.0000000	0.0000000	0.0000000	0.0000000	0.0000000	0.0000000
