# DO NOT EDIT: written Thu Mar 14 18:48:37 2019 by wrt_emiss_fe17.pro
# faked emissivities [1e-23 ergs cm^3/s] for Fe17 lines from Del Zanna 2011, A&A 536, A59
# emissivities include ion balance, but not abundance, and are spline and ion balance jittered off of emiss_Fe17_00000.txt
# line 6 -- SEED, LOGT
# lines 7+ -- WVL, EMISSIVITY
      426810	4.00	4.05	4.10	4.15	4.20	4.25	4.30	4.35	4.40	4.45	4.50	4.55	4.60	4.65	4.70	4.75	4.80	4.85	4.90	4.95	5.00	5.05	5.10	5.15	5.20	5.25	5.30	5.35	5.40	5.45	5.50	5.55	5.60	5.65	5.70	5.75	5.80	5.85	5.90	5.95	6.00	6.05	6.10	6.15	6.20	6.25	6.30	6.35	6.40	6.45	6.50	6.55	6.60	6.65	6.70	6.75	6.80	6.85	6.90	6.95	7.00	7.05	7.10	7.15	7.20	7.25	7.30	7.35	7.40	7.45	7.50	7.55	7.60	7.65	7.70	7.75	7.80	7.85	7.90	7.95	8.00
15.0130	0.0000000	0.0000000	0.0000000	0.0000000	0.0000000	0.0000000	0.0000000	0.0000000	0.0000000	0.0000000	0.0000000	0.0000000	0.0000000	0.0000000	0.0000000	0.0000000	0.0000000	0.0000000	0.0000000	0.0000000	0.0000000	0.0000000	0.0000000	0.0000000	0.0000000	0.0000000	0.0000000	0.0000000	0.0000000	0.0000000	0.0000000	0.0000000	0.0000000	0.0000000	0.0000000	0.0000000	0.0000000	0.0000000	0.0000000	0.0000000	6.0252213e-08	1.0054232e-05	0.00080465606	0.034484605	0.80507727	10.287418	72.022131	285.62977	726.58917	1389.3506	2255.2530	3281.6898	4388.1323	5444.2109	6271.9961	6674.0660	6484.6368	5650.2748	4305.0514	2776.9719	1457.8771	598.46467	187.00654	45.101586	8.9815968	1.5930346	0.26821595	0.045459502	0.0079524397	0.0014506169	0.00027718354	5.3922640e-05	0.0000000	0.0000000	0.0000000	0.0000000	0.0000000	0.0000000	0.0000000	0.0000000	0.0000000
17.0510	0.0000000	0.0000000	0.0000000	0.0000000	0.0000000	0.0000000	0.0000000	0.0000000	0.0000000	0.0000000	0.0000000	0.0000000	0.0000000	0.0000000	0.0000000	0.0000000	0.0000000	0.0000000	0.0000000	0.0000000	0.0000000	0.0000000	0.0000000	0.0000000	0.0000000	0.0000000	0.0000000	0.0000000	0.0000000	0.0000000	0.0000000	0.0000000	0.0000000	0.0000000	0.0000000	0.0000000	0.0000000	0.0000000	0.0000000	0.0000000	1.5062315e-07	2.1720899e-05	0.0015215270	0.057738384	1.2045896	13.859391	87.927152	317.89811	745.39934	1336.1947	2041.2889	2804.5472	3549.9856	4177.8654	4572.8150	4629.0197	4283.5868	3557.9240	2585.3148	1590.6765	796.57108	311.92915	92.999279	21.416402	4.0773032	0.70188120	0.11727328	0.019826627	0.0034651795	0.00062988896	0.00011922458	2.2820396e-05	0.0000000	0.0000000	0.0000000	0.0000000	0.0000000	0.0000000	0.0000000	0.0000000	0.0000000
17.0960	0.0000000	0.0000000	0.0000000	0.0000000	0.0000000	0.0000000	0.0000000	0.0000000	0.0000000	0.0000000	0.0000000	0.0000000	0.0000000	0.0000000	0.0000000	0.0000000	0.0000000	0.0000000	0.0000000	0.0000000	0.0000000	0.0000000	0.0000000	0.0000000	0.0000000	0.0000000	0.0000000	0.0000000	0.0000000	0.0000000	0.0000000	0.0000000	0.0000000	0.0000000	0.0000000	0.0000000	0.0000000	0.0000000	0.0000000	0.0000000	1.3929979e-07	2.0127212e-05	0.0014132771	0.053790348	1.1261091	12.986007	82.383467	296.87794	691.17231	1225.1285	1843.2331	2485.2010	3077.3212	3532.9163	3763.4775	3700.6365	3320.8074	2671.0112	1877.1217	1115.6930	539.08226	203.45062	58.405890	12.942109	2.3699959	0.39242632	0.063100023	0.010275443	0.0017317598	0.00030395500	5.5634839e-05	1.0314815e-05	0.0000000	0.0000000	0.0000000	0.0000000	0.0000000	0.0000000	0.0000000	0.0000000	0.0000000
16.7760	0.0000000	0.0000000	0.0000000	0.0000000	0.0000000	0.0000000	0.0000000	0.0000000	0.0000000	0.0000000	0.0000000	0.0000000	0.0000000	0.0000000	0.0000000	0.0000000	0.0000000	0.0000000	0.0000000	0.0000000	0.0000000	0.0000000	0.0000000	0.0000000	0.0000000	0.0000000	0.0000000	0.0000000	0.0000000	0.0000000	0.0000000	0.0000000	0.0000000	0.0000000	0.0000000	0.0000000	0.0000000	0.0000000	0.0000000	0.0000000	8.9757560e-08	1.2973899e-05	0.00090757927	0.034338184	0.71492666	8.2244975	52.284157	189.82215	447.75855	808.35192	1244.2201	1721.8706	2192.4275	2591.5761	2846.3765	2889.7416	2681.2338	2233.3009	1628.2923	1005.9960	506.26836	199.37812	59.820310	13.871091	2.6604838	0.46166363	0.077807344	0.013278433	0.0023443801	0.00043082988	8.2508063e-05	1.5992482e-05	0.0000000	0.0000000	0.0000000	0.0000000	0.0000000	0.0000000	0.0000000	0.0000000	0.0000000
15.2620	0.0000000	0.0000000	0.0000000	0.0000000	0.0000000	0.0000000	0.0000000	0.0000000	0.0000000	0.0000000	0.0000000	0.0000000	0.0000000	0.0000000	0.0000000	0.0000000	0.0000000	0.0000000	0.0000000	0.0000000	0.0000000	0.0000000	0.0000000	0.0000000	0.0000000	0.0000000	0.0000000	0.0000000	0.0000000	0.0000000	0.0000000	0.0000000	0.0000000	0.0000000	0.0000000	0.0000000	0.0000000	0.0000000	0.0000000	0.0000000	1.8463960e-08	2.9539553e-06	0.00022671239	0.0093356008	0.21003577	2.5948538	17.631130	68.175077	170.71306	326.28040	530.70159	775.56502	1043.3488	1303.7655	1513.6153	1623.0723	1588.3207	1392.6299	1066.7320	691.14135	364.12507	149.87407	46.916430	11.326087	2.2559620	0.40540957	0.070552178	0.012395706	0.0022465696	0.00042261503	8.2652577e-05	1.6329826e-05	0.0000000	0.0000000	0.0000000	0.0000000	0.0000000	0.0000000	0.0000000	0.0000000	0.0000000
12.1240	0.0000000	0.0000000	0.0000000	0.0000000	0.0000000	0.0000000	0.0000000	0.0000000	0.0000000	0.0000000	0.0000000	0.0000000	0.0000000	0.0000000	0.0000000	0.0000000	0.0000000	0.0000000	0.0000000	0.0000000	0.0000000	0.0000000	0.0000000	0.0000000	0.0000000	0.0000000	0.0000000	0.0000000	0.0000000	0.0000000	0.0000000	0.0000000	0.0000000	0.0000000	0.0000000	0.0000000	0.0000000	0.0000000	0.0000000	0.0000000	1.4853072e-09	3.1063660e-07	3.0252662e-05	0.0015391221	0.040602162	0.56665957	4.2385793	17.760951	48.043157	99.777944	176.94325	281.32646	408.61660	545.12244	668.78556	751.49618	765.41127	694.66544	548.19893	364.41052	196.25127	82.302497	26.179360	6.4094840	1.2929707	0.23505185	0.041340217	0.0073348480	0.0013417270	0.00025464866	5.0210373e-05	9.9908984e-06	0.0000000	0.0000000	0.0000000	0.0000000	0.0000000	0.0000000	0.0000000	0.0000000	0.0000000
12.2640	0.0000000	0.0000000	0.0000000	0.0000000	0.0000000	0.0000000	0.0000000	0.0000000	0.0000000	0.0000000	0.0000000	0.0000000	0.0000000	0.0000000	0.0000000	0.0000000	0.0000000	0.0000000	0.0000000	0.0000000	0.0000000	0.0000000	0.0000000	0.0000000	0.0000000	0.0000000	0.0000000	0.0000000	0.0000000	0.0000000	0.0000000	0.0000000	0.0000000	0.0000000	0.0000000	0.0000000	0.0000000	0.0000000	0.0000000	0.0000000	1.3206587e-09	2.7269219e-07	2.6239580e-05	0.0013199682	0.035417542	0.51024510	3.9570655	17.111243	47.044090	97.124378	168.19346	258.37723	361.40254	465.26620	552.21751	601.50788	594.82963	524.79978	403.75232	266.75335	142.94216	59.717623	18.945599	4.6316320	0.93386041	0.16978985	0.029875444	0.0053033126	0.00097040115	0.00018417264	3.6305823e-05	7.2218924e-06	0.0000000	0.0000000	0.0000000	0.0000000	0.0000000	0.0000000	0.0000000	0.0000000	0.0000000
13.8250	0.0000000	0.0000000	0.0000000	0.0000000	0.0000000	0.0000000	0.0000000	0.0000000	0.0000000	0.0000000	0.0000000	0.0000000	0.0000000	0.0000000	0.0000000	0.0000000	0.0000000	0.0000000	0.0000000	0.0000000	0.0000000	0.0000000	0.0000000	0.0000000	0.0000000	0.0000000	0.0000000	0.0000000	0.0000000	0.0000000	0.0000000	0.0000000	0.0000000	0.0000000	0.0000000	0.0000000	0.0000000	0.0000000	0.0000000	0.0000000	2.6037877e-09	4.5258716e-07	3.7613525e-05	0.0016754750	0.040755339	0.54366108	3.9745395	16.426000	43.559463	87.375529	148.02293	223.93406	310.55913	399.24683	476.53935	525.07133	527.56859	474.27294	371.61687	245.59468	131.65697	55.034561	17.475491	4.2778297	0.86433762	0.15770085	0.027891090	0.0049847923	0.00091970103	0.00017621097	3.5096285e-05	7.0566487e-06	0.0000000	0.0000000	0.0000000	0.0000000	0.0000000	0.0000000	0.0000000	0.0000000	0.0000000
15.4530	0.0000000	0.0000000	0.0000000	0.0000000	0.0000000	0.0000000	0.0000000	0.0000000	0.0000000	0.0000000	0.0000000	0.0000000	0.0000000	0.0000000	0.0000000	0.0000000	0.0000000	0.0000000	0.0000000	0.0000000	0.0000000	0.0000000	0.0000000	0.0000000	0.0000000	0.0000000	0.0000000	0.0000000	0.0000000	0.0000000	0.0000000	0.0000000	0.0000000	0.0000000	0.0000000	0.0000000	0.0000000	0.0000000	0.0000000	0.0000000	6.5238805e-09	1.0191583e-06	7.6386630e-05	0.0030697406	0.067276341	0.80720709	5.3038943	19.728346	47.274343	86.040547	132.64584	182.93348	231.33953	270.78922	293.56626	293.21644	266.78016	217.20074	154.31413	92.644747	45.201086	17.226527	4.9948623	1.1182528	0.20697977	0.034654532	0.0056359262	0.00092845116	0.00015832680	2.8121934e-05	5.2090448e-06	9.7720439e-07	0.0000000	0.0000000	0.0000000	0.0000000	0.0000000	0.0000000	0.0000000	0.0000000	0.0000000
11.2500	0.0000000	0.0000000	0.0000000	0.0000000	0.0000000	0.0000000	0.0000000	0.0000000	0.0000000	0.0000000	0.0000000	0.0000000	0.0000000	0.0000000	0.0000000	0.0000000	0.0000000	0.0000000	0.0000000	0.0000000	0.0000000	0.0000000	0.0000000	0.0000000	0.0000000	0.0000000	0.0000000	0.0000000	0.0000000	0.0000000	0.0000000	0.0000000	0.0000000	0.0000000	0.0000000	0.0000000	0.0000000	0.0000000	0.0000000	0.0000000	2.4333368e-10	5.6623405e-08	6.0769924e-06	0.00033778687	0.0099320464	0.15567395	1.3056553	6.0777408	17.928007	39.605226	73.200660	119.70439	177.74200	242.17599	303.28049	347.59575	360.51263	330.05719	262.57563	175.85524	95.369987	40.258984	12.885332	3.1731777	0.64371069	0.11765812	0.020799089	0.0037073649	0.00068087476	0.00012965295	2.5635789e-05	5.1133883e-06	0.0000000	0.0000000	0.0000000	0.0000000	0.0000000	0.0000000	0.0000000	0.0000000	0.0000000
11.1290	0.0000000	0.0000000	0.0000000	0.0000000	0.0000000	0.0000000	0.0000000	0.0000000	0.0000000	0.0000000	0.0000000	0.0000000	0.0000000	0.0000000	0.0000000	0.0000000	0.0000000	0.0000000	0.0000000	0.0000000	0.0000000	0.0000000	0.0000000	0.0000000	0.0000000	0.0000000	0.0000000	0.0000000	0.0000000	0.0000000	0.0000000	0.0000000	0.0000000	0.0000000	0.0000000	0.0000000	0.0000000	0.0000000	0.0000000	0.0000000	1.9080210e-10	4.4580281e-08	4.7946069e-06	0.00026662243	0.0078316775	0.12247281	1.0236324	4.7428106	13.908233	30.511977	55.955795	90.738123	133.55454	180.35288	213.59996	211.56738	193.39958	177.16716	140.99338	94.438173	51.212921	21.615576	6.9171046	1.7031838	0.34548565	0.063150702	0.011164567	0.0019902554	0.00036554969	6.9610814e-05	1.3763477e-05	2.7450163e-06	0.0000000	0.0000000	0.0000000	0.0000000	0.0000000	0.0000000	0.0000000	0.0000000	0.0000000
16.3360	0.0000000	0.0000000	0.0000000	0.0000000	0.0000000	0.0000000	0.0000000	0.0000000	0.0000000	0.0000000	0.0000000	0.0000000	0.0000000	0.0000000	0.0000000	0.0000000	0.0000000	0.0000000	0.0000000	0.0000000	0.0000000	0.0000000	0.0000000	0.0000000	0.0000000	0.0000000	0.0000000	0.0000000	0.0000000	0.0000000	0.0000000	0.0000000	0.0000000	0.0000000	0.0000000	0.0000000	0.0000000	0.0000000	0.0000000	0.0000000	2.8546360e-09	4.2144110e-07	3.0168722e-05	0.0011701549	0.024967604	0.29322692	1.8879398	6.8650393	16.048621	28.462722	42.777839	57.641836	71.522968	82.656486	89.043011	88.914215	81.332103	66.902992	48.222603	29.477168	14.688799	5.7322641	1.7054599	0.39242638	0.074740101	0.012884878	0.0021583253	0.00036620228	6.4288956e-05	1.1745928e-05	2.2353093e-06	4.3015798e-07	0.0000000	0.0000000	0.0000000	0.0000000	0.0000000	0.0000000	0.0000000	0.0000000	0.0000000
13.8900	0.0000000	0.0000000	0.0000000	0.0000000	0.0000000	0.0000000	0.0000000	0.0000000	0.0000000	0.0000000	0.0000000	0.0000000	0.0000000	0.0000000	0.0000000	0.0000000	0.0000000	0.0000000	0.0000000	0.0000000	0.0000000	0.0000000	0.0000000	0.0000000	0.0000000	0.0000000	0.0000000	0.0000000	0.0000000	0.0000000	0.0000000	0.0000000	0.0000000	0.0000000	0.0000000	0.0000000	0.0000000	0.0000000	0.0000000	0.0000000	9.8270784e-10	1.6592277e-07	1.3393572e-05	0.00057958072	0.013703974	0.17783035	1.2646827	5.0765363	13.025555	25.150058	40.779072	58.693436	76.970746	93.013317	103.75660	106.17543	98.828769	82.869964	61.089162	38.281461	19.597378	7.8730696	2.4162068	0.57446024	0.11320208	0.020212066	0.0035078914	0.00061657482	0.00011206544	2.1176386e-05	4.1625102e-06	8.2606833e-07	0.0000000	0.0000000	0.0000000	0.0000000	0.0000000	0.0000000	0.0000000	0.0000000	0.0000000
16.0040	0.0000000	0.0000000	0.0000000	0.0000000	0.0000000	0.0000000	0.0000000	0.0000000	0.0000000	0.0000000	0.0000000	0.0000000	0.0000000	0.0000000	0.0000000	0.0000000	0.0000000	0.0000000	0.0000000	0.0000000	0.0000000	0.0000000	0.0000000	0.0000000	0.0000000	0.0000000	0.0000000	0.0000000	0.0000000	0.0000000	0.0000000	0.0000000	0.0000000	0.0000000	0.0000000	0.0000000	0.0000000	0.0000000	0.0000000	0.0000000	2.1023874e-09	3.2016670e-07	2.3509816e-05	0.00091717740	0.019171244	0.22027364	1.3926211	5.0124923	11.697029	20.856749	31.671677	43.232338	54.354871	63.552873	69.179893	69.762807	64.441426	53.546320	39.009748	24.117511	12.161430	4.8051141	1.4484751	0.33807402	0.065409993	0.011475891	0.0019602456	0.00033968638	6.0946996e-05	1.1378625e-05	2.2104783e-06	4.3344439e-07	0.0000000	0.0000000	0.0000000	0.0000000	0.0000000	0.0000000	0.0000000	0.0000000	0.0000000
10.7700	0.0000000	0.0000000	0.0000000	0.0000000	0.0000000	0.0000000	0.0000000	0.0000000	0.0000000	0.0000000	0.0000000	0.0000000	0.0000000	0.0000000	0.0000000	0.0000000	0.0000000	0.0000000	0.0000000	0.0000000	0.0000000	0.0000000	0.0000000	0.0000000	0.0000000	0.0000000	0.0000000	0.0000000	0.0000000	0.0000000	0.0000000	0.0000000	0.0000000	0.0000000	0.0000000	0.0000000	0.0000000	0.0000000	0.0000000	0.0000000	8.8809247e-11	2.1936614e-08	2.4839973e-06	0.00014473825	0.0044301391	0.071814245	0.61916598	2.9442479	8.8092300	19.599238	36.272707	59.149164	87.368891	118.33766	147.37086	168.04974	173.60486	159.67696	127.56644	85.746329	46.647605	19.746628	6.3366358	1.5644585	0.31818997	0.058322101	0.010340402	0.0018486956	0.00034053967	6.5035933e-05	1.2895606e-05	2.5791107e-06	0.0000000	0.0000000	0.0000000	0.0000000	0.0000000	0.0000000	0.0000000	0.0000000	0.0000000
10.6570	0.0000000	0.0000000	0.0000000	0.0000000	0.0000000	0.0000000	0.0000000	0.0000000	0.0000000	0.0000000	0.0000000	0.0000000	0.0000000	0.0000000	0.0000000	0.0000000	0.0000000	0.0000000	0.0000000	0.0000000	0.0000000	0.0000000	0.0000000	0.0000000	0.0000000	0.0000000	0.0000000	0.0000000	0.0000000	0.0000000	0.0000000	0.0000000	0.0000000	0.0000000	0.0000000	0.0000000	0.0000000	0.0000000	0.0000000	0.0000000	4.1577742e-11	1.0394074e-08	1.1914486e-06	7.0421029e-05	0.0021945122	0.036352925	0.32117853	1.5664649	4.8039638	10.929391	20.598448	34.062983	50.821394	69.260036	86.491252	98.650332	101.75808	93.376281	74.407396	49.881009	27.059962	11.419956	3.6523703	0.89843164	0.18200196	0.033223188	0.0058686614	0.0010461969	0.00019236492	3.6714890e-05	7.2844502e-06	1.4595213e-06	0.0000000	0.0000000	0.0000000	0.0000000	0.0000000	0.0000000	0.0000000	0.0000000	0.0000000
12.6800	0.0000000	0.0000000	0.0000000	0.0000000	0.0000000	0.0000000	0.0000000	0.0000000	0.0000000	0.0000000	0.0000000	0.0000000	0.0000000	0.0000000	0.0000000	0.0000000	0.0000000	0.0000000	0.0000000	0.0000000	0.0000000	0.0000000	0.0000000	0.0000000	0.0000000	0.0000000	0.0000000	0.0000000	0.0000000	0.0000000	0.0000000	0.0000000	0.0000000	0.0000000	0.0000000	0.0000000	0.0000000	0.0000000	0.0000000	0.0000000	2.7054292e-10	4.9540543e-08	4.3039283e-06	0.00019925346	0.0050128456	0.068767991	0.51246628	2.1295278	5.6061765	11.049447	18.237210	26.720063	35.793366	44.446524	51.239604	54.536397	52.936167	45.965504	34.780358	22.214252	11.521053	4.6643666	1.4361668	0.34131695	0.067013897	0.011886120	0.0020439926	0.00035521767	6.3730914e-05	1.1875067e-05	2.3005979e-06	4.5010678e-07	0.0000000	0.0000000	0.0000000	0.0000000	0.0000000	0.0000000	0.0000000	0.0000000	0.0000000
11.0230	0.0000000	0.0000000	0.0000000	0.0000000	0.0000000	0.0000000	0.0000000	0.0000000	0.0000000	0.0000000	0.0000000	0.0000000	0.0000000	0.0000000	0.0000000	0.0000000	0.0000000	0.0000000	0.0000000	0.0000000	0.0000000	0.0000000	0.0000000	0.0000000	0.0000000	0.0000000	0.0000000	0.0000000	0.0000000	0.0000000	0.0000000	0.0000000	0.0000000	0.0000000	0.0000000	0.0000000	0.0000000	0.0000000	0.0000000	0.0000000	2.8448786e-11	6.7769901e-09	7.4826704e-07	4.2901222e-05	0.0012993639	0.020869459	0.17839433	0.84226715	2.9172104	7.5603722	14.084167	23.236775	34.842765	47.977719	60.739066	70.341798	73.741189	68.809035	55.781550	38.073872	19.542002	7.8326968	2.4276782	0.59177203	0.12091932	0.022530351	0.0040850553	0.00074714538	0.00014023908	2.7169648e-05	5.4525189e-06	1.1031281e-06	0.0000000	0.0000000	0.0000000	0.0000000	0.0000000	0.0000000	0.0000000	0.0000000	0.0000000
10.1150	0.0000000	0.0000000	0.0000000	0.0000000	0.0000000	0.0000000	0.0000000	0.0000000	0.0000000	0.0000000	0.0000000	0.0000000	0.0000000	0.0000000	0.0000000	0.0000000	0.0000000	0.0000000	0.0000000	0.0000000	0.0000000	0.0000000	0.0000000	0.0000000	0.0000000	0.0000000	0.0000000	0.0000000	0.0000000	0.0000000	0.0000000	0.0000000	0.0000000	0.0000000	0.0000000	0.0000000	0.0000000	0.0000000	0.0000000	0.0000000	4.0841931e-12	1.0805859e-09	1.3056773e-07	8.1064742e-06	0.00026448788	0.0045729919	0.042060325	0.21329032	0.67992709	1.6083029	3.1549765	5.4351805	8.4509430	12.003287	15.620814	18.556266	19.905786	18.950070	15.617784	10.793313	6.0179651	2.6052858	0.85396623	0.21526201	0.044704626	0.0083717681	0.0015176320	0.00027757615	5.2332552e-05	1.0233972e-05	2.0789609e-06	4.2616838e-07	0.0000000	0.0000000	0.0000000	0.0000000	0.0000000	0.0000000	0.0000000	0.0000000	0.0000000
