# DO NOT EDIT: written Thu Mar 14 18:48:37 2019 by wrt_emiss_fe17.pro
# faked emissivities [1e-23 ergs cm^3/s] for Fe17 lines from Del Zanna 2011, A&A 536, A59
# emissivities include ion balance, but not abundance, and are spline and ion balance jittered off of emiss_Fe17_00000.txt
# line 6 -- SEED, LOGT
# lines 7+ -- WVL, EMISSIVITY
      467085	4.00	4.05	4.10	4.15	4.20	4.25	4.30	4.35	4.40	4.45	4.50	4.55	4.60	4.65	4.70	4.75	4.80	4.85	4.90	4.95	5.00	5.05	5.10	5.15	5.20	5.25	5.30	5.35	5.40	5.45	5.50	5.55	5.60	5.65	5.70	5.75	5.80	5.85	5.90	5.95	6.00	6.05	6.10	6.15	6.20	6.25	6.30	6.35	6.40	6.45	6.50	6.55	6.60	6.65	6.70	6.75	6.80	6.85	6.90	6.95	7.00	7.05	7.10	7.15	7.20	7.25	7.30	7.35	7.40	7.45	7.50	7.55	7.60	7.65	7.70	7.75	7.80	7.85	7.90	7.95	8.00
15.0130	0.0000000	0.0000000	0.0000000	0.0000000	0.0000000	0.0000000	0.0000000	0.0000000	0.0000000	0.0000000	0.0000000	0.0000000	0.0000000	0.0000000	0.0000000	0.0000000	0.0000000	0.0000000	0.0000000	0.0000000	0.0000000	0.0000000	0.0000000	0.0000000	0.0000000	0.0000000	0.0000000	0.0000000	0.0000000	0.0000000	0.0000000	0.0000000	0.0000000	0.0000000	0.0000000	0.0000000	0.0000000	0.0000000	0.0000000	0.0000000	2.3538117e-08	4.9163160e-06	0.00043491023	0.021138381	0.56540388	8.1726982	62.094979	254.39022	652.26464	1256.1582	2042.8025	2971.7176	3969.4833	4919.2192	5662.4699	6024.2639	5857.2792	5112.4431	3905.8887	2528.3162	1332.2194	548.53726	171.66713	41.392130	8.2301422	1.4765338	0.25667308	0.045084333	0.0081775109	0.0015412548	0.00030234613	6.0982793e-05	0.0000000	0.0000000	0.0000000	0.0000000	0.0000000	0.0000000	0.0000000	0.0000000	0.0000000
17.0510	0.0000000	0.0000000	0.0000000	0.0000000	0.0000000	0.0000000	0.0000000	0.0000000	0.0000000	0.0000000	0.0000000	0.0000000	0.0000000	0.0000000	0.0000000	0.0000000	0.0000000	0.0000000	0.0000000	0.0000000	0.0000000	0.0000000	0.0000000	0.0000000	0.0000000	0.0000000	0.0000000	0.0000000	0.0000000	0.0000000	0.0000000	0.0000000	0.0000000	0.0000000	0.0000000	0.0000000	0.0000000	0.0000000	0.0000000	0.0000000	5.2520270e-08	9.6324363e-06	0.00075911139	0.033241157	0.80758043	10.669850	74.474405	281.55570	668.99993	1198.6309	1820.2482	2482.0438	3119.6974	3652.8422	3990.3719	4047.0485	3766.2094	3156.8896	2322.0191	1449.6949	737.71379	293.62622	88.895375	20.755258	4.0005270	0.69648657	0.11759592	0.020073982	0.0035394192	0.00064840741	0.00012354368	2.4165568e-05	0.0000000	0.0000000	0.0000000	0.0000000	0.0000000	0.0000000	0.0000000	0.0000000	0.0000000
17.0960	0.0000000	0.0000000	0.0000000	0.0000000	0.0000000	0.0000000	0.0000000	0.0000000	0.0000000	0.0000000	0.0000000	0.0000000	0.0000000	0.0000000	0.0000000	0.0000000	0.0000000	0.0000000	0.0000000	0.0000000	0.0000000	0.0000000	0.0000000	0.0000000	0.0000000	0.0000000	0.0000000	0.0000000	0.0000000	0.0000000	0.0000000	0.0000000	0.0000000	0.0000000	0.0000000	0.0000000	0.0000000	0.0000000	0.0000000	0.0000000	5.3547215e-08	9.7519954e-06	0.00076150204	0.033020591	0.79485995	10.404592	71.848206	267.91239	625.17495	1094.3902	1615.6683	2131.9515	2582.2351	2902.6195	3034.5847	2939.5842	2636.6117	2144.9166	1526.3951	919.32469	450.06739	172.57955	51.762961	12.099725	2.3536912	0.41257185	0.069294784	0.011528566	0.0019236039	0.00032339520	5.6428980e-05	1.0395872e-05	0.0000000	0.0000000	0.0000000	0.0000000	0.0000000	0.0000000	0.0000000	0.0000000	0.0000000
16.7760	0.0000000	0.0000000	0.0000000	0.0000000	0.0000000	0.0000000	0.0000000	0.0000000	0.0000000	0.0000000	0.0000000	0.0000000	0.0000000	0.0000000	0.0000000	0.0000000	0.0000000	0.0000000	0.0000000	0.0000000	0.0000000	0.0000000	0.0000000	0.0000000	0.0000000	0.0000000	0.0000000	0.0000000	0.0000000	0.0000000	0.0000000	0.0000000	0.0000000	0.0000000	0.0000000	0.0000000	0.0000000	0.0000000	0.0000000	0.0000000	4.1500214e-08	7.5633059e-06	0.00058852415	0.025354844	0.60586970	7.8856287	54.368869	203.79120	482.19452	863.70151	1315.0687	1800.4035	2270.7598	2663.6814	2909.2742	2943.7704	2728.6779	2275.9193	1665.1965	1034.2260	523.74323	207.55642	62.602557	14.571849	2.8024003	0.48729506	0.082275845	0.014064971	0.0024874504	0.00045787245	8.7825900e-05	1.7331105e-05	0.0000000	0.0000000	0.0000000	0.0000000	0.0000000	0.0000000	0.0000000	0.0000000	0.0000000
15.2620	0.0000000	0.0000000	0.0000000	0.0000000	0.0000000	0.0000000	0.0000000	0.0000000	0.0000000	0.0000000	0.0000000	0.0000000	0.0000000	0.0000000	0.0000000	0.0000000	0.0000000	0.0000000	0.0000000	0.0000000	0.0000000	0.0000000	0.0000000	0.0000000	0.0000000	0.0000000	0.0000000	0.0000000	0.0000000	0.0000000	0.0000000	0.0000000	0.0000000	0.0000000	0.0000000	0.0000000	0.0000000	0.0000000	0.0000000	0.0000000	7.2165974e-09	1.5099972e-06	0.00013448061	0.0066036697	0.17880201	2.6167885	20.105167	82.706819	211.00064	404.35837	654.63832	948.82732	1263.8011	1562.8246	1796.1665	1908.9155	1825.3354	1553.6818	1155.7460	728.56278	374.66595	151.21560	46.658866	11.152384	2.2083685	0.39606332	0.069026462	0.012179993	0.0022218504	0.00042128515	8.3106796e-05	1.6836637e-05	0.0000000	0.0000000	0.0000000	0.0000000	0.0000000	0.0000000	0.0000000	0.0000000	0.0000000
12.1240	0.0000000	0.0000000	0.0000000	0.0000000	0.0000000	0.0000000	0.0000000	0.0000000	0.0000000	0.0000000	0.0000000	0.0000000	0.0000000	0.0000000	0.0000000	0.0000000	0.0000000	0.0000000	0.0000000	0.0000000	0.0000000	0.0000000	0.0000000	0.0000000	0.0000000	0.0000000	0.0000000	0.0000000	0.0000000	0.0000000	0.0000000	0.0000000	0.0000000	0.0000000	0.0000000	0.0000000	0.0000000	0.0000000	0.0000000	0.0000000	4.6124165e-10	1.2237552e-07	1.3377019e-05	0.00078376961	0.024717433	0.41297472	3.5641784	16.348005	46.374901	97.800401	172.61750	270.42135	386.29929	508.77667	619.16322	693.50385	707.34311	645.59114	514.22153	346.01745	188.97730	80.414644	25.934580	6.4285051	1.3110769	0.24069078	0.042705047	0.0076352372	0.0014056181	0.00026809181	5.3045844e-05	1.0752576e-05	0.0000000	0.0000000	0.0000000	0.0000000	0.0000000	0.0000000	0.0000000	0.0000000	0.0000000
12.2640	0.0000000	0.0000000	0.0000000	0.0000000	0.0000000	0.0000000	0.0000000	0.0000000	0.0000000	0.0000000	0.0000000	0.0000000	0.0000000	0.0000000	0.0000000	0.0000000	0.0000000	0.0000000	0.0000000	0.0000000	0.0000000	0.0000000	0.0000000	0.0000000	0.0000000	0.0000000	0.0000000	0.0000000	0.0000000	0.0000000	0.0000000	0.0000000	0.0000000	0.0000000	0.0000000	0.0000000	0.0000000	0.0000000	0.0000000	0.0000000	4.2598766e-10	1.1169192e-07	1.2140880e-05	0.00071174061	0.022591643	0.38197241	3.3515019	15.672956	45.303573	97.034863	172.95857	271.80815	387.30488	506.50425	609.55355	672.60021	673.70904	602.43030	469.43004	308.97698	165.22755	68.944062	21.843365	5.3300885	1.0724743	0.19465973	0.034218621	0.0060740905	0.0011125614	0.00021158466	4.1838706e-05	8.4954374e-06	0.0000000	0.0000000	0.0000000	0.0000000	0.0000000	0.0000000	0.0000000	0.0000000	0.0000000
13.8250	0.0000000	0.0000000	0.0000000	0.0000000	0.0000000	0.0000000	0.0000000	0.0000000	0.0000000	0.0000000	0.0000000	0.0000000	0.0000000	0.0000000	0.0000000	0.0000000	0.0000000	0.0000000	0.0000000	0.0000000	0.0000000	0.0000000	0.0000000	0.0000000	0.0000000	0.0000000	0.0000000	0.0000000	0.0000000	0.0000000	0.0000000	0.0000000	0.0000000	0.0000000	0.0000000	0.0000000	0.0000000	0.0000000	0.0000000	0.0000000	8.5161675e-10	1.8954232e-07	1.7865685e-05	0.00092634184	0.026466831	0.40864398	3.3091797	14.390977	38.930476	78.668580	133.77520	203.23410	283.79429	368.54574	445.58719	498.45270	509.34535	466.21179	372.07246	250.30844	136.33543	57.721655	18.493004	4.5499038	0.92105543	0.16798485	0.029652270	0.0052836739	0.00097131487	0.00018536564	3.6774134e-05	7.4891862e-06	0.0000000	0.0000000	0.0000000	0.0000000	0.0000000	0.0000000	0.0000000	0.0000000	0.0000000
15.4530	0.0000000	0.0000000	0.0000000	0.0000000	0.0000000	0.0000000	0.0000000	0.0000000	0.0000000	0.0000000	0.0000000	0.0000000	0.0000000	0.0000000	0.0000000	0.0000000	0.0000000	0.0000000	0.0000000	0.0000000	0.0000000	0.0000000	0.0000000	0.0000000	0.0000000	0.0000000	0.0000000	0.0000000	0.0000000	0.0000000	0.0000000	0.0000000	0.0000000	0.0000000	0.0000000	0.0000000	0.0000000	0.0000000	0.0000000	0.0000000	2.4407764e-09	4.8427480e-07	4.0818233e-05	0.0018945391	0.048469620	0.67070208	4.8787906	19.128556	46.901269	86.281964	133.87034	185.55627	235.80431	277.46264	302.55211	304.17625	278.80159	228.85959	164.04164	99.384382	48.911221	18.778848	5.4737050	1.2289493	0.22766493	0.038099953	0.0061881382	0.0010175062	0.00017312445	3.0672548e-05	5.6660792e-06	1.0775187e-06	0.0000000	0.0000000	0.0000000	0.0000000	0.0000000	0.0000000	0.0000000	0.0000000	0.0000000
11.2500	0.0000000	0.0000000	0.0000000	0.0000000	0.0000000	0.0000000	0.0000000	0.0000000	0.0000000	0.0000000	0.0000000	0.0000000	0.0000000	0.0000000	0.0000000	0.0000000	0.0000000	0.0000000	0.0000000	0.0000000	0.0000000	0.0000000	0.0000000	0.0000000	0.0000000	0.0000000	0.0000000	0.0000000	0.0000000	0.0000000	0.0000000	0.0000000	0.0000000	0.0000000	0.0000000	0.0000000	0.0000000	0.0000000	0.0000000	0.0000000	8.9354613e-11	2.6447890e-08	3.1923673e-06	0.00020462482	0.0069997156	0.12584977	1.1599827	5.6404674	16.846730	37.179669	68.284352	110.72614	162.90916	219.93502	273.01679	310.40405	319.91740	293.84251	234.67233	157.83287	85.932469	36.374376	11.649391	2.8636329	0.57867759	0.10521362	0.018486975	0.0032746007	0.00059777704	0.00011321269	2.2286001e-05	4.5050099e-06	0.0000000	0.0000000	0.0000000	0.0000000	0.0000000	0.0000000	0.0000000	0.0000000	0.0000000
11.1290	0.0000000	0.0000000	0.0000000	0.0000000	0.0000000	0.0000000	0.0000000	0.0000000	0.0000000	0.0000000	0.0000000	0.0000000	0.0000000	0.0000000	0.0000000	0.0000000	0.0000000	0.0000000	0.0000000	0.0000000	0.0000000	0.0000000	0.0000000	0.0000000	0.0000000	0.0000000	0.0000000	0.0000000	0.0000000	0.0000000	0.0000000	0.0000000	0.0000000	0.0000000	0.0000000	0.0000000	0.0000000	0.0000000	0.0000000	0.0000000	5.0018673e-11	1.4962656e-08	1.8234973e-06	0.00011811501	0.0041349144	0.076030029	0.71600955	3.5527038	10.809840	24.259417	45.221798	74.281388	110.48604	150.52034	188.26107	215.36963	223.08795	205.73289	164.83092	111.13998	60.635658	25.713553	8.2500026	2.0320284	0.41159738	0.075051454	0.013230725	0.0023518020	0.00043084177	8.1873042e-05	1.6165779e-05	3.2760564e-06	0.0000000	0.0000000	0.0000000	0.0000000	0.0000000	0.0000000	0.0000000	0.0000000	0.0000000
16.3360	0.0000000	0.0000000	0.0000000	0.0000000	0.0000000	0.0000000	0.0000000	0.0000000	0.0000000	0.0000000	0.0000000	0.0000000	0.0000000	0.0000000	0.0000000	0.0000000	0.0000000	0.0000000	0.0000000	0.0000000	0.0000000	0.0000000	0.0000000	0.0000000	0.0000000	0.0000000	0.0000000	0.0000000	0.0000000	0.0000000	0.0000000	0.0000000	0.0000000	0.0000000	0.0000000	0.0000000	0.0000000	0.0000000	0.0000000	0.0000000	9.9956019e-10	1.8747025e-07	1.5038046e-05	0.00066841592	0.016488624	0.22149501	1.5732014	6.0537771	14.634960	26.639475	41.026522	56.611393	71.817978	84.620511	92.701705	93.936843	87.051334	72.447822	52.766796	32.550010	16.339173	6.4071760	1.9093150	0.43854493	0.083135831	0.014235615	0.0023648476	0.00039744115	6.9046089e-05	1.2473017e-05	2.3453444e-06	4.5332773e-07	0.0000000	0.0000000	0.0000000	0.0000000	0.0000000	0.0000000	0.0000000	0.0000000	0.0000000
13.8900	0.0000000	0.0000000	0.0000000	0.0000000	0.0000000	0.0000000	0.0000000	0.0000000	0.0000000	0.0000000	0.0000000	0.0000000	0.0000000	0.0000000	0.0000000	0.0000000	0.0000000	0.0000000	0.0000000	0.0000000	0.0000000	0.0000000	0.0000000	0.0000000	0.0000000	0.0000000	0.0000000	0.0000000	0.0000000	0.0000000	0.0000000	0.0000000	0.0000000	0.0000000	0.0000000	0.0000000	0.0000000	0.0000000	0.0000000	0.0000000	3.5312856e-10	7.7966535e-08	7.2897846e-06	0.00036841756	0.010181520	0.15235241	1.1981526	5.0624874	13.278062	25.917897	42.378078	61.586879	81.815184	100.62165	109.45266	106.44684	92.270726	74.615583	56.287914	35.864833	18.550556	7.4819513	2.2906048	0.54014932	0.10510138	0.018474736	0.0031513779	0.00056281080	0.00010435762	1.9969354e-05	3.9525452e-06	8.0001626e-07	0.0000000	0.0000000	0.0000000	0.0000000	0.0000000	0.0000000	0.0000000	0.0000000	0.0000000
16.0040	0.0000000	0.0000000	0.0000000	0.0000000	0.0000000	0.0000000	0.0000000	0.0000000	0.0000000	0.0000000	0.0000000	0.0000000	0.0000000	0.0000000	0.0000000	0.0000000	0.0000000	0.0000000	0.0000000	0.0000000	0.0000000	0.0000000	0.0000000	0.0000000	0.0000000	0.0000000	0.0000000	0.0000000	0.0000000	0.0000000	0.0000000	0.0000000	0.0000000	0.0000000	0.0000000	0.0000000	0.0000000	0.0000000	0.0000000	0.0000000	6.6586689e-10	1.2990114e-07	1.0811834e-05	0.00049662042	0.012591474	0.17288449	1.2495668	4.8771079	11.932083	21.947665	34.098565	47.374803	60.386035	71.339053	78.228510	79.272197	73.433007	61.089353	44.491920	27.458825	13.797366	5.4194454	1.6193138	0.37353918	0.071274236	0.012315854	0.0020698488	0.00035280099	6.2307712e-05	1.1467753e-05	2.2012105e-06	4.3482118e-07	0.0000000	0.0000000	0.0000000	0.0000000	0.0000000	0.0000000	0.0000000	0.0000000	0.0000000
10.7700	0.0000000	0.0000000	0.0000000	0.0000000	0.0000000	0.0000000	0.0000000	0.0000000	0.0000000	0.0000000	0.0000000	0.0000000	0.0000000	0.0000000	0.0000000	0.0000000	0.0000000	0.0000000	0.0000000	0.0000000	0.0000000	0.0000000	0.0000000	0.0000000	0.0000000	0.0000000	0.0000000	0.0000000	0.0000000	0.0000000	0.0000000	0.0000000	0.0000000	0.0000000	0.0000000	0.0000000	0.0000000	0.0000000	0.0000000	0.0000000	3.5577662e-11	1.1053068e-08	1.0319469e-06	6.9082215e-05	0.0024645808	0.046153765	0.44232878	2.2302220	9.3043991	21.092482	39.614258	65.451629	97.862083	122.38654	145.23643	165.25537	174.36995	164.11552	133.78946	91.523232	50.526218	21.630475	6.9916852	1.7317782	0.35218752	0.064390807	0.011368187	0.0020214506	0.00037006858	7.0208951e-05	1.3828071e-05	2.7931837e-06	0.0000000	0.0000000	0.0000000	0.0000000	0.0000000	0.0000000	0.0000000	0.0000000	0.0000000
10.6570	0.0000000	0.0000000	0.0000000	0.0000000	0.0000000	0.0000000	0.0000000	0.0000000	0.0000000	0.0000000	0.0000000	0.0000000	0.0000000	0.0000000	0.0000000	0.0000000	0.0000000	0.0000000	0.0000000	0.0000000	0.0000000	0.0000000	0.0000000	0.0000000	0.0000000	0.0000000	0.0000000	0.0000000	0.0000000	0.0000000	0.0000000	0.0000000	0.0000000	0.0000000	0.0000000	0.0000000	0.0000000	0.0000000	0.0000000	0.0000000	1.6236437e-11	5.2193230e-09	6.7704335e-07	4.6235440e-05	0.0016729914	0.031615090	0.30439583	1.5364910	4.7329962	10.706611	20.055288	33.047248	49.291931	67.383155	84.675610	97.442596	101.60324	94.345526	76.109414	51.661058	28.363333	12.098200	3.9021129	0.96558234	0.19636029	0.035930706	0.0063561224	0.0011339471	0.00020855254	3.9797445e-05	7.8919962e-06	1.6061798e-06	0.0000000	0.0000000	0.0000000	0.0000000	0.0000000	0.0000000	0.0000000	0.0000000	0.0000000
12.6800	0.0000000	0.0000000	0.0000000	0.0000000	0.0000000	0.0000000	0.0000000	0.0000000	0.0000000	0.0000000	0.0000000	0.0000000	0.0000000	0.0000000	0.0000000	0.0000000	0.0000000	0.0000000	0.0000000	0.0000000	0.0000000	0.0000000	0.0000000	0.0000000	0.0000000	0.0000000	0.0000000	0.0000000	0.0000000	0.0000000	0.0000000	0.0000000	0.0000000	0.0000000	0.0000000	0.0000000	0.0000000	0.0000000	0.0000000	0.0000000	1.0289036e-10	2.3894742e-08	2.3289289e-06	0.00012394316	0.0036141585	0.056630743	0.46158852	1.9932991	5.2838894	10.343059	16.860278	24.341395	32.103101	39.245496	44.560067	46.749916	45.123623	39.279318	29.826375	19.132945	9.9680189	4.0512827	1.2503420	0.29731809	0.058327608	0.010329731	0.0017732893	0.00030766936	5.5127270e-05	1.0262655e-05	1.9875117e-06	3.9541186e-07	0.0000000	0.0000000	0.0000000	0.0000000	0.0000000	0.0000000	0.0000000	0.0000000	0.0000000
11.0230	0.0000000	0.0000000	0.0000000	0.0000000	0.0000000	0.0000000	0.0000000	0.0000000	0.0000000	0.0000000	0.0000000	0.0000000	0.0000000	0.0000000	0.0000000	0.0000000	0.0000000	0.0000000	0.0000000	0.0000000	0.0000000	0.0000000	0.0000000	0.0000000	0.0000000	0.0000000	0.0000000	0.0000000	0.0000000	0.0000000	0.0000000	0.0000000	0.0000000	0.0000000	0.0000000	0.0000000	0.0000000	0.0000000	0.0000000	0.0000000	1.1903480e-11	3.6132104e-09	4.4978546e-07	2.9831432e-05	0.0010552022	0.019529770	0.18443997	0.91516347	2.7801240	6.2311278	11.632977	19.210747	28.839557	39.798098	50.569709	58.894723	62.231400	58.680239	48.197185	33.413836	18.802257	8.2402745	2.7331581	0.69506881	0.14498448	0.027129202	0.0048878154	0.00088384394	0.00016400226	3.1435978e-05	6.2327746e-06	1.2624026e-06	0.0000000	0.0000000	0.0000000	0.0000000	0.0000000	0.0000000	0.0000000	0.0000000	0.0000000
10.1150	0.0000000	0.0000000	0.0000000	0.0000000	0.0000000	0.0000000	0.0000000	0.0000000	0.0000000	0.0000000	0.0000000	0.0000000	0.0000000	0.0000000	0.0000000	0.0000000	0.0000000	0.0000000	0.0000000	0.0000000	0.0000000	0.0000000	0.0000000	0.0000000	0.0000000	0.0000000	0.0000000	0.0000000	0.0000000	0.0000000	0.0000000	0.0000000	0.0000000	0.0000000	0.0000000	0.0000000	0.0000000	0.0000000	0.0000000	0.0000000	1.3732086e-12	4.7352378e-10	6.5829661e-08	4.8133436e-06	0.00018626401	0.0037595327	0.038610171	0.20753884	0.67911168	1.6259031	3.2102219	5.5547356	8.6715856	12.374122	16.200533	19.399505	21.022970	20.259218	16.930523	11.878715	6.7262971	2.9550544	0.98111601	0.24989937	0.052323054	0.0098604135	0.0017958581	0.00032946335	6.2200399e-05	1.2158231e-05	2.4639532e-06	5.1125304e-07	0.0000000	0.0000000	0.0000000	0.0000000	0.0000000	0.0000000	0.0000000	0.0000000	0.0000000
