# DO NOT EDIT: written Thu Mar 14 18:48:37 2019 by wrt_emiss_fe17.pro
# faked emissivities [1e-23 ergs cm^3/s] for Fe17 lines from Del Zanna 2011, A&A 536, A59
# emissivities include ion balance, but not abundance, and are spline and ion balance jittered off of emiss_Fe17_00000.txt
# line 6 -- SEED, LOGT
# lines 7+ -- WVL, EMISSIVITY
       73792	4.00	4.05	4.10	4.15	4.20	4.25	4.30	4.35	4.40	4.45	4.50	4.55	4.60	4.65	4.70	4.75	4.80	4.85	4.90	4.95	5.00	5.05	5.10	5.15	5.20	5.25	5.30	5.35	5.40	5.45	5.50	5.55	5.60	5.65	5.70	5.75	5.80	5.85	5.90	5.95	6.00	6.05	6.10	6.15	6.20	6.25	6.30	6.35	6.40	6.45	6.50	6.55	6.60	6.65	6.70	6.75	6.80	6.85	6.90	6.95	7.00	7.05	7.10	7.15	7.20	7.25	7.30	7.35	7.40	7.45	7.50	7.55	7.60	7.65	7.70	7.75	7.80	7.85	7.90	7.95	8.00
15.0130	0.0000000	0.0000000	0.0000000	0.0000000	0.0000000	0.0000000	0.0000000	0.0000000	0.0000000	0.0000000	0.0000000	0.0000000	0.0000000	0.0000000	0.0000000	0.0000000	0.0000000	0.0000000	0.0000000	0.0000000	0.0000000	0.0000000	0.0000000	0.0000000	0.0000000	0.0000000	0.0000000	0.0000000	0.0000000	0.0000000	0.0000000	0.0000000	0.0000000	0.0000000	0.0000000	0.0000000	0.0000000	0.0000000	0.0000000	0.0000000	1.2571832e-07	1.8956269e-05	0.0014076708	0.054633938	1.1249662	12.434999	76.253238	277.00854	674.02436	1271.0229	2049.6972	2971.6438	3962.6556	4902.4727	5628.2809	5961.4175	5756.5158	4975.8283	3754.1865	2394.5166	1242.4543	504.62311	156.43252	37.555040	7.4646023	1.3416496	0.23383673	0.041179726	0.0074837586	0.0014120229	0.00027699154	5.3255467e-05	0.0000000	0.0000000	0.0000000	0.0000000	0.0000000	0.0000000	0.0000000	0.0000000	0.0000000
17.0510	0.0000000	0.0000000	0.0000000	0.0000000	0.0000000	0.0000000	0.0000000	0.0000000	0.0000000	0.0000000	0.0000000	0.0000000	0.0000000	0.0000000	0.0000000	0.0000000	0.0000000	0.0000000	0.0000000	0.0000000	0.0000000	0.0000000	0.0000000	0.0000000	0.0000000	0.0000000	0.0000000	0.0000000	0.0000000	0.0000000	0.0000000	0.0000000	0.0000000	0.0000000	0.0000000	0.0000000	0.0000000	0.0000000	0.0000000	0.0000000	2.5710280e-07	3.4529461e-05	0.0023176003	0.082212761	1.5591909	15.963928	91.050281	308.71841	703.49459	1246.4959	1894.4724	2594.9479	3275.6177	3841.9312	4186.2760	4212.3745	3867.6715	3181.0592	2284.5492	1387.2137	685.32374	265.06953	78.287331	17.925475	3.4037463	0.58559858	0.097912967	0.016579578	0.0029039623	0.00052931023	0.00010050712	1.8732977e-05	0.0000000	0.0000000	0.0000000	0.0000000	0.0000000	0.0000000	0.0000000	0.0000000	0.0000000
17.0960	0.0000000	0.0000000	0.0000000	0.0000000	0.0000000	0.0000000	0.0000000	0.0000000	0.0000000	0.0000000	0.0000000	0.0000000	0.0000000	0.0000000	0.0000000	0.0000000	0.0000000	0.0000000	0.0000000	0.0000000	0.0000000	0.0000000	0.0000000	0.0000000	0.0000000	0.0000000	0.0000000	0.0000000	0.0000000	0.0000000	0.0000000	0.0000000	0.0000000	0.0000000	0.0000000	0.0000000	0.0000000	0.0000000	0.0000000	0.0000000	2.8932608e-07	3.7877616e-05	0.0024737228	0.085409306	1.5798686	15.808299	88.225190	292.74746	652.26993	1128.2467	1670.8541	2227.0282	2739.2699	3142.3303	3360.8922	3329.7189	3017.3970	2453.8491	1744.4235	1048.8733	512.88169	196.12549	57.180064	12.826926	2.3520919	0.39057165	0.063024426	0.010302354	0.0017428862	0.00030704182	5.6396676e-05	1.0177673e-05	0.0000000	0.0000000	0.0000000	0.0000000	0.0000000	0.0000000	0.0000000	0.0000000	0.0000000
16.7760	0.0000000	0.0000000	0.0000000	0.0000000	0.0000000	0.0000000	0.0000000	0.0000000	0.0000000	0.0000000	0.0000000	0.0000000	0.0000000	0.0000000	0.0000000	0.0000000	0.0000000	0.0000000	0.0000000	0.0000000	0.0000000	0.0000000	0.0000000	0.0000000	0.0000000	0.0000000	0.0000000	0.0000000	0.0000000	0.0000000	0.0000000	0.0000000	0.0000000	0.0000000	0.0000000	0.0000000	0.0000000	0.0000000	0.0000000	0.0000000	2.0186828e-07	2.6646837e-05	0.0017512428	0.060768704	1.1300188	11.390462	64.283392	216.89704	494.63107	881.69701	1354.1376	1880.1311	2408.8039	2868.8545	3175.3870	3246.1844	3027.7808	2529.0684	1843.9210	1135.9074	568.68146	222.59058	66.436210	15.351099	2.9374700	0.50861811	0.085482211	0.014532891	0.0025527887	0.00046609584	8.8550697e-05	1.6493782e-05	0.0000000	0.0000000	0.0000000	0.0000000	0.0000000	0.0000000	0.0000000	0.0000000	0.0000000
15.2620	0.0000000	0.0000000	0.0000000	0.0000000	0.0000000	0.0000000	0.0000000	0.0000000	0.0000000	0.0000000	0.0000000	0.0000000	0.0000000	0.0000000	0.0000000	0.0000000	0.0000000	0.0000000	0.0000000	0.0000000	0.0000000	0.0000000	0.0000000	0.0000000	0.0000000	0.0000000	0.0000000	0.0000000	0.0000000	0.0000000	0.0000000	0.0000000	0.0000000	0.0000000	0.0000000	0.0000000	0.0000000	0.0000000	0.0000000	0.0000000	4.4733117e-08	6.7126872e-06	0.00049260593	0.018935491	0.38665322	4.2389507	25.762237	92.684487	223.22469	416.55224	664.85306	954.57334	1261.4385	1547.4670	1762.5670	1853.1188	1777.0654	1526.1533	1144.5136	725.87312	374.63821	151.40122	46.713970	11.165594	2.2104302	0.39586808	0.068781293	0.012081423	0.0021912005	0.00040534282	7.7179158e-05	1.4342106e-05	0.0000000	0.0000000	0.0000000	0.0000000	0.0000000	0.0000000	0.0000000	0.0000000	0.0000000
12.1240	0.0000000	0.0000000	0.0000000	0.0000000	0.0000000	0.0000000	0.0000000	0.0000000	0.0000000	0.0000000	0.0000000	0.0000000	0.0000000	0.0000000	0.0000000	0.0000000	0.0000000	0.0000000	0.0000000	0.0000000	0.0000000	0.0000000	0.0000000	0.0000000	0.0000000	0.0000000	0.0000000	0.0000000	0.0000000	0.0000000	0.0000000	0.0000000	0.0000000	0.0000000	0.0000000	0.0000000	0.0000000	0.0000000	0.0000000	0.0000000	2.5295581e-09	4.8834900e-07	4.5169248e-05	0.0021302513	0.052132785	0.67145016	4.7147748	19.330665	52.455304	109.17114	192.53355	302.78879	434.75056	575.19725	702.02550	786.61751	800.33243	726.40341	573.57291	381.58323	203.98405	84.400163	26.582881	6.4711346	1.3023082	0.23668092	0.041660316	0.0074011825	0.0013555935	0.00025756768	5.0833327e-05	9.8216477e-06	0.0000000	0.0000000	0.0000000	0.0000000	0.0000000	0.0000000	0.0000000	0.0000000	0.0000000
12.2640	0.0000000	0.0000000	0.0000000	0.0000000	0.0000000	0.0000000	0.0000000	0.0000000	0.0000000	0.0000000	0.0000000	0.0000000	0.0000000	0.0000000	0.0000000	0.0000000	0.0000000	0.0000000	0.0000000	0.0000000	0.0000000	0.0000000	0.0000000	0.0000000	0.0000000	0.0000000	0.0000000	0.0000000	0.0000000	0.0000000	0.0000000	0.0000000	0.0000000	0.0000000	0.0000000	0.0000000	0.0000000	0.0000000	0.0000000	0.0000000	2.1877279e-09	4.1849575e-07	3.8517108e-05	0.0018146490	0.044515085	0.57624193	4.0725813	16.802370	45.812917	95.638349	168.88485	265.49494	380.49028	501.80612	609.46055	677.97389	682.79103	611.35781	474.59019	309.44071	163.11629	66.897915	20.817724	4.9887960	0.98413134	0.17451848	0.029905669	0.0051773528	0.00092835971	0.00017417365	3.4373935e-05	6.7499279e-06	0.0000000	0.0000000	0.0000000	0.0000000	0.0000000	0.0000000	0.0000000	0.0000000	0.0000000
13.8250	0.0000000	0.0000000	0.0000000	0.0000000	0.0000000	0.0000000	0.0000000	0.0000000	0.0000000	0.0000000	0.0000000	0.0000000	0.0000000	0.0000000	0.0000000	0.0000000	0.0000000	0.0000000	0.0000000	0.0000000	0.0000000	0.0000000	0.0000000	0.0000000	0.0000000	0.0000000	0.0000000	0.0000000	0.0000000	0.0000000	0.0000000	0.0000000	0.0000000	0.0000000	0.0000000	0.0000000	0.0000000	0.0000000	0.0000000	0.0000000	4.8819688e-09	7.7966493e-07	6.1334632e-05	0.0025273251	0.055414332	0.65382162	4.2826503	16.590740	42.857825	85.404917	145.05015	220.97670	309.24297	401.39579	483.56884	537.22227	543.35593	490.68399	385.36908	254.75795	136.44955	56.998678	18.117439	4.4385203	0.89532121	0.16335078	0.028913479	0.0051736295	0.00095572748	0.00018333629	3.6553977e-05	7.1367567e-06	0.0000000	0.0000000	0.0000000	0.0000000	0.0000000	0.0000000	0.0000000	0.0000000	0.0000000
15.4530	0.0000000	0.0000000	0.0000000	0.0000000	0.0000000	0.0000000	0.0000000	0.0000000	0.0000000	0.0000000	0.0000000	0.0000000	0.0000000	0.0000000	0.0000000	0.0000000	0.0000000	0.0000000	0.0000000	0.0000000	0.0000000	0.0000000	0.0000000	0.0000000	0.0000000	0.0000000	0.0000000	0.0000000	0.0000000	0.0000000	0.0000000	0.0000000	0.0000000	0.0000000	0.0000000	0.0000000	0.0000000	0.0000000	0.0000000	0.0000000	1.4087322e-08	2.0267819e-06	0.00014385776	0.0053405801	0.10517327	1.1106646	6.4945575	22.448790	51.848133	92.570793	140.98714	192.56971	241.31536	279.76100	300.05194	295.99991	265.43254	212.47169	148.05157	86.984392	41.479260	15.452630	4.3871584	0.96389039	0.17533234	0.028853257	0.0046091200	0.00074599505	0.00012520031	2.1964735e-05	4.0406863e-06	7.3592020e-07	0.0000000	0.0000000	0.0000000	0.0000000	0.0000000	0.0000000	0.0000000	0.0000000	0.0000000
11.2500	0.0000000	0.0000000	0.0000000	0.0000000	0.0000000	0.0000000	0.0000000	0.0000000	0.0000000	0.0000000	0.0000000	0.0000000	0.0000000	0.0000000	0.0000000	0.0000000	0.0000000	0.0000000	0.0000000	0.0000000	0.0000000	0.0000000	0.0000000	0.0000000	0.0000000	0.0000000	0.0000000	0.0000000	0.0000000	0.0000000	0.0000000	0.0000000	0.0000000	0.0000000	0.0000000	0.0000000	0.0000000	0.0000000	0.0000000	0.0000000	4.2091323e-10	8.9723598e-08	9.0646005e-06	0.00046239623	0.012130749	0.16610419	1.2302936	5.2805950	14.897014	32.038013	58.068705	93.393428	136.53132	183.17645	225.80221	254.55002	259.58531	238.53517	192.01828	129.77410	70.879305	30.109775	9.7037337	2.4086388	0.49251628	0.090614158	0.016081518	0.0028677178	0.00052461743	9.9009649e-05	1.9290095e-05	3.6647630e-06	0.0000000	0.0000000	0.0000000	0.0000000	0.0000000	0.0000000	0.0000000	0.0000000	0.0000000
11.1290	0.0000000	0.0000000	0.0000000	0.0000000	0.0000000	0.0000000	0.0000000	0.0000000	0.0000000	0.0000000	0.0000000	0.0000000	0.0000000	0.0000000	0.0000000	0.0000000	0.0000000	0.0000000	0.0000000	0.0000000	0.0000000	0.0000000	0.0000000	0.0000000	0.0000000	0.0000000	0.0000000	0.0000000	0.0000000	0.0000000	0.0000000	0.0000000	0.0000000	0.0000000	0.0000000	0.0000000	0.0000000	0.0000000	0.0000000	0.0000000	3.3103805e-10	7.1232062e-08	7.2457639e-06	0.00037133636	0.0097694700	0.13394995	0.99220710	4.2543541	11.978157	25.693473	46.438522	74.496458	108.70124	145.72975	179.78193	203.18779	208.07314	189.67826	150.15761	100.02080	53.967221	22.703450	7.2646316	1.7951798	0.36647826	0.067516187	0.012035532	0.0021628024	0.00040011944	7.6659811e-05	1.5227091e-05	2.9547219e-06	0.0000000	0.0000000	0.0000000	0.0000000	0.0000000	0.0000000	0.0000000	0.0000000	0.0000000
16.3360	0.0000000	0.0000000	0.0000000	0.0000000	0.0000000	0.0000000	0.0000000	0.0000000	0.0000000	0.0000000	0.0000000	0.0000000	0.0000000	0.0000000	0.0000000	0.0000000	0.0000000	0.0000000	0.0000000	0.0000000	0.0000000	0.0000000	0.0000000	0.0000000	0.0000000	0.0000000	0.0000000	0.0000000	0.0000000	0.0000000	0.0000000	0.0000000	0.0000000	0.0000000	0.0000000	0.0000000	0.0000000	0.0000000	0.0000000	0.0000000	5.4239448e-09	7.3223793e-07	4.9165182e-05	0.0017403934	0.032968665	0.33785916	1.9319984	6.5748788	15.040195	26.724042	40.681264	55.760432	70.384835	82.521890	89.879495	90.404184	82.976375	68.220310	48.966227	29.713100	14.669982	5.6709430	1.6740308	0.38313740	0.072726180	0.012508487	0.0020910571	0.00035406454	6.2014727e-05	1.1301173e-05	2.1443825e-06	3.9906034e-07	0.0000000	0.0000000	0.0000000	0.0000000	0.0000000	0.0000000	0.0000000	0.0000000	0.0000000
13.8900	0.0000000	0.0000000	0.0000000	0.0000000	0.0000000	0.0000000	0.0000000	0.0000000	0.0000000	0.0000000	0.0000000	0.0000000	0.0000000	0.0000000	0.0000000	0.0000000	0.0000000	0.0000000	0.0000000	0.0000000	0.0000000	0.0000000	0.0000000	0.0000000	0.0000000	0.0000000	0.0000000	0.0000000	0.0000000	0.0000000	0.0000000	0.0000000	0.0000000	0.0000000	0.0000000	0.0000000	0.0000000	0.0000000	0.0000000	0.0000000	1.5570094e-09	2.4706205e-07	2.1140634e-05	0.00093547391	0.021121040	0.24076226	1.5215287	5.6732208	14.047309	26.699480	43.039330	61.959844	81.662235	99.632863	112.76363	117.71528	111.95878	95.195381	70.496929	44.008129	22.294338	8.8253088	2.6641636	0.62298719	0.12076099	0.021207600	0.0036197624	0.00062581804	0.00011194270	2.0840700e-05	4.0423147e-06	7.5644606e-07	0.0000000	0.0000000	0.0000000	0.0000000	0.0000000	0.0000000	0.0000000	0.0000000	0.0000000
16.0040	0.0000000	0.0000000	0.0000000	0.0000000	0.0000000	0.0000000	0.0000000	0.0000000	0.0000000	0.0000000	0.0000000	0.0000000	0.0000000	0.0000000	0.0000000	0.0000000	0.0000000	0.0000000	0.0000000	0.0000000	0.0000000	0.0000000	0.0000000	0.0000000	0.0000000	0.0000000	0.0000000	0.0000000	0.0000000	0.0000000	0.0000000	0.0000000	0.0000000	0.0000000	0.0000000	0.0000000	0.0000000	0.0000000	0.0000000	0.0000000	3.0960278e-09	4.3530548e-07	3.0348817e-05	0.0011103139	0.021608694	0.22617483	1.3150617	4.5362949	10.497949	18.849424	28.959070	40.001292	50.803727	80.212993	88.486279	89.255973	82.127942	67.679922	48.689112	27.323974	11.724109	4.1888053	1.2373294	0.28331938	0.053807165	0.0092618153	0.0015502560	0.00026301815	4.6202988e-05	8.4535410e-06	1.6123235e-06	3.1130834e-07	0.0000000	0.0000000	0.0000000	0.0000000	0.0000000	0.0000000	0.0000000	0.0000000	0.0000000
10.7700	0.0000000	0.0000000	0.0000000	0.0000000	0.0000000	0.0000000	0.0000000	0.0000000	0.0000000	0.0000000	0.0000000	0.0000000	0.0000000	0.0000000	0.0000000	0.0000000	0.0000000	0.0000000	0.0000000	0.0000000	0.0000000	0.0000000	0.0000000	0.0000000	0.0000000	0.0000000	0.0000000	0.0000000	0.0000000	0.0000000	0.0000000	0.0000000	0.0000000	0.0000000	0.0000000	0.0000000	0.0000000	0.0000000	0.0000000	0.0000000	1.7477711e-10	3.9092915e-08	4.1340007e-06	0.00022038434	0.0060356864	0.086185185	0.66465025	2.9623876	8.6410410	19.116593	35.479323	58.209188	86.558338	117.91026	147.43494	168.45116	173.93184	159.46829	126.66273	84.457598	45.524757	19.101084	6.0877014	1.4968433	0.30382444	0.055630881	0.0098541357	0.0017594966	0.00032345651	6.1595688e-05	1.2165389e-05	2.3485063e-06	0.0000000	0.0000000	0.0000000	0.0000000	0.0000000	0.0000000	0.0000000	0.0000000	0.0000000
10.6570	0.0000000	0.0000000	0.0000000	0.0000000	0.0000000	0.0000000	0.0000000	0.0000000	0.0000000	0.0000000	0.0000000	0.0000000	0.0000000	0.0000000	0.0000000	0.0000000	0.0000000	0.0000000	0.0000000	0.0000000	0.0000000	0.0000000	0.0000000	0.0000000	0.0000000	0.0000000	0.0000000	0.0000000	0.0000000	0.0000000	0.0000000	0.0000000	0.0000000	0.0000000	0.0000000	0.0000000	0.0000000	0.0000000	0.0000000	0.0000000	9.7009458e-11	2.1881020e-08	2.3217444e-06	0.00012368281	0.0033743507	0.047892458	0.36662505	1.6219479	4.7035324	10.376794	19.282213	31.826540	47.868414	66.319801	84.697035	99.045963	104.68497	98.088805	79.377385	53.281600	28.651496	11.990549	3.8110234	0.93436838	0.18410625	0.032165758	0.0053800081	0.00090797607	0.00015928605	2.9265931e-05	5.6414367e-06	1.0928228e-06	0.0000000	0.0000000	0.0000000	0.0000000	0.0000000	0.0000000	0.0000000	0.0000000	0.0000000
12.6800	0.0000000	0.0000000	0.0000000	0.0000000	0.0000000	0.0000000	0.0000000	0.0000000	0.0000000	0.0000000	0.0000000	0.0000000	0.0000000	0.0000000	0.0000000	0.0000000	0.0000000	0.0000000	0.0000000	0.0000000	0.0000000	0.0000000	0.0000000	0.0000000	0.0000000	0.0000000	0.0000000	0.0000000	0.0000000	0.0000000	0.0000000	0.0000000	0.0000000	0.0000000	0.0000000	0.0000000	0.0000000	0.0000000	0.0000000	0.0000000	4.7319988e-10	7.9994031e-08	6.5931865e-06	0.00028231558	0.0063865874	0.077133973	0.51153016	1.9749001	5.0096642	9.6835390	16.007596	23.792290	32.367908	40.813480	47.733272	51.457320	50.478536	44.181707	33.605949	21.522492	11.174370	4.5277762	1.3970583	0.33333340	0.065771761	0.011720670	0.0020223732	0.00035194835	6.3067472e-05	1.1701724e-05	2.2494254e-06	4.2194858e-07	0.0000000	0.0000000	0.0000000	0.0000000	0.0000000	0.0000000	0.0000000	0.0000000	0.0000000
11.0230	0.0000000	0.0000000	0.0000000	0.0000000	0.0000000	0.0000000	0.0000000	0.0000000	0.0000000	0.0000000	0.0000000	0.0000000	0.0000000	0.0000000	0.0000000	0.0000000	0.0000000	0.0000000	0.0000000	0.0000000	0.0000000	0.0000000	0.0000000	0.0000000	0.0000000	0.0000000	0.0000000	0.0000000	0.0000000	0.0000000	0.0000000	0.0000000	0.0000000	0.0000000	0.0000000	0.0000000	0.0000000	0.0000000	0.0000000	0.0000000	6.5891889e-11	1.4449314e-08	1.5106392e-06	8.0028902e-05	0.0021795265	0.030849804	0.23515547	1.0347372	2.9831776	6.5459792	12.112261	19.913005	29.789247	40.927963	51.670846	59.607476	62.146066	57.561468	46.232439	31.217497	17.068643	7.2729804	2.3547329	0.58790153	0.12104471	0.022454509	0.0040257490	0.00072708499	0.00013527920	2.6118142e-05	5.2428932e-06	1.0316653e-06	0.0000000	0.0000000	0.0000000	0.0000000	0.0000000	0.0000000	0.0000000	0.0000000	0.0000000
10.1150	0.0000000	0.0000000	0.0000000	0.0000000	0.0000000	0.0000000	0.0000000	0.0000000	0.0000000	0.0000000	0.0000000	0.0000000	0.0000000	0.0000000	0.0000000	0.0000000	0.0000000	0.0000000	0.0000000	0.0000000	0.0000000	0.0000000	0.0000000	0.0000000	0.0000000	0.0000000	0.0000000	0.0000000	0.0000000	0.0000000	0.0000000	0.0000000	0.0000000	0.0000000	0.0000000	0.0000000	0.0000000	0.0000000	0.0000000	0.0000000	9.7246071e-12	2.4333765e-09	2.8496261e-07	1.6588067e-05	0.00048825118	0.0074404065	0.060860669	0.28616846	0.87639950	2.0258700	3.9107443	6.6489956	10.216926	14.352471	18.484537	21.741463	23.094893	21.763158	17.744710	12.127557	6.6900266	2.8705182	0.93558242	0.23538207	0.048930935	0.0091868182	0.0016705814	0.00030646488	5.7911990e-05	1.1339600e-05	2.3033307e-06	4.5737724e-07	0.0000000	0.0000000	0.0000000	0.0000000	0.0000000	0.0000000	0.0000000	0.0000000	0.0000000
