# DO NOT EDIT: written Thu Mar 14 18:48:37 2019 by wrt_emiss_fe17.pro
# faked emissivities [1e-23 ergs cm^3/s] for Fe17 lines from Del Zanna 2011, A&A 536, A59
# emissivities include ion balance, but not abundance, and are spline and ion balance jittered off of emiss_Fe17_00000.txt
# line 6 -- SEED, LOGT
# lines 7+ -- WVL, EMISSIVITY
      371293	4.00	4.05	4.10	4.15	4.20	4.25	4.30	4.35	4.40	4.45	4.50	4.55	4.60	4.65	4.70	4.75	4.80	4.85	4.90	4.95	5.00	5.05	5.10	5.15	5.20	5.25	5.30	5.35	5.40	5.45	5.50	5.55	5.60	5.65	5.70	5.75	5.80	5.85	5.90	5.95	6.00	6.05	6.10	6.15	6.20	6.25	6.30	6.35	6.40	6.45	6.50	6.55	6.60	6.65	6.70	6.75	6.80	6.85	6.90	6.95	7.00	7.05	7.10	7.15	7.20	7.25	7.30	7.35	7.40	7.45	7.50	7.55	7.60	7.65	7.70	7.75	7.80	7.85	7.90	7.95	8.00
15.0130	0.0000000	0.0000000	0.0000000	0.0000000	0.0000000	0.0000000	0.0000000	0.0000000	0.0000000	0.0000000	0.0000000	0.0000000	0.0000000	0.0000000	0.0000000	0.0000000	0.0000000	0.0000000	0.0000000	0.0000000	0.0000000	0.0000000	0.0000000	0.0000000	0.0000000	0.0000000	0.0000000	0.0000000	0.0000000	0.0000000	0.0000000	0.0000000	0.0000000	0.0000000	0.0000000	0.0000000	0.0000000	0.0000000	0.0000000	0.0000000	0.0000000	1.3701966e-06	0.00017345547	0.011143367	0.36611154	6.1098404	50.926745	221.57224	593.53757	1179.3010	1960.4813	2900.8436	3932.4438	4942.5076	5771.7878	6236.1305	6169.3608	5495.4445	4304.0319	2875.0329	1578.8682	686.98097	230.85219	60.251575	12.801002	2.3831713	0.41822830	0.072898714	0.013005224	0.0024049291	0.00046268290	9.2439510e-05	6.6244788e-06	0.0000000	0.0000000	0.0000000	0.0000000	0.0000000	0.0000000	0.0000000	0.0000000
17.0510	0.0000000	0.0000000	0.0000000	0.0000000	0.0000000	0.0000000	0.0000000	0.0000000	0.0000000	0.0000000	0.0000000	0.0000000	0.0000000	0.0000000	0.0000000	0.0000000	0.0000000	0.0000000	0.0000000	0.0000000	0.0000000	0.0000000	0.0000000	0.0000000	0.0000000	0.0000000	0.0000000	0.0000000	0.0000000	0.0000000	0.0000000	0.0000000	0.0000000	0.0000000	0.0000000	0.0000000	0.0000000	0.0000000	0.0000000	0.0000000	0.0000000	2.8632080e-06	0.00032402185	0.018827322	0.56427166	8.6488482	66.580131	268.89618	671.86231	1250.8637	1956.5975	2733.5251	3508.6892	4185.0406	4646.3519	4779.9346	4508.6693	3833.4479	2867.7502	1830.4440	960.76869	399.61839	128.39524	32.060153	6.5229417	1.1642184	0.19608494	0.032832907	0.0056309789	0.0010014744	0.00018526971	3.5556934e-05	2.4437829e-06	0.0000000	0.0000000	0.0000000	0.0000000	0.0000000	0.0000000	0.0000000	0.0000000
17.0960	0.0000000	0.0000000	0.0000000	0.0000000	0.0000000	0.0000000	0.0000000	0.0000000	0.0000000	0.0000000	0.0000000	0.0000000	0.0000000	0.0000000	0.0000000	0.0000000	0.0000000	0.0000000	0.0000000	0.0000000	0.0000000	0.0000000	0.0000000	0.0000000	0.0000000	0.0000000	0.0000000	0.0000000	0.0000000	0.0000000	0.0000000	0.0000000	0.0000000	0.0000000	0.0000000	0.0000000	0.0000000	0.0000000	0.0000000	0.0000000	0.0000000	3.2088546e-06	0.00035615211	0.020306110	0.59834318	9.0308828	68.496065	272.36236	668.96717	1221.7615	1870.5551	2553.0134	3195.9113	3712.0932	4008.6026	4007.3192	3670.0383	3027.6563	2196.1335	1358.1392	690.05510	277.55604	86.161996	20.775740	3.9186891	0.64268604	0.10094290	0.016067532	0.0026674622	0.00046355323	8.3971118e-05	1.5803568e-05	1.0673108e-06	0.0000000	0.0000000	0.0000000	0.0000000	0.0000000	0.0000000	0.0000000	0.0000000
16.7760	0.0000000	0.0000000	0.0000000	0.0000000	0.0000000	0.0000000	0.0000000	0.0000000	0.0000000	0.0000000	0.0000000	0.0000000	0.0000000	0.0000000	0.0000000	0.0000000	0.0000000	0.0000000	0.0000000	0.0000000	0.0000000	0.0000000	0.0000000	0.0000000	0.0000000	0.0000000	0.0000000	0.0000000	0.0000000	0.0000000	0.0000000	0.0000000	0.0000000	0.0000000	0.0000000	0.0000000	0.0000000	0.0000000	0.0000000	0.0000000	0.0000000	1.7653819e-06	0.00020114520	0.011794450	0.35860077	5.6125990	44.431285	185.84271	483.75129	941.90933	1543.9314	2251.2120	2892.3335	3447.6897	3821.5166	3922.8413	3691.4061	3131.7921	2339.3422	1492.2601	783.54546	326.33454	105.08236	26.319927	5.3762196	0.96428095	0.16339159	0.027558323	0.0047672848	0.00085645170	0.00016030059	3.1181205e-05	2.1763806e-06	0.0000000	0.0000000	0.0000000	0.0000000	0.0000000	0.0000000	0.0000000	0.0000000
15.2620	0.0000000	0.0000000	0.0000000	0.0000000	0.0000000	0.0000000	0.0000000	0.0000000	0.0000000	0.0000000	0.0000000	0.0000000	0.0000000	0.0000000	0.0000000	0.0000000	0.0000000	0.0000000	0.0000000	0.0000000	0.0000000	0.0000000	0.0000000	0.0000000	0.0000000	0.0000000	0.0000000	0.0000000	0.0000000	0.0000000	0.0000000	0.0000000	0.0000000	0.0000000	0.0000000	0.0000000	0.0000000	0.0000000	0.0000000	0.0000000	0.0000000	4.0952208e-07	5.1327584e-05	0.0032726640	0.10686316	1.7727375	14.675889	63.359239	168.27277	331.27085	545.46045	799.38210	1073.2321	1335.5702	1543.5704	1649.5214	1612.7155	1418.2762	1095.3137	720.37787	388.80171	165.88660	54.537184	13.908307	2.8873828	0.52708685	0.092417297	0.016100621	0.0028719297	0.00053115483	0.00010222986	2.0435997e-05	1.4898699e-06	0.0000000	0.0000000	0.0000000	0.0000000	0.0000000	0.0000000	0.0000000	0.0000000
12.1240	0.0000000	0.0000000	0.0000000	0.0000000	0.0000000	0.0000000	0.0000000	0.0000000	0.0000000	0.0000000	0.0000000	0.0000000	0.0000000	0.0000000	0.0000000	0.0000000	0.0000000	0.0000000	0.0000000	0.0000000	0.0000000	0.0000000	0.0000000	0.0000000	0.0000000	0.0000000	0.0000000	0.0000000	0.0000000	0.0000000	0.0000000	0.0000000	0.0000000	0.0000000	0.0000000	0.0000000	0.0000000	0.0000000	0.0000000	0.0000000	0.0000000	3.8144775e-08	5.9630418e-06	0.00046151295	0.017867752	0.34449727	3.2598769	15.866797	46.968597	102.01686	183.61424	291.59551	420.85751	558.93160	685.08111	772.41712	793.48249	730.83919	589.68702	404.47420	227.40160	101.01174	34.564958	9.1681652	1.9763712	0.37273040	0.066154533	0.011642786	0.0020937708	0.00038964528	7.5294642e-05	1.5074999e-05	1.0802920e-06	0.0000000	0.0000000	0.0000000	0.0000000	0.0000000	0.0000000	0.0000000	0.0000000
12.2640	0.0000000	0.0000000	0.0000000	0.0000000	0.0000000	0.0000000	0.0000000	0.0000000	0.0000000	0.0000000	0.0000000	0.0000000	0.0000000	0.0000000	0.0000000	0.0000000	0.0000000	0.0000000	0.0000000	0.0000000	0.0000000	0.0000000	0.0000000	0.0000000	0.0000000	0.0000000	0.0000000	0.0000000	0.0000000	0.0000000	0.0000000	0.0000000	0.0000000	0.0000000	0.0000000	0.0000000	0.0000000	0.0000000	0.0000000	0.0000000	0.0000000	3.3298879e-08	5.2099738e-06	0.00040543276	0.015847053	0.30952220	2.9741917	14.710166	44.220419	97.444152	177.74436	285.77870	417.21977	560.08453	693.11763	787.60633	810.18987	744.07427	598.42468	409.07940	229.25337	100.71489	33.818997	8.7525218	1.8284539	0.33137565	0.056056396	0.0094383508	0.0016582323	0.00030925605	6.0992735e-05	1.2591597e-05	9.3287582e-07	0.0000000	0.0000000	0.0000000	0.0000000	0.0000000	0.0000000	0.0000000	0.0000000
13.8250	0.0000000	0.0000000	0.0000000	0.0000000	0.0000000	0.0000000	0.0000000	0.0000000	0.0000000	0.0000000	0.0000000	0.0000000	0.0000000	0.0000000	0.0000000	0.0000000	0.0000000	0.0000000	0.0000000	0.0000000	0.0000000	0.0000000	0.0000000	0.0000000	0.0000000	0.0000000	0.0000000	0.0000000	0.0000000	0.0000000	0.0000000	0.0000000	0.0000000	0.0000000	0.0000000	0.0000000	0.0000000	0.0000000	0.0000000	0.0000000	0.0000000	5.8713128e-08	7.8903774e-06	0.00053909149	0.018880561	0.33639189	2.9921085	13.848694	39.220271	81.839652	142.06873	218.51810	306.94926	399.03856	481.53600	536.96563	547.26820	500.89683	401.72384	273.76310	152.88545	67.475178	22.958204	6.0620464	1.3030980	0.24562883	0.043685955	0.0077251579	0.0013995814	0.00026305185	5.1457320e-05	1.0451461e-05	7.6099138e-07	0.0000000	0.0000000	0.0000000	0.0000000	0.0000000	0.0000000	0.0000000	0.0000000
15.4530	0.0000000	0.0000000	0.0000000	0.0000000	0.0000000	0.0000000	0.0000000	0.0000000	0.0000000	0.0000000	0.0000000	0.0000000	0.0000000	0.0000000	0.0000000	0.0000000	0.0000000	0.0000000	0.0000000	0.0000000	0.0000000	0.0000000	0.0000000	0.0000000	0.0000000	0.0000000	0.0000000	0.0000000	0.0000000	0.0000000	0.0000000	0.0000000	0.0000000	0.0000000	0.0000000	0.0000000	0.0000000	0.0000000	0.0000000	0.0000000	0.0000000	1.4251788e-07	1.6927662e-05	0.0010199090	0.031424754	0.49177922	3.8411027	15.644900	39.187402	72.717070	112.76837	155.49510	196.23845	229.32739	249.44626	251.76372	232.25582	192.62664	140.27964	87.033161	44.362089	17.910584	5.5855827	1.3542989	0.26778756	0.046510344	0.0076363010	0.0012491516	0.00020982037	3.6649337e-05	6.6785877e-06	1.2671916e-06	8.7315810e-08	0.0000000	0.0000000	0.0000000	0.0000000	0.0000000	0.0000000	0.0000000	0.0000000
11.2500	0.0000000	0.0000000	0.0000000	0.0000000	0.0000000	0.0000000	0.0000000	0.0000000	0.0000000	0.0000000	0.0000000	0.0000000	0.0000000	0.0000000	0.0000000	0.0000000	0.0000000	0.0000000	0.0000000	0.0000000	0.0000000	0.0000000	0.0000000	0.0000000	0.0000000	0.0000000	0.0000000	0.0000000	0.0000000	0.0000000	0.0000000	0.0000000	0.0000000	0.0000000	0.0000000	0.0000000	0.0000000	0.0000000	0.0000000	0.0000000	0.0000000	8.4603252e-09	1.4351052e-06	0.00011943402	0.0049338602	0.10081853	1.0048166	5.1208485	15.789007	35.565913	66.139824	108.17979	160.37481	218.27048	273.54734	314.67962	329.16129	308.12294	252.22188	175.24274	99.670332	44.739641	15.456409	4.1359798	0.89900565	0.17090119	0.030564043	0.0054180203	0.00098099959	0.00018373052	3.5715851e-05	7.1901887e-06	5.1775069e-07	0.0000000	0.0000000	0.0000000	0.0000000	0.0000000	0.0000000	0.0000000	0.0000000
11.1290	0.0000000	0.0000000	0.0000000	0.0000000	0.0000000	0.0000000	0.0000000	0.0000000	0.0000000	0.0000000	0.0000000	0.0000000	0.0000000	0.0000000	0.0000000	0.0000000	0.0000000	0.0000000	0.0000000	0.0000000	0.0000000	0.0000000	0.0000000	0.0000000	0.0000000	0.0000000	0.0000000	0.0000000	0.0000000	0.0000000	0.0000000	0.0000000	0.0000000	0.0000000	0.0000000	0.0000000	0.0000000	0.0000000	0.0000000	0.0000000	0.0000000	5.6085794e-09	9.6741845e-07	8.0892059e-05	0.0033241294	0.067307544	0.66614105	3.3822112	10.418573	23.503831	43.866481	72.134140	107.66040	147.66376	186.60173	216.46331	228.23262	215.16278	177.14280	123.57063	70.423106	31.620902	10.912705	2.9140392	0.63161852	0.11967788	0.021327583	0.0037670694	0.00067970989	0.00012690598	2.4607161e-05	4.9453767e-06	3.5587737e-07	0.0000000	0.0000000	0.0000000	0.0000000	0.0000000	0.0000000	0.0000000	0.0000000
16.3360	0.0000000	0.0000000	0.0000000	0.0000000	0.0000000	0.0000000	0.0000000	0.0000000	0.0000000	0.0000000	0.0000000	0.0000000	0.0000000	0.0000000	0.0000000	0.0000000	0.0000000	0.0000000	0.0000000	0.0000000	0.0000000	0.0000000	0.0000000	0.0000000	0.0000000	0.0000000	0.0000000	0.0000000	0.0000000	0.0000000	0.0000000	0.0000000	0.0000000	0.0000000	0.0000000	0.0000000	0.0000000	0.0000000	0.0000000	0.0000000	0.0000000	6.6018133e-08	7.5134733e-06	0.00043703869	0.013092616	0.20047513	1.5400221	6.1955444	15.382154	28.360034	43.782072	60.195065	75.856533	88.688101	96.434776	97.133783	89.720296	74.744741	54.838650	34.381326	17.760450	7.2851919	2.3131745	0.57206421	0.11554080	0.020518962	0.0034473467	0.00057733401	9.9299966e-05	1.7758289e-05	3.3118322e-06	6.4232333e-07	4.4718825e-08	0.0000000	0.0000000	0.0000000	0.0000000	0.0000000	0.0000000	0.0000000	0.0000000
13.8900	0.0000000	0.0000000	0.0000000	0.0000000	0.0000000	0.0000000	0.0000000	0.0000000	0.0000000	0.0000000	0.0000000	0.0000000	0.0000000	0.0000000	0.0000000	0.0000000	0.0000000	0.0000000	0.0000000	0.0000000	0.0000000	0.0000000	0.0000000	0.0000000	0.0000000	0.0000000	0.0000000	0.0000000	0.0000000	0.0000000	0.0000000	0.0000000	0.0000000	0.0000000	0.0000000	0.0000000	0.0000000	0.0000000	0.0000000	0.0000000	0.0000000	2.3731941e-08	3.0601777e-06	0.00020013077	0.0066971426	0.11385050	0.96471236	4.2431335	11.372694	22.354152	36.418469	52.451277	68.950950	84.019241	95.387823	100.50191	97.197781	84.776582	65.046567	42.549495	22.877050	9.7469115	3.2093230	0.82192292	0.17171167	0.031511330	0.0054647056	0.00094355808	0.00016711552	3.0735900e-05	5.8877933e-06	1.1715659e-06	8.3585760e-08	0.0000000	0.0000000	0.0000000	0.0000000	0.0000000	0.0000000	0.0000000	0.0000000
16.0040	0.0000000	0.0000000	0.0000000	0.0000000	0.0000000	0.0000000	0.0000000	0.0000000	0.0000000	0.0000000	0.0000000	0.0000000	0.0000000	0.0000000	0.0000000	0.0000000	0.0000000	0.0000000	0.0000000	0.0000000	0.0000000	0.0000000	0.0000000	0.0000000	0.0000000	0.0000000	0.0000000	0.0000000	0.0000000	0.0000000	0.0000000	0.0000000	0.0000000	0.0000000	0.0000000	0.0000000	0.0000000	0.0000000	0.0000000	0.0000000	0.0000000	3.9070537e-08	4.5926453e-06	0.00027548518	0.0084858079	0.13319947	1.0469982	4.3071774	10.939264	20.652544	32.671935	46.049172	59.491764	71.286686	79.419722	81.944694	77.509970	66.084790	49.573230	31.729564	16.699302	6.9636644	2.2429939	0.56166625	0.11467805	0.020558218	0.0034821754	0.00058732389	0.00010164804	1.8276793e-05	3.4242042e-06	6.6659511e-07	4.6539838e-08	0.0000000	0.0000000	0.0000000	0.0000000	0.0000000	0.0000000	0.0000000	0.0000000
10.7700	0.0000000	0.0000000	0.0000000	0.0000000	0.0000000	0.0000000	0.0000000	0.0000000	0.0000000	0.0000000	0.0000000	0.0000000	0.0000000	0.0000000	0.0000000	0.0000000	0.0000000	0.0000000	0.0000000	0.0000000	0.0000000	0.0000000	0.0000000	0.0000000	0.0000000	0.0000000	0.0000000	0.0000000	0.0000000	0.0000000	0.0000000	0.0000000	0.0000000	0.0000000	0.0000000	0.0000000	0.0000000	0.0000000	0.0000000	0.0000000	0.0000000	3.3781508e-09	6.0685752e-07	5.3335369e-05	0.0023203703	0.049786899	0.51930932	2.7580405	8.7758496	20.175144	38.009207	62.568721	92.824812	125.82856	156.43697	177.80466	182.95256	167.71828	133.89173	90.377331	49.776747	21.583101	7.4156525	1.9858250	0.43185771	0.082139521	0.014698931	0.0026075345	0.00047253791	8.8596695e-05	1.7246036e-05	3.4779591e-06	2.5097979e-07	0.0000000	0.0000000	0.0000000	0.0000000	0.0000000	0.0000000	0.0000000	0.0000000
10.6570	0.0000000	0.0000000	0.0000000	0.0000000	0.0000000	0.0000000	0.0000000	0.0000000	0.0000000	0.0000000	0.0000000	0.0000000	0.0000000	0.0000000	0.0000000	0.0000000	0.0000000	0.0000000	0.0000000	0.0000000	0.0000000	0.0000000	0.0000000	0.0000000	0.0000000	0.0000000	0.0000000	0.0000000	0.0000000	0.0000000	0.0000000	0.0000000	0.0000000	0.0000000	0.0000000	0.0000000	0.0000000	0.0000000	0.0000000	0.0000000	0.0000000	1.4333533e-09	2.5817592e-07	2.2857822e-05	0.0010057805	0.021893219	0.23213992	1.2550086	4.0861495	9.6651130	18.765572	31.866462	48.777576	68.170874	87.237462	101.82054	107.28536	100.48924	81.837305	56.302528	31.593270	13.956994	4.7396638	1.2467935	0.26679605	0.050049799	0.0088587814	0.0015592860	0.00028130777	5.2682938e-05	1.0277323e-05	2.0836548e-06	1.5161071e-07	0.0000000	0.0000000	0.0000000	0.0000000	0.0000000	0.0000000	0.0000000	0.0000000
12.6800	0.0000000	0.0000000	0.0000000	0.0000000	0.0000000	0.0000000	0.0000000	0.0000000	0.0000000	0.0000000	0.0000000	0.0000000	0.0000000	0.0000000	0.0000000	0.0000000	0.0000000	0.0000000	0.0000000	0.0000000	0.0000000	0.0000000	0.0000000	0.0000000	0.0000000	0.0000000	0.0000000	0.0000000	0.0000000	0.0000000	0.0000000	0.0000000	0.0000000	0.0000000	0.0000000	0.0000000	0.0000000	0.0000000	0.0000000	0.0000000	0.0000000	6.0353388e-09	8.4431677e-07	5.9592059e-05	0.0021424046	0.038916667	0.34954670	1.6108423	4.4844677	9.1072986	15.266709	22.560139	30.397218	37.950022	44.030758	47.265097	46.424738	40.980870	31.718549	20.891914	11.296298	4.8350345	1.5980276	0.41052692	0.085952121	0.015788250	0.0027367940	0.00048907536	9.0734625e-05	1.7249538e-05	3.3725781e-06	6.7795030e-07	4.8493172e-08	0.0000000	0.0000000	0.0000000	0.0000000	0.0000000	0.0000000	0.0000000	0.0000000
11.0230	0.0000000	0.0000000	0.0000000	0.0000000	0.0000000	0.0000000	0.0000000	0.0000000	0.0000000	0.0000000	0.0000000	0.0000000	0.0000000	0.0000000	0.0000000	0.0000000	0.0000000	0.0000000	0.0000000	0.0000000	0.0000000	0.0000000	0.0000000	0.0000000	0.0000000	0.0000000	0.0000000	0.0000000	0.0000000	0.0000000	0.0000000	0.0000000	0.0000000	0.0000000	0.0000000	0.0000000	0.0000000	0.0000000	0.0000000	0.0000000	0.0000000	1.1407715e-09	2.0251392e-07	1.7674921e-05	0.00076375056	0.016212579	0.16665861	0.87016927	2.7323994	6.2411474	11.744464	19.417824	29.116974	40.197205	51.269399	60.152660	64.286280	61.587081	51.676574	36.860543	21.555087	9.9563457	3.5387320	0.97309255	0.21694525	0.042207079	0.0077074560	0.0013918876	0.00025637308	4.8816431e-05	9.6459769e-06	1.9742062e-06	1.4457535e-07	0.0000000	0.0000000	0.0000000	0.0000000	0.0000000	0.0000000	0.0000000	0.0000000
10.1150	0.0000000	0.0000000	0.0000000	0.0000000	0.0000000	0.0000000	0.0000000	0.0000000	0.0000000	0.0000000	0.0000000	0.0000000	0.0000000	0.0000000	0.0000000	0.0000000	0.0000000	0.0000000	0.0000000	0.0000000	0.0000000	0.0000000	0.0000000	0.0000000	0.0000000	0.0000000	0.0000000	0.0000000	0.0000000	0.0000000	0.0000000	0.0000000	0.0000000	0.0000000	0.0000000	0.0000000	0.0000000	0.0000000	0.0000000	0.0000000	0.0000000	1.6538086e-10	3.2655939e-08	3.1221314e-06	0.00014634311	0.0033527722	0.037039371	0.20685461	0.69048456	1.6626451	3.2671206	5.5925299	8.6116448	12.108352	15.623525	18.462025	19.792557	18.943323	15.814484	11.177101	6.4526350	2.9377017	1.0299212	0.28179183	0.062754912	0.012231982	0.0022446600	0.00040841835	7.5903216e-05	1.4719297e-05	2.9822935e-06	6.2841924e-07	4.7569206e-08	0.0000000	0.0000000	0.0000000	0.0000000	0.0000000	0.0000000	0.0000000	0.0000000
