# DO NOT EDIT: written Thu Mar 14 18:48:37 2019 by wrt_emiss_fe17.pro
# faked emissivities [1e-23 ergs cm^3/s] for Fe17 lines from Del Zanna 2011, A&A 536, A59
# emissivities include ion balance, but not abundance, and are spline and ion balance jittered off of emiss_Fe17_00000.txt
# line 6 -- SEED, LOGT
# lines 7+ -- WVL, EMISSIVITY
       85044	4.00	4.05	4.10	4.15	4.20	4.25	4.30	4.35	4.40	4.45	4.50	4.55	4.60	4.65	4.70	4.75	4.80	4.85	4.90	4.95	5.00	5.05	5.10	5.15	5.20	5.25	5.30	5.35	5.40	5.45	5.50	5.55	5.60	5.65	5.70	5.75	5.80	5.85	5.90	5.95	6.00	6.05	6.10	6.15	6.20	6.25	6.30	6.35	6.40	6.45	6.50	6.55	6.60	6.65	6.70	6.75	6.80	6.85	6.90	6.95	7.00	7.05	7.10	7.15	7.20	7.25	7.30	7.35	7.40	7.45	7.50	7.55	7.60	7.65	7.70	7.75	7.80	7.85	7.90	7.95	8.00
15.0130	0.0000000	0.0000000	0.0000000	0.0000000	0.0000000	0.0000000	0.0000000	0.0000000	0.0000000	0.0000000	0.0000000	0.0000000	0.0000000	0.0000000	0.0000000	0.0000000	0.0000000	0.0000000	0.0000000	0.0000000	0.0000000	0.0000000	0.0000000	0.0000000	0.0000000	0.0000000	0.0000000	0.0000000	0.0000000	0.0000000	0.0000000	0.0000000	0.0000000	0.0000000	0.0000000	0.0000000	0.0000000	0.0000000	0.0000000	0.0000000	0.0000000	1.2594572e-06	0.00015910603	0.010196065	0.33450162	5.5852805	46.764190	205.55349	557.36915	1116.1012	1860.5616	2752.6455	3726.5929	4676.7287	5455.9393	5895.0862	5841.9280	5225.4894	4124.1942	2789.8036	1561.9475	698.56134	243.14202	65.844945	14.400919	2.7250332	0.48107810	0.083859679	0.014920162	0.0027504533	0.00052767895	0.00010525499	1.0815090e-05	0.0000000	0.0000000	0.0000000	0.0000000	0.0000000	0.0000000	0.0000000	0.0000000
17.0510	0.0000000	0.0000000	0.0000000	0.0000000	0.0000000	0.0000000	0.0000000	0.0000000	0.0000000	0.0000000	0.0000000	0.0000000	0.0000000	0.0000000	0.0000000	0.0000000	0.0000000	0.0000000	0.0000000	0.0000000	0.0000000	0.0000000	0.0000000	0.0000000	0.0000000	0.0000000	0.0000000	0.0000000	0.0000000	0.0000000	0.0000000	0.0000000	0.0000000	0.0000000	0.0000000	0.0000000	0.0000000	0.0000000	0.0000000	0.0000000	0.0000000	2.5840858e-06	0.00029012312	0.016705094	0.49656648	7.5667741	58.197275	236.47595	596.32486	1116.8035	1750.1223	2444.5796	3135.7831	3739.6054	4155.4915	4285.1531	4059.8475	3476.5819	2629.1503	1704.9395	915.34732	392.64811	131.12137	34.094950	7.1685039	1.3058161	0.22224089	0.037398614	0.0064315528	0.0011472417	0.00021309185	4.1147000e-05	4.0906077e-06	0.0000000	0.0000000	0.0000000	0.0000000	0.0000000	0.0000000	0.0000000	0.0000000
17.0960	0.0000000	0.0000000	0.0000000	0.0000000	0.0000000	0.0000000	0.0000000	0.0000000	0.0000000	0.0000000	0.0000000	0.0000000	0.0000000	0.0000000	0.0000000	0.0000000	0.0000000	0.0000000	0.0000000	0.0000000	0.0000000	0.0000000	0.0000000	0.0000000	0.0000000	0.0000000	0.0000000	0.0000000	0.0000000	0.0000000	0.0000000	0.0000000	0.0000000	0.0000000	0.0000000	0.0000000	0.0000000	0.0000000	0.0000000	0.0000000	0.0000000	2.6877886e-06	0.00030347822	0.017529763	0.52218491	7.9616603	61.101044	246.74678	615.57205	1135.0237	1742.9748	2375.8345	2963.0065	3424.2090	3677.1878	3656.1230	3333.2746	2742.3736	1989.7805	1236.4049	635.21189	260.38841	82.998036	20.583528	4.1262482	0.71682460	0.11645418	0.018733997	0.0030857510	0.00052839768	9.4468102e-05	1.7610507e-05	1.6958149e-06	0.0000000	0.0000000	0.0000000	0.0000000	0.0000000	0.0000000	0.0000000	0.0000000
16.7760	0.0000000	0.0000000	0.0000000	0.0000000	0.0000000	0.0000000	0.0000000	0.0000000	0.0000000	0.0000000	0.0000000	0.0000000	0.0000000	0.0000000	0.0000000	0.0000000	0.0000000	0.0000000	0.0000000	0.0000000	0.0000000	0.0000000	0.0000000	0.0000000	0.0000000	0.0000000	0.0000000	0.0000000	0.0000000	0.0000000	0.0000000	0.0000000	0.0000000	0.0000000	0.0000000	0.0000000	0.0000000	0.0000000	0.0000000	0.0000000	0.0000000	2.1872907e-06	0.00024730261	0.014318100	0.42822478	6.5732036	50.976956	209.02225	532.15441	1006.0746	1590.4259	2155.4249	2542.6008	2716.7424	2913.3477	3526.0116	3742.2738	3198.5045	2414.0836	1562.6514	837.65363	358.84562	119.69453	31.090968	6.5305880	1.1886415	0.20218227	0.034014643	0.0058502166	0.0010440467	0.00019409668	3.7529808e-05	3.7380259e-06	0.0000000	0.0000000	0.0000000	0.0000000	0.0000000	0.0000000	0.0000000	0.0000000
15.2620	0.0000000	0.0000000	0.0000000	0.0000000	0.0000000	0.0000000	0.0000000	0.0000000	0.0000000	0.0000000	0.0000000	0.0000000	0.0000000	0.0000000	0.0000000	0.0000000	0.0000000	0.0000000	0.0000000	0.0000000	0.0000000	0.0000000	0.0000000	0.0000000	0.0000000	0.0000000	0.0000000	0.0000000	0.0000000	0.0000000	0.0000000	0.0000000	0.0000000	0.0000000	0.0000000	0.0000000	0.0000000	0.0000000	0.0000000	0.0000000	0.0000000	3.7048777e-07	4.5670773e-05	0.0028702027	0.092793086	1.5337756	12.768735	56.089802	152.87954	309.66460	524.58807	790.24135	1088.4616	1384.9686	1628.7595	1763.1657	1741.1587	1544.6990	1204.1622	801.58512	440.21649	192.58024	65.409772	17.253063	3.6705456	0.67516767	0.11586480	0.019872648	0.0035243144	0.00064749761	0.00012378293	2.4596838e-05	2.5170387e-06	0.0000000	0.0000000	0.0000000	0.0000000	0.0000000	0.0000000	0.0000000	0.0000000
12.1240	0.0000000	0.0000000	0.0000000	0.0000000	0.0000000	0.0000000	0.0000000	0.0000000	0.0000000	0.0000000	0.0000000	0.0000000	0.0000000	0.0000000	0.0000000	0.0000000	0.0000000	0.0000000	0.0000000	0.0000000	0.0000000	0.0000000	0.0000000	0.0000000	0.0000000	0.0000000	0.0000000	0.0000000	0.0000000	0.0000000	0.0000000	0.0000000	0.0000000	0.0000000	0.0000000	0.0000000	0.0000000	0.0000000	0.0000000	0.0000000	0.0000000	3.2764532e-08	5.1176703e-06	0.00039545655	0.015296386	0.29513758	2.8053967	13.793611	41.322620	90.426186	163.13217	258.89162	372.91162	494.12484	604.50280	680.91173	699.90248	646.55274	525.01349	364.15549	208.41194	95.015749	33.631717	9.2463350	2.0505607	0.39303251	0.070214886	0.012375326	0.0022246307	0.00041411342	8.0168472e-05	1.6121206e-05	1.6689250e-06	0.0000000	0.0000000	0.0000000	0.0000000	0.0000000	0.0000000	0.0000000	0.0000000
12.2640	0.0000000	0.0000000	0.0000000	0.0000000	0.0000000	0.0000000	0.0000000	0.0000000	0.0000000	0.0000000	0.0000000	0.0000000	0.0000000	0.0000000	0.0000000	0.0000000	0.0000000	0.0000000	0.0000000	0.0000000	0.0000000	0.0000000	0.0000000	0.0000000	0.0000000	0.0000000	0.0000000	0.0000000	0.0000000	0.0000000	0.0000000	0.0000000	0.0000000	0.0000000	0.0000000	0.0000000	0.0000000	0.0000000	0.0000000	0.0000000	0.0000000	3.8009150e-08	5.8977099e-06	0.00045426214	0.017565355	0.33955696	3.2377252	15.968660	47.943346	105.05548	189.66900	301.17387	434.17007	576.16491	706.33087	797.40978	821.35432	759.92430	617.54420	428.37606	245.08459	111.67056	39.499499	10.851526	2.4044364	0.46027954	0.082075437	0.014427448	0.0025842218	0.00047880581	9.2148574e-05	1.8397900e-05	1.8885278e-06	0.0000000	0.0000000	0.0000000	0.0000000	0.0000000	0.0000000	0.0000000	0.0000000
13.8250	0.0000000	0.0000000	0.0000000	0.0000000	0.0000000	0.0000000	0.0000000	0.0000000	0.0000000	0.0000000	0.0000000	0.0000000	0.0000000	0.0000000	0.0000000	0.0000000	0.0000000	0.0000000	0.0000000	0.0000000	0.0000000	0.0000000	0.0000000	0.0000000	0.0000000	0.0000000	0.0000000	0.0000000	0.0000000	0.0000000	0.0000000	0.0000000	0.0000000	0.0000000	0.0000000	0.0000000	0.0000000	0.0000000	0.0000000	0.0000000	0.0000000	4.6436500e-08	6.5331800e-06	0.00046530558	0.016924791	0.31205786	2.8657641	13.688822	39.881809	84.876133	148.99143	230.36392	324.03166	420.77965	506.46808	562.97381	572.14750	522.94409	420.03256	287.99602	162.93833	73.501586	25.789948	7.0447002	1.5560590	0.29786014	0.053279391	0.0094236856	0.0017031122	0.00031912665	6.2227176e-05	1.2604036e-05	1.3130963e-06	0.0000000	0.0000000	0.0000000	0.0000000	0.0000000	0.0000000	0.0000000	0.0000000
15.4530	0.0000000	0.0000000	0.0000000	0.0000000	0.0000000	0.0000000	0.0000000	0.0000000	0.0000000	0.0000000	0.0000000	0.0000000	0.0000000	0.0000000	0.0000000	0.0000000	0.0000000	0.0000000	0.0000000	0.0000000	0.0000000	0.0000000	0.0000000	0.0000000	0.0000000	0.0000000	0.0000000	0.0000000	0.0000000	0.0000000	0.0000000	0.0000000	0.0000000	0.0000000	0.0000000	0.0000000	0.0000000	0.0000000	0.0000000	0.0000000	0.0000000	1.4695506e-07	1.7202902e-05	0.0010214870	0.031074448	0.48189397	3.7560907	15.404394	39.046450	73.209912	114.43767	158.96618	202.27792	238.71400	261.89918	266.08169	247.87784	208.36773	154.48220	98.114135	51.557819	21.639800	7.0698656	1.7987377	0.37017700	0.066046120	0.011019357	0.0018198663	0.00030751426	5.3953002e-05	9.8645998e-06	1.8759307e-06	1.8369829e-07	0.0000000	0.0000000	0.0000000	0.0000000	0.0000000	0.0000000	0.0000000	0.0000000
11.2500	0.0000000	0.0000000	0.0000000	0.0000000	0.0000000	0.0000000	0.0000000	0.0000000	0.0000000	0.0000000	0.0000000	0.0000000	0.0000000	0.0000000	0.0000000	0.0000000	0.0000000	0.0000000	0.0000000	0.0000000	0.0000000	0.0000000	0.0000000	0.0000000	0.0000000	0.0000000	0.0000000	0.0000000	0.0000000	0.0000000	0.0000000	0.0000000	0.0000000	0.0000000	0.0000000	0.0000000	0.0000000	0.0000000	0.0000000	0.0000000	0.0000000	6.8726601e-09	1.1893961e-06	0.00010096202	0.0042531585	0.088431999	0.89647241	4.6576941	14.630406	33.365035	62.433034	102.42235	152.18407	207.82257	262.01160	304.40027	323.14177	308.33413	258.26120	184.28561	108.12928	50.368479	18.156710	5.0676038	1.1374587	0.22002260	0.039555617	0.0069961859	0.0012586116	0.00023382827	4.5055601e-05	8.9935010e-06	9.2148873e-07	0.0000000	0.0000000	0.0000000	0.0000000	0.0000000	0.0000000	0.0000000	0.0000000
11.1290	0.0000000	0.0000000	0.0000000	0.0000000	0.0000000	0.0000000	0.0000000	0.0000000	0.0000000	0.0000000	0.0000000	0.0000000	0.0000000	0.0000000	0.0000000	0.0000000	0.0000000	0.0000000	0.0000000	0.0000000	0.0000000	0.0000000	0.0000000	0.0000000	0.0000000	0.0000000	0.0000000	0.0000000	0.0000000	0.0000000	0.0000000	0.0000000	0.0000000	0.0000000	0.0000000	0.0000000	0.0000000	0.0000000	0.0000000	0.0000000	0.0000000	4.8299962e-09	8.3700832e-07	7.1165137e-05	0.0030069441	0.062931593	0.64424386	3.3861590	10.764697	24.837397	46.978613	77.784414	116.40002	159.64666	201.44859	233.25237	245.65795	231.78969	191.66570	134.99955	78.262603	36.061119	12.874257	3.5634072	0.79430477	0.15280221	0.027354246	0.0048227314	0.00086562049	0.00016056942	3.0911084e-05	6.1675551e-06	6.3191532e-07	0.0000000	0.0000000	0.0000000	0.0000000	0.0000000	0.0000000	0.0000000	0.0000000
16.3360	0.0000000	0.0000000	0.0000000	0.0000000	0.0000000	0.0000000	0.0000000	0.0000000	0.0000000	0.0000000	0.0000000	0.0000000	0.0000000	0.0000000	0.0000000	0.0000000	0.0000000	0.0000000	0.0000000	0.0000000	0.0000000	0.0000000	0.0000000	0.0000000	0.0000000	0.0000000	0.0000000	0.0000000	0.0000000	0.0000000	0.0000000	0.0000000	0.0000000	0.0000000	0.0000000	0.0000000	0.0000000	0.0000000	0.0000000	0.0000000	0.0000000	5.9064823e-08	6.7765209e-06	0.00039609761	0.011909961	0.18309027	1.4159510	5.7632698	14.498786	26.965731	41.796396	57.567936	72.661451	85.171729	93.020092	94.346357	88.041901	74.377123	55.557515	35.625592	18.933426	8.0468549	2.6641693	0.68717647	0.14336500	0.025917043	0.0043774444	0.00073094687	0.00012467827	2.2039647e-05	4.0515110e-06	7.7354833e-07	7.6066627e-08	0.0000000	0.0000000	0.0000000	0.0000000	0.0000000	0.0000000	0.0000000	0.0000000
13.8900	0.0000000	0.0000000	0.0000000	0.0000000	0.0000000	0.0000000	0.0000000	0.0000000	0.0000000	0.0000000	0.0000000	0.0000000	0.0000000	0.0000000	0.0000000	0.0000000	0.0000000	0.0000000	0.0000000	0.0000000	0.0000000	0.0000000	0.0000000	0.0000000	0.0000000	0.0000000	0.0000000	0.0000000	0.0000000	0.0000000	0.0000000	0.0000000	0.0000000	0.0000000	0.0000000	0.0000000	0.0000000	0.0000000	0.0000000	0.0000000	0.0000000	1.7670574e-08	2.2883734e-06	0.00015042471	0.0050722547	0.087204296	0.75169098	3.3897550	9.3540666	18.890157	31.509047	46.353690	62.133766	77.056627	88.831481	94.844240	92.837075	81.932482	63.672747	42.294831	23.198626	10.147620	3.4516415	0.91370759	0.19557820	0.036287060	0.0062949884	0.0010808533	0.00018987703	3.4641141e-05	6.5894299e-06	1.3048441e-06	1.3321798e-07	0.0000000	0.0000000	0.0000000	0.0000000	0.0000000	0.0000000	0.0000000	0.0000000
16.0040	0.0000000	0.0000000	0.0000000	0.0000000	0.0000000	0.0000000	0.0000000	0.0000000	0.0000000	0.0000000	0.0000000	0.0000000	0.0000000	0.0000000	0.0000000	0.0000000	0.0000000	0.0000000	0.0000000	0.0000000	0.0000000	0.0000000	0.0000000	0.0000000	0.0000000	0.0000000	0.0000000	0.0000000	0.0000000	0.0000000	0.0000000	0.0000000	0.0000000	0.0000000	0.0000000	0.0000000	0.0000000	0.0000000	0.0000000	0.0000000	0.0000000	3.9440428e-08	4.7871782e-06	0.00029298885	0.0090847835	0.14368758	1.1416141	4.7256188	11.701514	21.099958	32.127872	45.122828	58.947918	70.207085	74.306729	71.483297	66.083735	56.525549	42.662686	27.590693	14.761510	6.3052993	2.0953352	0.54207550	0.11341187	0.020566200	0.0034872143	0.00058533205	0.00010054061	1.7937142e-05	3.3363426e-06	6.4579948e-07	6.4413750e-08	0.0000000	0.0000000	0.0000000	0.0000000	0.0000000	0.0000000	0.0000000	0.0000000
10.7700	0.0000000	0.0000000	0.0000000	0.0000000	0.0000000	0.0000000	0.0000000	0.0000000	0.0000000	0.0000000	0.0000000	0.0000000	0.0000000	0.0000000	0.0000000	0.0000000	0.0000000	0.0000000	0.0000000	0.0000000	0.0000000	0.0000000	0.0000000	0.0000000	0.0000000	0.0000000	0.0000000	0.0000000	0.0000000	0.0000000	0.0000000	0.0000000	0.0000000	0.0000000	0.0000000	0.0000000	0.0000000	0.0000000	0.0000000	0.0000000	0.0000000	2.7772628e-09	5.0697405e-07	4.5321869e-05	0.0020101350	0.044103873	0.47270919	2.5964078	8.5415609	20.063003	38.491968	64.457021	97.346786	134.58517	171.12229	199.60713	211.70654	201.06358	167.24122	118.40440	68.949501	31.895739	11.428067	3.1737263	0.70973281	0.13698670	0.024608098	0.0043543378	0.00078454240	0.00014612128	2.8252130e-05	5.6635252e-06	5.8321022e-07	0.0000000	0.0000000	0.0000000	0.0000000	0.0000000	0.0000000	0.0000000	0.0000000
10.6570	0.0000000	0.0000000	0.0000000	0.0000000	0.0000000	0.0000000	0.0000000	0.0000000	0.0000000	0.0000000	0.0000000	0.0000000	0.0000000	0.0000000	0.0000000	0.0000000	0.0000000	0.0000000	0.0000000	0.0000000	0.0000000	0.0000000	0.0000000	0.0000000	0.0000000	0.0000000	0.0000000	0.0000000	0.0000000	0.0000000	0.0000000	0.0000000	0.0000000	0.0000000	0.0000000	0.0000000	0.0000000	0.0000000	0.0000000	0.0000000	0.0000000	1.4456196e-09	2.6265087e-07	2.3243886e-05	0.0010158307	0.021873383	0.22928000	1.2284325	3.9634082	9.2411749	17.601493	29.272066	43.922647	60.350338	76.271057	88.446727	93.277599	88.114831	72.940534	51.436226	29.863687	13.789139	4.9375945	1.3723826	0.30766678	0.059653244	0.010794478	0.0019304928	0.00035287661	6.6948406e-05	1.3241165e-05	2.7222272e-06	2.8677345e-07	0.0000000	0.0000000	0.0000000	0.0000000	0.0000000	0.0000000	0.0000000	0.0000000
12.6800	0.0000000	0.0000000	0.0000000	0.0000000	0.0000000	0.0000000	0.0000000	0.0000000	0.0000000	0.0000000	0.0000000	0.0000000	0.0000000	0.0000000	0.0000000	0.0000000	0.0000000	0.0000000	0.0000000	0.0000000	0.0000000	0.0000000	0.0000000	0.0000000	0.0000000	0.0000000	0.0000000	0.0000000	0.0000000	0.0000000	0.0000000	0.0000000	0.0000000	0.0000000	0.0000000	0.0000000	0.0000000	0.0000000	0.0000000	0.0000000	0.0000000	6.5552586e-09	9.1863586e-07	6.4904340e-05	0.0023378462	0.042630752	0.38594082	1.8032095	5.1000378	10.477437	17.678837	26.220686	35.416526	44.316058	51.555463	55.544599	54.841420	48.775640	38.163972	25.531437	14.113029	6.2253322	2.1366639	0.57104111	0.12341909	0.023112036	0.0040436931	0.00069948602	0.00012360196	2.2634329e-05	4.3105917e-06	8.5218677e-07	8.6615717e-08	0.0000000	0.0000000	0.0000000	0.0000000	0.0000000	0.0000000	0.0000000	0.0000000
11.0230	0.0000000	0.0000000	0.0000000	0.0000000	0.0000000	0.0000000	0.0000000	0.0000000	0.0000000	0.0000000	0.0000000	0.0000000	0.0000000	0.0000000	0.0000000	0.0000000	0.0000000	0.0000000	0.0000000	0.0000000	0.0000000	0.0000000	0.0000000	0.0000000	0.0000000	0.0000000	0.0000000	0.0000000	0.0000000	0.0000000	0.0000000	0.0000000	0.0000000	0.0000000	0.0000000	0.0000000	0.0000000	0.0000000	0.0000000	0.0000000	0.0000000	9.3617936e-10	1.6695778e-07	1.4643934e-05	0.00063716658	0.013661060	0.14257740	0.76119179	2.4521559	5.7293092	10.989285	18.490968	28.172898	39.400229	50.740552	59.966882	64.469719	62.123411	52.502642	37.838731	22.477699	10.624385	3.8923321	1.1052505	0.25256594	0.049772960	0.0091233973	0.0016454345	0.00030176435	5.7116360e-05	1.1196714e-05	2.2679315e-06	2.3485380e-07	0.0000000	0.0000000	0.0000000	0.0000000	0.0000000	0.0000000	0.0000000	0.0000000
10.1150	0.0000000	0.0000000	0.0000000	0.0000000	0.0000000	0.0000000	0.0000000	0.0000000	0.0000000	0.0000000	0.0000000	0.0000000	0.0000000	0.0000000	0.0000000	0.0000000	0.0000000	0.0000000	0.0000000	0.0000000	0.0000000	0.0000000	0.0000000	0.0000000	0.0000000	0.0000000	0.0000000	0.0000000	0.0000000	0.0000000	0.0000000	0.0000000	0.0000000	0.0000000	0.0000000	0.0000000	0.0000000	0.0000000	0.0000000	0.0000000	0.0000000	1.6912611e-10	3.3908999e-08	3.1796239e-06	0.00013873462	0.0028568228	0.028900668	0.16442345	0.56210011	1.3826042	2.7655076	4.8106612	7.5259469	10.756036	14.119694	16.994007	18.945011	19.439445	17.388729	13.150827	8.1130385	3.9446766	1.4762118	0.42608485	0.098641030	0.019648080	0.0036326117	0.00065974456	0.00012167741	2.3137365e-05	4.5560575e-06	9.2805810e-07	9.6908453e-08	0.0000000	0.0000000	0.0000000	0.0000000	0.0000000	0.0000000	0.0000000	0.0000000
