# DO NOT EDIT: written Thu Mar 14 18:48:37 2019 by wrt_emiss_fe17.pro
# faked emissivities [1e-23 ergs cm^3/s] for Fe17 lines from Del Zanna 2011, A&A 536, A59
# emissivities include ion balance, but not abundance, and are spline and ion balance jittered off of emiss_Fe17_00000.txt
# line 6 -- SEED, LOGT
# lines 7+ -- WVL, EMISSIVITY
      838837	4.00	4.05	4.10	4.15	4.20	4.25	4.30	4.35	4.40	4.45	4.50	4.55	4.60	4.65	4.70	4.75	4.80	4.85	4.90	4.95	5.00	5.05	5.10	5.15	5.20	5.25	5.30	5.35	5.40	5.45	5.50	5.55	5.60	5.65	5.70	5.75	5.80	5.85	5.90	5.95	6.00	6.05	6.10	6.15	6.20	6.25	6.30	6.35	6.40	6.45	6.50	6.55	6.60	6.65	6.70	6.75	6.80	6.85	6.90	6.95	7.00	7.05	7.10	7.15	7.20	7.25	7.30	7.35	7.40	7.45	7.50	7.55	7.60	7.65	7.70	7.75	7.80	7.85	7.90	7.95	8.00
15.0130	0.0000000	0.0000000	0.0000000	0.0000000	0.0000000	0.0000000	0.0000000	0.0000000	0.0000000	0.0000000	0.0000000	0.0000000	0.0000000	0.0000000	0.0000000	0.0000000	0.0000000	0.0000000	0.0000000	0.0000000	0.0000000	0.0000000	0.0000000	0.0000000	0.0000000	0.0000000	0.0000000	0.0000000	0.0000000	0.0000000	0.0000000	0.0000000	0.0000000	0.0000000	0.0000000	0.0000000	0.0000000	0.0000000	0.0000000	0.0000000	0.0000000	1.7067028e-06	0.00021364872	0.013369423	0.42626909	6.8708057	54.948091	227.42574	575.63562	1082.8169	1719.3785	2448.7476	3242.2058	4050.1899	4701.7062	5049.0175	4961.7490	4385.5347	3401.6798	2243.5554	1210.6711	514.10996	167.33486	42.786592	9.0235446	1.6933406	0.30363753	0.054545410	0.010077956	0.0019338896	0.00038648145	8.0205274e-05	3.2096316e-06	0.0000000	0.0000000	0.0000000	0.0000000	0.0000000	0.0000000	0.0000000	0.0000000
17.0510	0.0000000	0.0000000	0.0000000	0.0000000	0.0000000	0.0000000	0.0000000	0.0000000	0.0000000	0.0000000	0.0000000	0.0000000	0.0000000	0.0000000	0.0000000	0.0000000	0.0000000	0.0000000	0.0000000	0.0000000	0.0000000	0.0000000	0.0000000	0.0000000	0.0000000	0.0000000	0.0000000	0.0000000	0.0000000	0.0000000	0.0000000	0.0000000	0.0000000	0.0000000	0.0000000	0.0000000	0.0000000	0.0000000	0.0000000	0.0000000	0.0000000	2.5567935e-06	0.00028728109	0.016570448	0.49245541	7.4717928	56.763291	225.25230	551.98579	1010.7237	1560.4711	2156.6989	2741.7234	3240.5064	3608.8192	3761.4293	3586.3804	3072.8386	2307.0167	1469.7568	764.26748	311.91597	97.330057	23.480535	4.6409552	0.81506867	0.13670519	0.022971305	0.0039721325	0.00071402073	0.00013380314	2.6061216e-05	9.7981326e-07	0.0000000	0.0000000	0.0000000	0.0000000	0.0000000	0.0000000	0.0000000	0.0000000
17.0960	0.0000000	0.0000000	0.0000000	0.0000000	0.0000000	0.0000000	0.0000000	0.0000000	0.0000000	0.0000000	0.0000000	0.0000000	0.0000000	0.0000000	0.0000000	0.0000000	0.0000000	0.0000000	0.0000000	0.0000000	0.0000000	0.0000000	0.0000000	0.0000000	0.0000000	0.0000000	0.0000000	0.0000000	0.0000000	0.0000000	0.0000000	0.0000000	0.0000000	0.0000000	0.0000000	0.0000000	0.0000000	0.0000000	0.0000000	0.0000000	0.0000000	2.6485576e-06	0.00030270097	0.017828767	0.54218967	8.4086227	65.028372	261.32951	644.96269	1182.7228	1818.8965	2492.0316	3126.8272	3633.2262	3916.4007	3899.0543	3547.0540	2897.9933	2074.1732	1259.7271	624.59250	243.16506	72.429996	16.690100	3.1528974	0.52963332	0.085050738	0.013699114	0.0022732699	0.00039260080	7.0760647e-05	1.3269196e-05	4.8073696e-07	0.0000000	0.0000000	0.0000000	0.0000000	0.0000000	0.0000000	0.0000000	0.0000000
16.7760	0.0000000	0.0000000	0.0000000	0.0000000	0.0000000	0.0000000	0.0000000	0.0000000	0.0000000	0.0000000	0.0000000	0.0000000	0.0000000	0.0000000	0.0000000	0.0000000	0.0000000	0.0000000	0.0000000	0.0000000	0.0000000	0.0000000	0.0000000	0.0000000	0.0000000	0.0000000	0.0000000	0.0000000	0.0000000	0.0000000	0.0000000	0.0000000	0.0000000	0.0000000	0.0000000	0.0000000	0.0000000	0.0000000	0.0000000	0.0000000	0.0000000	2.1424395e-06	0.00024071983	0.013856870	0.41127738	6.2437193	47.569493	189.77058	468.56693	865.99921	1351.2099	1888.6611	2427.7914	2900.7177	3226.2605	3324.5262	3139.3541	2669.5171	1993.8977	1266.9626	658.77767	269.51701	84.496302	20.515931	4.0860427	0.72367009	0.12244883	0.020757826	0.0036195602	0.00065551797	0.00012358973	2.4174041e-05	9.1059352e-07	0.0000000	0.0000000	0.0000000	0.0000000	0.0000000	0.0000000	0.0000000	0.0000000
15.2620	0.0000000	0.0000000	0.0000000	0.0000000	0.0000000	0.0000000	0.0000000	0.0000000	0.0000000	0.0000000	0.0000000	0.0000000	0.0000000	0.0000000	0.0000000	0.0000000	0.0000000	0.0000000	0.0000000	0.0000000	0.0000000	0.0000000	0.0000000	0.0000000	0.0000000	0.0000000	0.0000000	0.0000000	0.0000000	0.0000000	0.0000000	0.0000000	0.0000000	0.0000000	0.0000000	0.0000000	0.0000000	0.0000000	0.0000000	0.0000000	0.0000000	4.2587919e-07	5.2906959e-05	0.0033470607	0.10845908	1.7848470	14.634258	62.395065	163.61658	319.46319	524.52422	769.72011	1038.0792	1301.1334	1518.2580	1641.8110	1627.5512	1453.1231	1139.5516	760.17380	414.87893	178.10546	58.555277	14.888079	3.0983978	0.57182783	0.10049740	0.017631241	0.0031691957	0.00058917391	0.00011355119	2.2611023e-05	8.6423911e-07	0.0000000	0.0000000	0.0000000	0.0000000	0.0000000	0.0000000	0.0000000	0.0000000
12.1240	0.0000000	0.0000000	0.0000000	0.0000000	0.0000000	0.0000000	0.0000000	0.0000000	0.0000000	0.0000000	0.0000000	0.0000000	0.0000000	0.0000000	0.0000000	0.0000000	0.0000000	0.0000000	0.0000000	0.0000000	0.0000000	0.0000000	0.0000000	0.0000000	0.0000000	0.0000000	0.0000000	0.0000000	0.0000000	0.0000000	0.0000000	0.0000000	0.0000000	0.0000000	0.0000000	0.0000000	0.0000000	0.0000000	0.0000000	0.0000000	0.0000000	3.3768325e-08	5.2934619e-06	0.00041076726	0.015924765	0.30683429	2.8917268	13.951934	40.848940	87.966048	157.47047	249.18345	358.61410	474.92823	580.26912	665.21252	702.03997	659.48405	538.07592	369.46110	205.62284	89.330672	29.543345	7.5245552	1.5644787	0.28802852	0.050478373	0.0088382861	0.0015888128	0.00029640875	5.7589258e-05	1.1626788e-05	4.5328903e-07	0.0000000	0.0000000	0.0000000	0.0000000	0.0000000	0.0000000	0.0000000	0.0000000
12.2640	0.0000000	0.0000000	0.0000000	0.0000000	0.0000000	0.0000000	0.0000000	0.0000000	0.0000000	0.0000000	0.0000000	0.0000000	0.0000000	0.0000000	0.0000000	0.0000000	0.0000000	0.0000000	0.0000000	0.0000000	0.0000000	0.0000000	0.0000000	0.0000000	0.0000000	0.0000000	0.0000000	0.0000000	0.0000000	0.0000000	0.0000000	0.0000000	0.0000000	0.0000000	0.0000000	0.0000000	0.0000000	0.0000000	0.0000000	0.0000000	0.0000000	3.5950856e-08	5.5628732e-06	0.00042792279	0.016506389	0.31735416	2.9898327	14.426846	42.222439	90.839358	162.40716	256.65638	369.00898	488.56561	597.07727	670.80624	685.65897	626.85971	500.27850	337.89089	185.96651	80.269277	26.482725	6.7523157	1.4093569	0.26098238	0.046057075	0.0081230538	0.0014702285	0.00027581353	5.3774825e-05	1.0863543e-05	4.2244365e-07	0.0000000	0.0000000	0.0000000	0.0000000	0.0000000	0.0000000	0.0000000	0.0000000
13.8250	0.0000000	0.0000000	0.0000000	0.0000000	0.0000000	0.0000000	0.0000000	0.0000000	0.0000000	0.0000000	0.0000000	0.0000000	0.0000000	0.0000000	0.0000000	0.0000000	0.0000000	0.0000000	0.0000000	0.0000000	0.0000000	0.0000000	0.0000000	0.0000000	0.0000000	0.0000000	0.0000000	0.0000000	0.0000000	0.0000000	0.0000000	0.0000000	0.0000000	0.0000000	0.0000000	0.0000000	0.0000000	0.0000000	0.0000000	0.0000000	0.0000000	6.4303510e-08	8.6537005e-06	0.00059192777	0.020727876	0.36848718	3.2587008	14.920770	41.692855	85.995514	147.91803	225.60025	313.98048	403.65667	480.36375	526.41890	525.89388	471.31237	370.29635	247.64723	136.07970	59.283802	20.005998	5.2971698	1.1672867	0.23201888	0.043124650	0.0076756212	0.0014036279	0.00026625736	5.2510288e-05	1.0729100e-05	4.2157306e-07	0.0000000	0.0000000	0.0000000	0.0000000	0.0000000	0.0000000	0.0000000	0.0000000
15.4530	0.0000000	0.0000000	0.0000000	0.0000000	0.0000000	0.0000000	0.0000000	0.0000000	0.0000000	0.0000000	0.0000000	0.0000000	0.0000000	0.0000000	0.0000000	0.0000000	0.0000000	0.0000000	0.0000000	0.0000000	0.0000000	0.0000000	0.0000000	0.0000000	0.0000000	0.0000000	0.0000000	0.0000000	0.0000000	0.0000000	0.0000000	0.0000000	0.0000000	0.0000000	0.0000000	0.0000000	0.0000000	0.0000000	0.0000000	0.0000000	0.0000000	1.3033270e-07	1.5655301e-05	0.00095563740	0.029820271	0.47170471	3.7110702	15.151232	37.949612	70.569407	109.98523	152.64066	193.94156	228.08233	248.65963	250.18000	229.83560	192.96325	146.30186	94.344388	49.379389	20.100045	6.2113856	1.4759791	0.28617950	0.049160515	0.0080494067	0.0013191284	0.00022240846	3.8999372e-05	7.1359045e-06	1.3579835e-06	4.9873369e-08	0.0000000	0.0000000	0.0000000	0.0000000	0.0000000	0.0000000	0.0000000	0.0000000
11.2500	0.0000000	0.0000000	0.0000000	0.0000000	0.0000000	0.0000000	0.0000000	0.0000000	0.0000000	0.0000000	0.0000000	0.0000000	0.0000000	0.0000000	0.0000000	0.0000000	0.0000000	0.0000000	0.0000000	0.0000000	0.0000000	0.0000000	0.0000000	0.0000000	0.0000000	0.0000000	0.0000000	0.0000000	0.0000000	0.0000000	0.0000000	0.0000000	0.0000000	0.0000000	0.0000000	0.0000000	0.0000000	0.0000000	0.0000000	0.0000000	0.0000000	8.0542849e-09	1.3859164e-06	0.00011763901	0.0049790549	0.10466435	1.0749542	5.6204281	17.656679	40.321068	75.742752	124.62973	184.86028	250.94112	312.21314	354.86783	365.16584	334.74964	267.01036	179.73019	98.323923	42.083174	13.738387	3.4599432	0.71248461	0.13011591	0.022648767	0.0039427831	0.00070528129	0.00013101097	2.5355740e-05	5.1005414e-06	1.9817809e-07	0.0000000	0.0000000	0.0000000	0.0000000	0.0000000	0.0000000	0.0000000	0.0000000
11.1290	0.0000000	0.0000000	0.0000000	0.0000000	0.0000000	0.0000000	0.0000000	0.0000000	0.0000000	0.0000000	0.0000000	0.0000000	0.0000000	0.0000000	0.0000000	0.0000000	0.0000000	0.0000000	0.0000000	0.0000000	0.0000000	0.0000000	0.0000000	0.0000000	0.0000000	0.0000000	0.0000000	0.0000000	0.0000000	0.0000000	0.0000000	0.0000000	0.0000000	0.0000000	0.0000000	0.0000000	0.0000000	0.0000000	0.0000000	0.0000000	0.0000000	4.8963738e-09	8.3893671e-07	7.1157295e-05	0.0029876426	0.061821858	0.62081573	3.1674846	9.7386000	21.891008	40.693847	66.572502	98.677813	134.17251	167.80760	192.38327	200.20900	186.04377	150.72758	103.22664	57.539188	25.122522	8.3739991	2.1545769	0.45337736	0.084589726	0.015031828	0.0026679261	0.00048561539	9.1552603e-05	1.7924741e-05	3.6331910e-06	1.4157955e-07	0.0000000	0.0000000	0.0000000	0.0000000	0.0000000	0.0000000	0.0000000	0.0000000
16.3360	0.0000000	0.0000000	0.0000000	0.0000000	0.0000000	0.0000000	0.0000000	0.0000000	0.0000000	0.0000000	0.0000000	0.0000000	0.0000000	0.0000000	0.0000000	0.0000000	0.0000000	0.0000000	0.0000000	0.0000000	0.0000000	0.0000000	0.0000000	0.0000000	0.0000000	0.0000000	0.0000000	0.0000000	0.0000000	0.0000000	0.0000000	0.0000000	0.0000000	0.0000000	0.0000000	0.0000000	0.0000000	0.0000000	0.0000000	0.0000000	0.0000000	7.2946454e-08	8.3214085e-06	0.00048547559	0.014581741	0.22363057	1.7164363	6.8733515	16.964106	31.194434	48.226742	66.581228	84.378116	99.263670	108.58711	109.95017	100.04173	80.735830	57.048232	34.195135	16.847857	6.6685453	2.0918298	0.52344864	0.10970300	0.019853812	0.0033148275	0.00055548783	9.5928755e-05	1.7238001e-05	3.2304722e-06	6.2911673e-07	2.3630138e-08	0.0000000	0.0000000	0.0000000	0.0000000	0.0000000	0.0000000	0.0000000	0.0000000
13.8900	0.0000000	0.0000000	0.0000000	0.0000000	0.0000000	0.0000000	0.0000000	0.0000000	0.0000000	0.0000000	0.0000000	0.0000000	0.0000000	0.0000000	0.0000000	0.0000000	0.0000000	0.0000000	0.0000000	0.0000000	0.0000000	0.0000000	0.0000000	0.0000000	0.0000000	0.0000000	0.0000000	0.0000000	0.0000000	0.0000000	0.0000000	0.0000000	0.0000000	0.0000000	0.0000000	0.0000000	0.0000000	0.0000000	0.0000000	0.0000000	0.0000000	2.2713254e-08	2.9198648e-06	0.00019075256	0.0063819060	0.10846874	0.91778178	4.0228832	10.757805	21.229845	34.947324	51.055317	68.184839	84.374509	97.075659	103.36468	100.71059	88.175616	67.618630	43.970444	23.335989	9.7276581	3.1044265	0.76694891	0.15541712	0.028012059	0.0048247196	0.00083278718	0.00014789551	2.7283645e-05	5.2401185e-06	1.0440421e-06	4.0054356e-08	0.0000000	0.0000000	0.0000000	0.0000000	0.0000000	0.0000000	0.0000000	0.0000000
16.0040	0.0000000	0.0000000	0.0000000	0.0000000	0.0000000	0.0000000	0.0000000	0.0000000	0.0000000	0.0000000	0.0000000	0.0000000	0.0000000	0.0000000	0.0000000	0.0000000	0.0000000	0.0000000	0.0000000	0.0000000	0.0000000	0.0000000	0.0000000	0.0000000	0.0000000	0.0000000	0.0000000	0.0000000	0.0000000	0.0000000	0.0000000	0.0000000	0.0000000	0.0000000	0.0000000	0.0000000	0.0000000	0.0000000	0.0000000	0.0000000	0.0000000	3.9623264e-08	4.7093032e-06	0.00028524636	0.0088530861	0.13963014	1.0982894	4.4970096	11.335784	21.279533	33.561049	47.220825	60.915179	72.856460	80.954911	83.220132	78.312447	66.295647	49.242457	31.086324	16.045833	6.5130792	2.0253631	0.48787735	0.096453782	0.016969324	0.0028549860	0.00048183343	8.3759088e-05	1.5142856e-05	2.8533652e-06	5.5830322e-07	2.1051274e-08	0.0000000	0.0000000	0.0000000	0.0000000	0.0000000	0.0000000	0.0000000	0.0000000
10.7700	0.0000000	0.0000000	0.0000000	0.0000000	0.0000000	0.0000000	0.0000000	0.0000000	0.0000000	0.0000000	0.0000000	0.0000000	0.0000000	0.0000000	0.0000000	0.0000000	0.0000000	0.0000000	0.0000000	0.0000000	0.0000000	0.0000000	0.0000000	0.0000000	0.0000000	0.0000000	0.0000000	0.0000000	0.0000000	0.0000000	0.0000000	0.0000000	0.0000000	0.0000000	0.0000000	0.0000000	0.0000000	0.0000000	0.0000000	0.0000000	0.0000000	3.0755414e-09	5.5359815e-07	4.8759672e-05	0.0021237795	0.045538549	0.47306816	2.4899633	7.8631320	18.057499	34.120414	56.480667	84.387212	115.35568	144.85443	166.62085	173.91473	162.09061	131.76059	90.609209	50.783653	22.337057	7.5122020	1.9518298	0.41482911	0.078143300	0.014005610	0.0025040300	0.00045859804	8.6900786e-05	1.7084373e-05	3.4741360e-06	1.3570782e-07	0.0000000	0.0000000	0.0000000	0.0000000	0.0000000	0.0000000	0.0000000	0.0000000
10.6570	0.0000000	0.0000000	0.0000000	0.0000000	0.0000000	0.0000000	0.0000000	0.0000000	0.0000000	0.0000000	0.0000000	0.0000000	0.0000000	0.0000000	0.0000000	0.0000000	0.0000000	0.0000000	0.0000000	0.0000000	0.0000000	0.0000000	0.0000000	0.0000000	0.0000000	0.0000000	0.0000000	0.0000000	0.0000000	0.0000000	0.0000000	0.0000000	0.0000000	0.0000000	0.0000000	0.0000000	0.0000000	0.0000000	0.0000000	0.0000000	0.0000000	1.7210647e-09	3.1225829e-07	2.7598429e-05	0.0012017714	0.025681533	0.26520415	1.3853066	4.3400502	9.8953671	18.588740	30.648672	45.708582	62.483080	78.563319	90.576509	94.819306	88.651052	72.264299	49.789060	27.913980	12.255063	4.1062461	1.0616757	0.22442503	0.042062700	0.0075118514	0.0013408755	0.00024568870	4.6672990e-05	9.2164200e-06	1.8857490e-06	7.4226149e-08	0.0000000	0.0000000	0.0000000	0.0000000	0.0000000	0.0000000	0.0000000	0.0000000
12.6800	0.0000000	0.0000000	0.0000000	0.0000000	0.0000000	0.0000000	0.0000000	0.0000000	0.0000000	0.0000000	0.0000000	0.0000000	0.0000000	0.0000000	0.0000000	0.0000000	0.0000000	0.0000000	0.0000000	0.0000000	0.0000000	0.0000000	0.0000000	0.0000000	0.0000000	0.0000000	0.0000000	0.0000000	0.0000000	0.0000000	0.0000000	0.0000000	0.0000000	0.0000000	0.0000000	0.0000000	0.0000000	0.0000000	0.0000000	0.0000000	0.0000000	8.6531734e-09	1.2090881e-06	8.5258019e-05	0.0030599818	0.055411476	0.49473496	2.2567599	6.2077665	12.491499	20.820742	30.657694	30.451829	37.928149	43.891906	46.967775	45.940968	40.320741	30.952218	20.146688	10.706410	4.4707806	1.4299901	0.35425323	0.071996151	0.013010372	0.0022454609	0.00038808546	9.3290168e-05	1.7205263e-05	3.3014548e-06	6.5696859e-07	2.5176270e-08	0.0000000	0.0000000	0.0000000	0.0000000	0.0000000	0.0000000	0.0000000	0.0000000
11.0230	0.0000000	0.0000000	0.0000000	0.0000000	0.0000000	0.0000000	0.0000000	0.0000000	0.0000000	0.0000000	0.0000000	0.0000000	0.0000000	0.0000000	0.0000000	0.0000000	0.0000000	0.0000000	0.0000000	0.0000000	0.0000000	0.0000000	0.0000000	0.0000000	0.0000000	0.0000000	0.0000000	0.0000000	0.0000000	0.0000000	0.0000000	0.0000000	0.0000000	0.0000000	0.0000000	0.0000000	0.0000000	0.0000000	0.0000000	0.0000000	0.0000000	1.1173465e-09	2.0247628e-07	1.7842855e-05	0.00077125621	0.016250984	0.16465754	0.84208988	2.5858507	5.8068723	10.835783	17.929299	27.072233	37.717119	48.541834	57.410601	61.732276	59.332224	49.742627	35.253627	20.326788	9.1666100	3.1475156	0.83159861	0.17906784	0.034073713	0.0061569354	0.0011083346	0.00020435250	3.9023933e-05	7.7448076e-06	1.5931448e-06	6.3083386e-08	0.0000000	0.0000000	0.0000000	0.0000000	0.0000000	0.0000000	0.0000000	0.0000000
10.1150	0.0000000	0.0000000	0.0000000	0.0000000	0.0000000	0.0000000	0.0000000	0.0000000	0.0000000	0.0000000	0.0000000	0.0000000	0.0000000	0.0000000	0.0000000	0.0000000	0.0000000	0.0000000	0.0000000	0.0000000	0.0000000	0.0000000	0.0000000	0.0000000	0.0000000	0.0000000	0.0000000	0.0000000	0.0000000	0.0000000	0.0000000	0.0000000	0.0000000	0.0000000	0.0000000	0.0000000	0.0000000	0.0000000	0.0000000	0.0000000	0.0000000	1.7184831e-10	3.3834208e-08	3.2322110e-06	0.00015159957	0.0034790506	0.038481462	0.21471921	0.71617507	1.7307882	3.4302567	5.9418847	9.2766433	13.237678	17.340482	20.796537	22.605627	21.896657	18.445685	13.096329	7.5453931	3.3980677	1.1668175	0.30905506	0.066926398	0.012851138	0.0023501772	0.00042902639	8.0241904e-05	1.5524538e-05	3.1144309e-06	6.4573220e-07	2.5690114e-08	0.0000000	0.0000000	0.0000000	0.0000000	0.0000000	0.0000000	0.0000000	0.0000000
