# DO NOT EDIT: written Thu Mar 14 18:48:37 2019 by wrt_emiss_fe17.pro
# faked emissivities [1e-23 ergs cm^3/s] for Fe17 lines from Del Zanna 2011, A&A 536, A59
# emissivities include ion balance, but not abundance, and are spline and ion balance jittered off of emiss_Fe17_00000.txt
# line 6 -- SEED, LOGT
# lines 7+ -- WVL, EMISSIVITY
      102334	4.00	4.05	4.10	4.15	4.20	4.25	4.30	4.35	4.40	4.45	4.50	4.55	4.60	4.65	4.70	4.75	4.80	4.85	4.90	4.95	5.00	5.05	5.10	5.15	5.20	5.25	5.30	5.35	5.40	5.45	5.50	5.55	5.60	5.65	5.70	5.75	5.80	5.85	5.90	5.95	6.00	6.05	6.10	6.15	6.20	6.25	6.30	6.35	6.40	6.45	6.50	6.55	6.60	6.65	6.70	6.75	6.80	6.85	6.90	6.95	7.00	7.05	7.10	7.15	7.20	7.25	7.30	7.35	7.40	7.45	7.50	7.55	7.60	7.65	7.70	7.75	7.80	7.85	7.90	7.95	8.00
15.0130	0.0000000	0.0000000	0.0000000	0.0000000	0.0000000	0.0000000	0.0000000	0.0000000	0.0000000	0.0000000	0.0000000	0.0000000	0.0000000	0.0000000	0.0000000	0.0000000	0.0000000	0.0000000	0.0000000	0.0000000	0.0000000	0.0000000	0.0000000	0.0000000	0.0000000	0.0000000	0.0000000	0.0000000	0.0000000	0.0000000	0.0000000	0.0000000	0.0000000	0.0000000	0.0000000	0.0000000	0.0000000	0.0000000	0.0000000	0.0000000	0.0000000	1.1099165e-06	0.00014175022	0.0091978451	0.30598640	5.1856681	44.130744	197.64780	545.62401	1105.8745	1854.9767	2750.8200	3724.3037	4667.9147	5435.2794	5861.1057	5799.8316	5186.7941	4101.5925	2788.7253	1576.2722	715.41387	253.83087	70.110351	15.563701	2.9685864	0.52552299	0.091609157	0.016280435	0.0029978802	0.00057468864	0.00011462301	1.3853854e-05	0.0000000	0.0000000	0.0000000	0.0000000	0.0000000	0.0000000	0.0000000	0.0000000
17.0510	0.0000000	0.0000000	0.0000000	0.0000000	0.0000000	0.0000000	0.0000000	0.0000000	0.0000000	0.0000000	0.0000000	0.0000000	0.0000000	0.0000000	0.0000000	0.0000000	0.0000000	0.0000000	0.0000000	0.0000000	0.0000000	0.0000000	0.0000000	0.0000000	0.0000000	0.0000000	0.0000000	0.0000000	0.0000000	0.0000000	0.0000000	0.0000000	0.0000000	0.0000000	0.0000000	0.0000000	0.0000000	0.0000000	0.0000000	0.0000000	0.0000000	2.3297361e-06	0.00026161245	0.015068162	0.44855676	6.8563523	53.056153	217.81512	555.33553	1046.8493	1643.5918	2293.8932	2936.4679	3493.5896	3873.9950	3989.5938	3779.8072	3243.0974	2464.1738	1611.4810	876.73801	383.22967	131.02217	34.904297	7.4839854	1.3813905	0.23717374	0.040194415	0.0069622814	0.0012528535	0.00023525728	4.6042265e-05	5.4586315e-06	0.0000000	0.0000000	0.0000000	0.0000000	0.0000000	0.0000000	0.0000000	0.0000000
17.0960	0.0000000	0.0000000	0.0000000	0.0000000	0.0000000	0.0000000	0.0000000	0.0000000	0.0000000	0.0000000	0.0000000	0.0000000	0.0000000	0.0000000	0.0000000	0.0000000	0.0000000	0.0000000	0.0000000	0.0000000	0.0000000	0.0000000	0.0000000	0.0000000	0.0000000	0.0000000	0.0000000	0.0000000	0.0000000	0.0000000	0.0000000	0.0000000	0.0000000	0.0000000	0.0000000	0.0000000	0.0000000	0.0000000	0.0000000	0.0000000	0.0000000	2.0376163e-06	0.00022694513	0.012974321	0.38415482	5.8498194	45.118003	184.45067	467.43733	873.67752	1356.4092	1867.3009	2352.1851	2747.4507	2984.9192	3005.8794	2798.4023	2399.7304	1823.8037	1193.7009	650.19157	284.20824	96.277545	24.955577	5.1125581	0.89033535	0.14319793	0.022697967	0.0036927893	0.00063050387	0.00011366668	2.1517908e-05	2.4785586e-06	0.0000000	0.0000000	0.0000000	0.0000000	0.0000000	0.0000000	0.0000000	0.0000000
16.7760	0.0000000	0.0000000	0.0000000	0.0000000	0.0000000	0.0000000	0.0000000	0.0000000	0.0000000	0.0000000	0.0000000	0.0000000	0.0000000	0.0000000	0.0000000	0.0000000	0.0000000	0.0000000	0.0000000	0.0000000	0.0000000	0.0000000	0.0000000	0.0000000	0.0000000	0.0000000	0.0000000	0.0000000	0.0000000	0.0000000	0.0000000	0.0000000	0.0000000	0.0000000	0.0000000	0.0000000	0.0000000	0.0000000	0.0000000	0.0000000	0.0000000	2.0019129e-06	0.00022847362	0.013323503	0.40111111	6.1895939	48.381215	200.95166	518.97568	991.43460	1574.2186	2215.8815	2852.6487	3402.7709	3773.8742	3879.0767	3661.6431	3125.8928	2360.8374	1533.3696	827.89176	358.81065	121.51214	32.028742	6.7867768	1.2365378	0.20932778	0.034939806	0.0059541660	0.0010529212	0.00019407722	3.7250644e-05	4.3352591e-06	0.0000000	0.0000000	0.0000000	0.0000000	0.0000000	0.0000000	0.0000000	0.0000000
15.2620	0.0000000	0.0000000	0.0000000	0.0000000	0.0000000	0.0000000	0.0000000	0.0000000	0.0000000	0.0000000	0.0000000	0.0000000	0.0000000	0.0000000	0.0000000	0.0000000	0.0000000	0.0000000	0.0000000	0.0000000	0.0000000	0.0000000	0.0000000	0.0000000	0.0000000	0.0000000	0.0000000	0.0000000	0.0000000	0.0000000	0.0000000	0.0000000	0.0000000	0.0000000	0.0000000	0.0000000	0.0000000	0.0000000	0.0000000	0.0000000	0.0000000	4.0736562e-07	5.0884898e-05	0.0032297383	0.10518000	1.7469450	14.593564	64.281455	174.82623	349.66844	579.78910	851.46216	1143.4328	1423.2458	1647.2060	1766.4644	1738.6943	1546.5667	1216.4576	822.82282	462.85392	209.17904	73.934527	20.345129	4.4992495	0.85485753	0.15073470	0.026169525	0.0046313389	0.00084913248	0.00016204796	3.2167651e-05	3.8681330e-06	0.0000000	0.0000000	0.0000000	0.0000000	0.0000000	0.0000000	0.0000000	0.0000000
12.1240	0.0000000	0.0000000	0.0000000	0.0000000	0.0000000	0.0000000	0.0000000	0.0000000	0.0000000	0.0000000	0.0000000	0.0000000	0.0000000	0.0000000	0.0000000	0.0000000	0.0000000	0.0000000	0.0000000	0.0000000	0.0000000	0.0000000	0.0000000	0.0000000	0.0000000	0.0000000	0.0000000	0.0000000	0.0000000	0.0000000	0.0000000	0.0000000	0.0000000	0.0000000	0.0000000	0.0000000	0.0000000	0.0000000	0.0000000	0.0000000	0.0000000	3.1007688e-08	4.8806825e-06	0.00037992555	0.014819318	0.28889463	2.7847283	13.954710	42.667608	94.925418	173.36965	277.87077	403.78212	539.56757	665.78106	756.74987	785.60752	733.95857	603.97312	425.73636	248.56578	116.10958	42.248670	11.928843	2.6990494	0.52325389	0.093893028	0.016546653	0.0029652488	0.00054924969	0.00010563442	2.1076753e-05	2.5414284e-06	0.0000000	0.0000000	0.0000000	0.0000000	0.0000000	0.0000000	0.0000000	0.0000000
12.2640	0.0000000	0.0000000	0.0000000	0.0000000	0.0000000	0.0000000	0.0000000	0.0000000	0.0000000	0.0000000	0.0000000	0.0000000	0.0000000	0.0000000	0.0000000	0.0000000	0.0000000	0.0000000	0.0000000	0.0000000	0.0000000	0.0000000	0.0000000	0.0000000	0.0000000	0.0000000	0.0000000	0.0000000	0.0000000	0.0000000	0.0000000	0.0000000	0.0000000	0.0000000	0.0000000	0.0000000	0.0000000	0.0000000	0.0000000	0.0000000	0.0000000	2.8794322e-08	4.4312693e-06	0.00033860633	0.013010667	0.25055393	2.3901418	11.859738	35.893483	79.020461	142.81052	226.57572	326.18050	432.36149	529.80904	598.50401	617.78143	573.93341	469.58218	329.11330	191.10909	88.830818	32.187040	9.0585437	2.0451276	0.39600303	0.071040527	0.012527931	0.0022487917	0.00041765812	8.0629748e-05	1.6168078e-05	1.9620088e-06	0.0000000	0.0000000	0.0000000	0.0000000	0.0000000	0.0000000	0.0000000	0.0000000
13.8250	0.0000000	0.0000000	0.0000000	0.0000000	0.0000000	0.0000000	0.0000000	0.0000000	0.0000000	0.0000000	0.0000000	0.0000000	0.0000000	0.0000000	0.0000000	0.0000000	0.0000000	0.0000000	0.0000000	0.0000000	0.0000000	0.0000000	0.0000000	0.0000000	0.0000000	0.0000000	0.0000000	0.0000000	0.0000000	0.0000000	0.0000000	0.0000000	0.0000000	0.0000000	0.0000000	0.0000000	0.0000000	0.0000000	0.0000000	0.0000000	0.0000000	5.2384949e-08	7.0510764e-06	0.00048219878	0.016940717	0.30398874	2.7443874	13.032154	37.989174	80.898294	141.93093	219.28168	308.31527	400.33445	481.85291	535.64820	544.57562	498.22361	400.98457	275.93948	157.06122	71.469789	25.333473	7.0317078	1.5880382	0.30776020	0.055300490	0.0097759343	0.0017601797	0.00032801816	6.3536878e-05	1.2777432e-05	1.5531411e-06	0.0000000	0.0000000	0.0000000	0.0000000	0.0000000	0.0000000	0.0000000	0.0000000
15.4530	0.0000000	0.0000000	0.0000000	0.0000000	0.0000000	0.0000000	0.0000000	0.0000000	0.0000000	0.0000000	0.0000000	0.0000000	0.0000000	0.0000000	0.0000000	0.0000000	0.0000000	0.0000000	0.0000000	0.0000000	0.0000000	0.0000000	0.0000000	0.0000000	0.0000000	0.0000000	0.0000000	0.0000000	0.0000000	0.0000000	0.0000000	0.0000000	0.0000000	0.0000000	0.0000000	0.0000000	0.0000000	0.0000000	0.0000000	0.0000000	0.0000000	1.2335342e-07	1.4940809e-05	0.00091871030	0.028960449	0.46527859	3.7573527	15.984396	41.931481	80.760639	128.69713	181.23400	232.84002	276.58476	304.72067	310.33549	289.47743	243.55691	180.82744	115.18698	60.876464	25.787645	8.5261944	2.1925710	0.45310644	0.080506065	0.013291630	0.0021643640	0.00035997650	6.2157763e-05	1.1191754e-05	2.0989304e-06	2.3870228e-07	0.0000000	0.0000000	0.0000000	0.0000000	0.0000000	0.0000000	0.0000000	0.0000000
11.2500	0.0000000	0.0000000	0.0000000	0.0000000	0.0000000	0.0000000	0.0000000	0.0000000	0.0000000	0.0000000	0.0000000	0.0000000	0.0000000	0.0000000	0.0000000	0.0000000	0.0000000	0.0000000	0.0000000	0.0000000	0.0000000	0.0000000	0.0000000	0.0000000	0.0000000	0.0000000	0.0000000	0.0000000	0.0000000	0.0000000	0.0000000	0.0000000	0.0000000	0.0000000	0.0000000	0.0000000	0.0000000	0.0000000	0.0000000	0.0000000	0.0000000	6.4974096e-09	1.1219813e-06	9.4964862e-05	0.0039955084	0.083405139	0.85506708	4.5279700	14.546030	33.836789	64.343435	106.98115	160.76006	221.54429	281.16791	327.83080	348.18479	331.90846	277.93270	198.84553	117.54300	55.457893	20.335316	5.7735278	1.3110329	0.25462284	0.045686304	0.0080347555	0.0014339290	0.00026392269	5.0317830e-05	9.9267605e-06	1.1799482e-06	0.0000000	0.0000000	0.0000000	0.0000000	0.0000000	0.0000000	0.0000000	0.0000000
11.1290	0.0000000	0.0000000	0.0000000	0.0000000	0.0000000	0.0000000	0.0000000	0.0000000	0.0000000	0.0000000	0.0000000	0.0000000	0.0000000	0.0000000	0.0000000	0.0000000	0.0000000	0.0000000	0.0000000	0.0000000	0.0000000	0.0000000	0.0000000	0.0000000	0.0000000	0.0000000	0.0000000	0.0000000	0.0000000	0.0000000	0.0000000	0.0000000	0.0000000	0.0000000	0.0000000	0.0000000	0.0000000	0.0000000	0.0000000	0.0000000	0.0000000	4.6311213e-09	7.9108613e-07	6.6277266e-05	0.0027698899	0.057749491	0.59411822	3.1678855	10.267730	24.117971	46.299977	77.621735	117.38412	162.48290	206.75178	241.29809	256.14654	243.71808	203.45473	144.95167	85.246042	39.982487	14.564755	4.1058810	0.92533447	0.17829386	0.031725085	0.0055306603	0.00097794607	0.00017824934	3.3661537e-05	6.5958383e-06	7.8314956e-07	0.0000000	0.0000000	0.0000000	0.0000000	0.0000000	0.0000000	0.0000000	0.0000000
16.3360	0.0000000	0.0000000	0.0000000	0.0000000	0.0000000	0.0000000	0.0000000	0.0000000	0.0000000	0.0000000	0.0000000	0.0000000	0.0000000	0.0000000	0.0000000	0.0000000	0.0000000	0.0000000	0.0000000	0.0000000	0.0000000	0.0000000	0.0000000	0.0000000	0.0000000	0.0000000	0.0000000	0.0000000	0.0000000	0.0000000	0.0000000	0.0000000	0.0000000	0.0000000	0.0000000	0.0000000	0.0000000	0.0000000	0.0000000	0.0000000	0.0000000	4.8813453e-08	5.5828770e-06	0.00032645833	0.0098632595	0.15309156	1.2027269	5.0080604	12.927277	24.601556	38.880133	54.481748	69.866754	83.116024	92.023148	94.493959	89.147158	76.064813	57.393109	37.224025	20.063866	8.6800294	2.9342451	0.77220016	0.16342217	0.029747300	0.0050329156	0.00083991918	0.00014315458	2.5323365e-05	4.6688374e-06	8.9601148e-07	1.0419461e-07	0.0000000	0.0000000	0.0000000	0.0000000	0.0000000	0.0000000	0.0000000	0.0000000
13.8900	0.0000000	0.0000000	0.0000000	0.0000000	0.0000000	0.0000000	0.0000000	0.0000000	0.0000000	0.0000000	0.0000000	0.0000000	0.0000000	0.0000000	0.0000000	0.0000000	0.0000000	0.0000000	0.0000000	0.0000000	0.0000000	0.0000000	0.0000000	0.0000000	0.0000000	0.0000000	0.0000000	0.0000000	0.0000000	0.0000000	0.0000000	0.0000000	0.0000000	0.0000000	0.0000000	0.0000000	0.0000000	0.0000000	0.0000000	0.0000000	0.0000000	2.1198522e-08	2.7555727e-06	0.00018173864	0.0061543585	0.10645585	0.92656797	4.2398419	11.887566	24.294161	40.831300	60.371037	81.232496	97.083970	100.29129	117.38192	123.18065	109.32539	85.600629	57.441872	31.945497	14.227709	4.9432091	1.3353055	0.28979285	0.054058213	0.0093667218	0.0015998893	0.00027893154	5.0447620e-05	9.5060538e-06	1.8642238e-06	2.2151541e-07	0.0000000	0.0000000	0.0000000	0.0000000	0.0000000	0.0000000	0.0000000	0.0000000
16.0040	0.0000000	0.0000000	0.0000000	0.0000000	0.0000000	0.0000000	0.0000000	0.0000000	0.0000000	0.0000000	0.0000000	0.0000000	0.0000000	0.0000000	0.0000000	0.0000000	0.0000000	0.0000000	0.0000000	0.0000000	0.0000000	0.0000000	0.0000000	0.0000000	0.0000000	0.0000000	0.0000000	0.0000000	0.0000000	0.0000000	0.0000000	0.0000000	0.0000000	0.0000000	0.0000000	0.0000000	0.0000000	0.0000000	0.0000000	0.0000000	0.0000000	3.2406243e-08	3.7796375e-06	0.00022518918	0.0069169706	0.10889358	0.86663270	3.6550179	9.5633532	18.471390	29.652897	42.223422	55.020578	66.495392	74.785714	78.020149	74.798442	64.865657	49.743964	32.779620	17.935425	7.8665230	2.6921161	0.71623926	0.15302954	0.028084897	0.0047855149	0.00080367557	0.00013776121	2.4497935e-05	4.5387320e-06	8.7498589e-07	1.0217775e-07	0.0000000	0.0000000	0.0000000	0.0000000	0.0000000	0.0000000	0.0000000	0.0000000
10.7700	0.0000000	0.0000000	0.0000000	0.0000000	0.0000000	0.0000000	0.0000000	0.0000000	0.0000000	0.0000000	0.0000000	0.0000000	0.0000000	0.0000000	0.0000000	0.0000000	0.0000000	0.0000000	0.0000000	0.0000000	0.0000000	0.0000000	0.0000000	0.0000000	0.0000000	0.0000000	0.0000000	0.0000000	0.0000000	0.0000000	0.0000000	0.0000000	0.0000000	0.0000000	0.0000000	0.0000000	0.0000000	0.0000000	0.0000000	0.0000000	0.0000000	2.5774534e-09	4.6688258e-07	4.1332262e-05	0.0018136870	0.039376438	0.41854606	2.2886968	7.5504528	17.925270	34.596712	58.116535	87.921139	121.68689	154.87913	180.90192	192.27590	183.24530	153.26838	109.43691	64.528447	30.365195	11.108212	3.1484505	0.71444440	0.13885404	0.024969809	0.0044082934	0.00079113600	0.00014670932	2.8241412e-05	5.6389313e-06	6.8018292e-07	0.0000000	0.0000000	0.0000000	0.0000000	0.0000000	0.0000000	0.0000000	0.0000000
10.6570	0.0000000	0.0000000	0.0000000	0.0000000	0.0000000	0.0000000	0.0000000	0.0000000	0.0000000	0.0000000	0.0000000	0.0000000	0.0000000	0.0000000	0.0000000	0.0000000	0.0000000	0.0000000	0.0000000	0.0000000	0.0000000	0.0000000	0.0000000	0.0000000	0.0000000	0.0000000	0.0000000	0.0000000	0.0000000	0.0000000	0.0000000	0.0000000	0.0000000	0.0000000	0.0000000	0.0000000	0.0000000	0.0000000	0.0000000	0.0000000	0.0000000	1.3564921e-09	2.4958231e-07	2.2350978e-05	0.00098871521	0.021565015	0.22946843	1.2524374	4.1163841	9.7260740	18.669147	31.173912	46.857624	64.395217	81.312285	94.144605	99.101830	93.462367	77.308181	54.567434	31.797671	14.784294	5.3432628	1.4963223	0.33556762	0.065061100	0.011677773	0.0020589183	0.00036934070	6.8534955e-05	1.3217083e-05	2.6471061e-06	3.2065323e-07	0.0000000	0.0000000	0.0000000	0.0000000	0.0000000	0.0000000	0.0000000	0.0000000
12.6800	0.0000000	0.0000000	0.0000000	0.0000000	0.0000000	0.0000000	0.0000000	0.0000000	0.0000000	0.0000000	0.0000000	0.0000000	0.0000000	0.0000000	0.0000000	0.0000000	0.0000000	0.0000000	0.0000000	0.0000000	0.0000000	0.0000000	0.0000000	0.0000000	0.0000000	0.0000000	0.0000000	0.0000000	0.0000000	0.0000000	0.0000000	0.0000000	0.0000000	0.0000000	0.0000000	0.0000000	0.0000000	0.0000000	0.0000000	0.0000000	0.0000000	5.2345848e-09	7.3717712e-07	5.2411700e-05	0.0019050074	0.035182700	0.32435880	1.5538810	4.5208842	9.5341804	16.469867	24.976566	34.483847	44.110735	52.475318	57.832040	58.437261	53.230245	42.707827	29.351023	16.711530	7.6158940	2.6982838	0.73500137	0.16082494	0.030225428	0.0052706811	0.00090475283	0.00015827773	2.8677184e-05	5.4046273e-06	1.0585316e-06	1.2548978e-07	0.0000000	0.0000000	0.0000000	0.0000000	0.0000000	0.0000000	0.0000000	0.0000000
11.0230	0.0000000	0.0000000	0.0000000	0.0000000	0.0000000	0.0000000	0.0000000	0.0000000	0.0000000	0.0000000	0.0000000	0.0000000	0.0000000	0.0000000	0.0000000	0.0000000	0.0000000	0.0000000	0.0000000	0.0000000	0.0000000	0.0000000	0.0000000	0.0000000	0.0000000	0.0000000	0.0000000	0.0000000	0.0000000	0.0000000	0.0000000	0.0000000	0.0000000	0.0000000	0.0000000	0.0000000	0.0000000	0.0000000	0.0000000	0.0000000	0.0000000	1.0128733e-09	1.7628246e-07	1.5033937e-05	0.00063509550	0.013248517	0.13549168	0.71708657	2.3097788	5.4101599	10.418787	17.644161	27.133194	38.402278	50.162253	60.234800	65.884016	64.659132	55.712205	40.983171	24.888044	12.047792	4.5246464	1.3129140	0.30397047	0.060058119	0.010942478	0.0019513930	0.00035309710	6.5970357e-05	1.2793412e-05	2.5738568e-06	3.1286085e-07	0.0000000	0.0000000	0.0000000	0.0000000	0.0000000	0.0000000	0.0000000	0.0000000
10.1150	0.0000000	0.0000000	0.0000000	0.0000000	0.0000000	0.0000000	0.0000000	0.0000000	0.0000000	0.0000000	0.0000000	0.0000000	0.0000000	0.0000000	0.0000000	0.0000000	0.0000000	0.0000000	0.0000000	0.0000000	0.0000000	0.0000000	0.0000000	0.0000000	0.0000000	0.0000000	0.0000000	0.0000000	0.0000000	0.0000000	0.0000000	0.0000000	0.0000000	0.0000000	0.0000000	0.0000000	0.0000000	0.0000000	0.0000000	0.0000000	0.0000000	1.4665077e-10	2.8983402e-08	2.7678632e-06	0.00012977893	0.0029869690	0.033436168	0.19149939	0.65876362	1.6240654	3.2423087	5.6161374	8.7402356	12.424085	16.226793	19.445237	21.196211	20.702214	17.726774	12.940172	7.7894197	3.7395190	1.3956932	0.40382316	0.093624958	0.018612992	0.0034278603	0.00062030090	0.00011417738	2.1726911e-05	4.2936664e-06	8.8050589e-07	1.0913281e-07	0.0000000	0.0000000	0.0000000	0.0000000	0.0000000	0.0000000	0.0000000	0.0000000
