# DO NOT EDIT: written Thu Mar 14 18:48:37 2019 by wrt_emiss_fe17.pro
# faked emissivities [1e-23 ergs cm^3/s] for Fe17 lines from Del Zanna 2011, A&A 536, A59
# emissivities include ion balance, but not abundance, and are spline and ion balance jittered off of emiss_Fe17_00000.txt
# line 6 -- SEED, LOGT
# lines 7+ -- WVL, EMISSIVITY
      221432	4.00	4.05	4.10	4.15	4.20	4.25	4.30	4.35	4.40	4.45	4.50	4.55	4.60	4.65	4.70	4.75	4.80	4.85	4.90	4.95	5.00	5.05	5.10	5.15	5.20	5.25	5.30	5.35	5.40	5.45	5.50	5.55	5.60	5.65	5.70	5.75	5.80	5.85	5.90	5.95	6.00	6.05	6.10	6.15	6.20	6.25	6.30	6.35	6.40	6.45	6.50	6.55	6.60	6.65	6.70	6.75	6.80	6.85	6.90	6.95	7.00	7.05	7.10	7.15	7.20	7.25	7.30	7.35	7.40	7.45	7.50	7.55	7.60	7.65	7.70	7.75	7.80	7.85	7.90	7.95	8.00
15.0130	0.0000000	0.0000000	0.0000000	0.0000000	0.0000000	0.0000000	0.0000000	0.0000000	0.0000000	0.0000000	0.0000000	0.0000000	0.0000000	0.0000000	0.0000000	0.0000000	0.0000000	0.0000000	0.0000000	0.0000000	0.0000000	0.0000000	0.0000000	0.0000000	0.0000000	0.0000000	0.0000000	0.0000000	0.0000000	0.0000000	0.0000000	0.0000000	0.0000000	0.0000000	0.0000000	0.0000000	0.0000000	0.0000000	0.0000000	0.0000000	6.4498694e-08	1.0478203e-05	0.00081570774	0.033993201	0.77208296	9.6075744	65.620645	254.49876	637.83749	1217.6536	1974.4189	2871.5580	3840.0942	4767.9901	5501.4180	5868.0483	5720.2796	5004.7488	3831.3619	2484.4032	1311.5957	541.55541	170.22765	41.297102	8.2709699	1.4950823	0.26176294	0.046269546	0.0084352609	0.0015956564	0.00031365820	6.2223355e-05	0.0000000	0.0000000	0.0000000	0.0000000	0.0000000	0.0000000	0.0000000	0.0000000	0.0000000
17.0510	0.0000000	0.0000000	0.0000000	0.0000000	0.0000000	0.0000000	0.0000000	0.0000000	0.0000000	0.0000000	0.0000000	0.0000000	0.0000000	0.0000000	0.0000000	0.0000000	0.0000000	0.0000000	0.0000000	0.0000000	0.0000000	0.0000000	0.0000000	0.0000000	0.0000000	0.0000000	0.0000000	0.0000000	0.0000000	0.0000000	0.0000000	0.0000000	0.0000000	0.0000000	0.0000000	0.0000000	0.0000000	0.0000000	0.0000000	0.0000000	1.4320779e-07	2.0447582e-05	0.0014203584	0.053457620	1.1065611	12.642664	79.782865	287.57979	673.71811	1208.6911	1850.1519	2548.7778	3235.9548	3819.7642	4193.0934	4256.6722	3949.8455	3289.4417	2396.3822	1478.1225	742.02146	291.27411	87.053510	20.096971	3.8357722	0.66199789	0.11089800	0.018798682	0.0032944675	0.00060053475	0.00011399746	2.1876076e-05	0.0000000	0.0000000	0.0000000	0.0000000	0.0000000	0.0000000	0.0000000	0.0000000	0.0000000
17.0960	0.0000000	0.0000000	0.0000000	0.0000000	0.0000000	0.0000000	0.0000000	0.0000000	0.0000000	0.0000000	0.0000000	0.0000000	0.0000000	0.0000000	0.0000000	0.0000000	0.0000000	0.0000000	0.0000000	0.0000000	0.0000000	0.0000000	0.0000000	0.0000000	0.0000000	0.0000000	0.0000000	0.0000000	0.0000000	0.0000000	0.0000000	0.0000000	0.0000000	0.0000000	0.0000000	0.0000000	0.0000000	0.0000000	0.0000000	0.0000000	1.5052262e-07	2.1562954e-05	0.0015006400	0.056589711	1.1751636	13.477750	85.316980	307.78954	719.24402	1276.3884	1916.6581	2583.5280	3202.7765	3685.5967	3939.2519	3889.5047	3506.8310	2835.1618	2003.1929	1197.0741	581.45756	220.53256	63.596582	14.150513	2.6010518	0.43216800	0.069709446	0.011187568	0.0018506938	0.00031750437	5.6542711e-05	1.0161006e-05	0.0000000	0.0000000	0.0000000	0.0000000	0.0000000	0.0000000	0.0000000	0.0000000	0.0000000
16.7760	0.0000000	0.0000000	0.0000000	0.0000000	0.0000000	0.0000000	0.0000000	0.0000000	0.0000000	0.0000000	0.0000000	0.0000000	0.0000000	0.0000000	0.0000000	0.0000000	0.0000000	0.0000000	0.0000000	0.0000000	0.0000000	0.0000000	0.0000000	0.0000000	0.0000000	0.0000000	0.0000000	0.0000000	0.0000000	0.0000000	0.0000000	0.0000000	0.0000000	0.0000000	0.0000000	0.0000000	0.0000000	0.0000000	0.0000000	0.0000000	1.0708693e-07	1.5310611e-05	0.0010534365	0.038850250	0.78137714	8.6206594	52.244339	185.98509	438.47983	791.29410	1217.4269	1683.8272	2142.4040	2530.1030	2775.7323	2814.2468	2607.0967	2167.6306	1577.1714	972.17036	487.99967	191.64883	57.328280	13.250170	2.5325012	0.43779010	0.073480424	0.012484088	0.0021934796	0.00040098964	7.6358987e-05	1.4703889e-05	0.0000000	0.0000000	0.0000000	0.0000000	0.0000000	0.0000000	0.0000000	0.0000000	0.0000000
15.2620	0.0000000	0.0000000	0.0000000	0.0000000	0.0000000	0.0000000	0.0000000	0.0000000	0.0000000	0.0000000	0.0000000	0.0000000	0.0000000	0.0000000	0.0000000	0.0000000	0.0000000	0.0000000	0.0000000	0.0000000	0.0000000	0.0000000	0.0000000	0.0000000	0.0000000	0.0000000	0.0000000	0.0000000	0.0000000	0.0000000	0.0000000	0.0000000	0.0000000	0.0000000	0.0000000	0.0000000	0.0000000	0.0000000	0.0000000	0.0000000	2.1028733e-08	3.3697135e-06	0.00025935370	0.010700726	0.24070158	2.9634828	19.986924	76.384646	188.33678	353.37774	563.08528	805.31484	1060.2741	1298.1329	1479.8776	1563.2161	1512.2088	1315.2192	1002.3588	647.82541	341.19089	140.63369	44.147139	10.698235	2.1404261	0.38647950	0.067575335	0.011924561	0.0021696699	0.00040959795	8.0365634e-05	1.5918290e-05	0.0000000	0.0000000	0.0000000	0.0000000	0.0000000	0.0000000	0.0000000	0.0000000	0.0000000
12.1240	0.0000000	0.0000000	0.0000000	0.0000000	0.0000000	0.0000000	0.0000000	0.0000000	0.0000000	0.0000000	0.0000000	0.0000000	0.0000000	0.0000000	0.0000000	0.0000000	0.0000000	0.0000000	0.0000000	0.0000000	0.0000000	0.0000000	0.0000000	0.0000000	0.0000000	0.0000000	0.0000000	0.0000000	0.0000000	0.0000000	0.0000000	0.0000000	0.0000000	0.0000000	0.0000000	0.0000000	0.0000000	0.0000000	0.0000000	0.0000000	1.4274106e-09	2.9675232e-07	2.8724411e-05	0.0014502770	0.038985155	0.56214795	4.3663767	18.954119	52.461068	109.29456	191.35386	297.61417	421.84175	550.55504	662.79093	732.90726	736.64564	661.55426	517.99868	342.57759	184.05090	77.191754	24.606845	6.0477587	1.2262960	0.22428133	0.039704975	0.0070919243	0.0013056833	0.00024929119	4.9421226e-05	9.8772334e-06	0.0000000	0.0000000	0.0000000	0.0000000	0.0000000	0.0000000	0.0000000	0.0000000	0.0000000
12.2640	0.0000000	0.0000000	0.0000000	0.0000000	0.0000000	0.0000000	0.0000000	0.0000000	0.0000000	0.0000000	0.0000000	0.0000000	0.0000000	0.0000000	0.0000000	0.0000000	0.0000000	0.0000000	0.0000000	0.0000000	0.0000000	0.0000000	0.0000000	0.0000000	0.0000000	0.0000000	0.0000000	0.0000000	0.0000000	0.0000000	0.0000000	0.0000000	0.0000000	0.0000000	0.0000000	0.0000000	0.0000000	0.0000000	0.0000000	0.0000000	1.4084229e-09	2.9361246e-07	2.8639210e-05	0.0014539357	0.039067537	0.56478438	4.4064657	19.223524	53.446493	111.79063	196.42861	306.56876	436.13891	571.61668	691.22839	767.58092	774.16058	696.76698	545.85029	360.56566	193.17458	80.689332	25.595588	6.2568674	1.2615068	0.22935892	0.040357170	0.0071640624	0.0013109024	0.00024880069	4.9046676e-05	9.7522104e-06	0.0000000	0.0000000	0.0000000	0.0000000	0.0000000	0.0000000	0.0000000	0.0000000	0.0000000
13.8250	0.0000000	0.0000000	0.0000000	0.0000000	0.0000000	0.0000000	0.0000000	0.0000000	0.0000000	0.0000000	0.0000000	0.0000000	0.0000000	0.0000000	0.0000000	0.0000000	0.0000000	0.0000000	0.0000000	0.0000000	0.0000000	0.0000000	0.0000000	0.0000000	0.0000000	0.0000000	0.0000000	0.0000000	0.0000000	0.0000000	0.0000000	0.0000000	0.0000000	0.0000000	0.0000000	0.0000000	0.0000000	0.0000000	0.0000000	0.0000000	2.3832663e-09	4.0460623e-07	3.2999271e-05	0.0014470368	0.034749603	0.45894684	3.3327461	13.727713	36.384345	73.098193	124.23205	188.77549	263.19059	340.33236	408.74330	453.30113	458.52791	415.06145	327.51841	218.00066	117.70964	49.562796	15.853251	3.9091789	0.79561620	0.14620965	0.026041964	0.0046865143	0.00087047715	0.00016786161	3.3641375e-05	6.8012961e-06	0.0000000	0.0000000	0.0000000	0.0000000	0.0000000	0.0000000	0.0000000	0.0000000	0.0000000
15.4530	0.0000000	0.0000000	0.0000000	0.0000000	0.0000000	0.0000000	0.0000000	0.0000000	0.0000000	0.0000000	0.0000000	0.0000000	0.0000000	0.0000000	0.0000000	0.0000000	0.0000000	0.0000000	0.0000000	0.0000000	0.0000000	0.0000000	0.0000000	0.0000000	0.0000000	0.0000000	0.0000000	0.0000000	0.0000000	0.0000000	0.0000000	0.0000000	0.0000000	0.0000000	0.0000000	0.0000000	0.0000000	0.0000000	0.0000000	0.0000000	7.8306672e-09	1.2149449e-06	9.0533868e-05	0.0036158936	0.077298901	0.89046307	5.6207519	20.127369	46.578608	82.218336	123.62846	167.50749	209.94965	245.58011	267.72428	270.04443	248.68769	205.01633	147.28619	89.140730	43.648103	16.624831	4.8017848	1.0682720	0.19616647	0.032557533	0.0052486528	0.00085782970	0.00014538217	2.5729095e-05	4.7610731e-06	8.9405000e-07	0.0000000	0.0000000	0.0000000	0.0000000	0.0000000	0.0000000	0.0000000	0.0000000	0.0000000
11.2500	0.0000000	0.0000000	0.0000000	0.0000000	0.0000000	0.0000000	0.0000000	0.0000000	0.0000000	0.0000000	0.0000000	0.0000000	0.0000000	0.0000000	0.0000000	0.0000000	0.0000000	0.0000000	0.0000000	0.0000000	0.0000000	0.0000000	0.0000000	0.0000000	0.0000000	0.0000000	0.0000000	0.0000000	0.0000000	0.0000000	0.0000000	0.0000000	0.0000000	0.0000000	0.0000000	0.0000000	0.0000000	0.0000000	0.0000000	0.0000000	2.7673573e-10	6.4886533e-08	7.0238479e-06	0.00039053347	0.011343127	0.17551959	1.4535580	6.6857050	19.496627	42.588895	77.843758	125.90225	184.92515	249.29361	308.96986	350.57474	360.36458	329.87169	262.38198	175.69155	95.262600	40.206614	12.866886	3.1683881	0.64271647	0.11747538	0.020766902	0.0037016772	0.00067984104	0.00012945831	2.5597708e-05	5.1036620e-06	0.0000000	0.0000000	0.0000000	0.0000000	0.0000000	0.0000000	0.0000000	0.0000000	0.0000000
11.1290	0.0000000	0.0000000	0.0000000	0.0000000	0.0000000	0.0000000	0.0000000	0.0000000	0.0000000	0.0000000	0.0000000	0.0000000	0.0000000	0.0000000	0.0000000	0.0000000	0.0000000	0.0000000	0.0000000	0.0000000	0.0000000	0.0000000	0.0000000	0.0000000	0.0000000	0.0000000	0.0000000	0.0000000	0.0000000	0.0000000	0.0000000	0.0000000	0.0000000	0.0000000	0.0000000	0.0000000	0.0000000	0.0000000	0.0000000	0.0000000	1.4325348e-10	3.3390581e-08	3.5859146e-06	0.00019900455	0.0058307419	0.090935410	0.75837666	3.5094464	10.285609	22.558806	41.364810	67.071211	98.712441	133.29162	165.42612	187.90927	193.32016	177.06759	141.17849	95.403638	52.206014	22.238119	7.1829826	1.7854066	0.36561699	0.067468147	0.012041219	0.0021667687	0.00040167710	7.7191669e-05	1.5398212e-05	3.0956827e-06	0.0000000	0.0000000	0.0000000	0.0000000	0.0000000	0.0000000	0.0000000	0.0000000	0.0000000
16.3360	0.0000000	0.0000000	0.0000000	0.0000000	0.0000000	0.0000000	0.0000000	0.0000000	0.0000000	0.0000000	0.0000000	0.0000000	0.0000000	0.0000000	0.0000000	0.0000000	0.0000000	0.0000000	0.0000000	0.0000000	0.0000000	0.0000000	0.0000000	0.0000000	0.0000000	0.0000000	0.0000000	0.0000000	0.0000000	0.0000000	0.0000000	0.0000000	0.0000000	0.0000000	0.0000000	0.0000000	0.0000000	0.0000000	0.0000000	0.0000000	3.1851223e-09	4.6580462e-07	3.2935726e-05	0.0012560957	0.026304125	0.30377512	1.9346468	7.0207729	16.505324	29.593021	45.102192	61.687124	77.592869	90.624560	98.355050	98.659780	90.420024	74.347492	53.456592	32.539216	16.123179	6.2493828	1.8451443	0.42108806	0.079514468	0.013589358	0.0022568585	0.00037976350	6.6154680e-05	1.2001825e-05	2.2696244e-06	4.3414828e-07	0.0000000	0.0000000	0.0000000	0.0000000	0.0000000	0.0000000	0.0000000	0.0000000	0.0000000
13.8900	0.0000000	0.0000000	0.0000000	0.0000000	0.0000000	0.0000000	0.0000000	0.0000000	0.0000000	0.0000000	0.0000000	0.0000000	0.0000000	0.0000000	0.0000000	0.0000000	0.0000000	0.0000000	0.0000000	0.0000000	0.0000000	0.0000000	0.0000000	0.0000000	0.0000000	0.0000000	0.0000000	0.0000000	0.0000000	0.0000000	0.0000000	0.0000000	0.0000000	0.0000000	0.0000000	0.0000000	0.0000000	0.0000000	0.0000000	0.0000000	9.1271706e-10	1.5308734e-07	1.2292393e-05	0.00052907649	0.012443110	0.16068602	1.1391402	4.5706384	11.758408	22.833383	37.351608	54.419718	72.507424	89.387404	102.20102	107.77089	103.53896	88.924576	66.522858	41.955021	21.462690	8.5657603	2.5996056	0.60922329	0.11810591	0.020731813	0.0035393640	0.00061300394	0.00011003020	2.0576103e-05	4.0102396e-06	7.9013873e-07	0.0000000	0.0000000	0.0000000	0.0000000	0.0000000	0.0000000	0.0000000	0.0000000	0.0000000
16.0040	0.0000000	0.0000000	0.0000000	0.0000000	0.0000000	0.0000000	0.0000000	0.0000000	0.0000000	0.0000000	0.0000000	0.0000000	0.0000000	0.0000000	0.0000000	0.0000000	0.0000000	0.0000000	0.0000000	0.0000000	0.0000000	0.0000000	0.0000000	0.0000000	0.0000000	0.0000000	0.0000000	0.0000000	0.0000000	0.0000000	0.0000000	0.0000000	0.0000000	0.0000000	0.0000000	0.0000000	0.0000000	0.0000000	0.0000000	0.0000000	1.7021860e-09	2.5778313e-07	1.8885688e-05	0.00074555080	0.016119631	0.19164692	1.2540822	4.6715096	11.271111	20.744578	32.446831	45.507399	58.626159	70.027459	77.623962	79.438913	74.197794	62.102792	45.390869	28.036253	14.062537	5.5016369	1.6343166	0.37404253	0.070643520	0.012053858	0.0019968857	0.00033522693	5.8321288e-05	1.0583746e-05	2.0055122e-06	3.8513296e-07	0.0000000	0.0000000	0.0000000	0.0000000	0.0000000	0.0000000	0.0000000	0.0000000	0.0000000
10.7700	0.0000000	0.0000000	0.0000000	0.0000000	0.0000000	0.0000000	0.0000000	0.0000000	0.0000000	0.0000000	0.0000000	0.0000000	0.0000000	0.0000000	0.0000000	0.0000000	0.0000000	0.0000000	0.0000000	0.0000000	0.0000000	0.0000000	0.0000000	0.0000000	0.0000000	0.0000000	0.0000000	0.0000000	0.0000000	0.0000000	0.0000000	0.0000000	0.0000000	0.0000000	0.0000000	0.0000000	0.0000000	0.0000000	0.0000000	0.0000000	9.0418123e-11	2.1966801e-08	2.4516466e-06	0.00014107013	0.0042769008	0.068869698	0.59136421	2.8065030	8.3882081	18.641718	34.451659	56.077996	82.646655	111.65470	138.74074	158.03170	163.27034	150.33922	120.34169	81.101760	44.257697	18.798974	6.0540720	1.4999946	0.30609360	0.056268135	0.0099991675	0.0017903694	0.00032996430	6.2998824e-05	1.2492898e-05	2.4993452e-06	0.0000000	0.0000000	0.0000000	0.0000000	0.0000000	0.0000000	0.0000000	0.0000000	0.0000000
10.6570	0.0000000	0.0000000	0.0000000	0.0000000	0.0000000	0.0000000	0.0000000	0.0000000	0.0000000	0.0000000	0.0000000	0.0000000	0.0000000	0.0000000	0.0000000	0.0000000	0.0000000	0.0000000	0.0000000	0.0000000	0.0000000	0.0000000	0.0000000	0.0000000	0.0000000	0.0000000	0.0000000	0.0000000	0.0000000	0.0000000	0.0000000	0.0000000	0.0000000	0.0000000	0.0000000	0.0000000	0.0000000	0.0000000	0.0000000	0.0000000	5.2084369e-11	1.2872483e-08	1.4545975e-06	8.4371016e-05	0.0025684663	0.041396814	0.35489731	1.6791829	5.0037950	11.097957	20.487047	33.331484	49.109787	66.300066	82.231288	93.345944	95.962085	87.803173	69.763941	46.634252	25.228865	10.619811	3.3886481	0.83192369	0.16826389	0.030680475	0.0054159792	0.00096539401	0.00017759556	3.3935425e-05	6.7457539e-06	1.3546496e-06	0.0000000	0.0000000	0.0000000	0.0000000	0.0000000	0.0000000	0.0000000	0.0000000	0.0000000
12.6800	0.0000000	0.0000000	0.0000000	0.0000000	0.0000000	0.0000000	0.0000000	0.0000000	0.0000000	0.0000000	0.0000000	0.0000000	0.0000000	0.0000000	0.0000000	0.0000000	0.0000000	0.0000000	0.0000000	0.0000000	0.0000000	0.0000000	0.0000000	0.0000000	0.0000000	0.0000000	0.0000000	0.0000000	0.0000000	0.0000000	0.0000000	0.0000000	0.0000000	0.0000000	0.0000000	0.0000000	0.0000000	0.0000000	0.0000000	0.0000000	3.2640249e-10	5.9621060e-08	5.1680735e-06	0.00023843984	0.0059719205	0.081506209	0.60435879	2.5003999	6.5564518	12.872560	21.164036	30.887357	39.236512	45.971591	50.196959	50.889888	47.416064	39.916253	29.639625	18.842220	9.8753111	4.0936350	1.3035404	0.32263367	0.066250094	0.012312482	0.0022183692	0.00039108801	7.0118078e-05	1.3062156e-05	2.5312498e-06	4.9542103e-07	0.0000000	0.0000000	0.0000000	0.0000000	0.0000000	0.0000000	0.0000000	0.0000000	0.0000000
11.0230	0.0000000	0.0000000	0.0000000	0.0000000	0.0000000	0.0000000	0.0000000	0.0000000	0.0000000	0.0000000	0.0000000	0.0000000	0.0000000	0.0000000	0.0000000	0.0000000	0.0000000	0.0000000	0.0000000	0.0000000	0.0000000	0.0000000	0.0000000	0.0000000	0.0000000	0.0000000	0.0000000	0.0000000	0.0000000	0.0000000	0.0000000	0.0000000	0.0000000	0.0000000	0.0000000	0.0000000	0.0000000	0.0000000	0.0000000	0.0000000	3.5803417e-11	8.4032162e-09	9.1400527e-07	5.1549785e-05	0.0015341469	0.024198365	0.20322165	0.94371504	2.7690725	6.0775617	11.174716	18.225118	27.065686	36.995332	46.616441	53.899693	56.610425	53.128006	43.500535	30.125247	16.983135	7.4911997	2.5154889	0.65068842	0.13842149	0.026431690	0.0048560525	0.00089494276	0.00016926609	3.2733858e-05	6.5646424e-06	1.3300942e-06	0.0000000	0.0000000	0.0000000	0.0000000	0.0000000	0.0000000	0.0000000	0.0000000	0.0000000
10.1150	0.0000000	0.0000000	0.0000000	0.0000000	0.0000000	0.0000000	0.0000000	0.0000000	0.0000000	0.0000000	0.0000000	0.0000000	0.0000000	0.0000000	0.0000000	0.0000000	0.0000000	0.0000000	0.0000000	0.0000000	0.0000000	0.0000000	0.0000000	0.0000000	0.0000000	0.0000000	0.0000000	0.0000000	0.0000000	0.0000000	0.0000000	0.0000000	0.0000000	0.0000000	0.0000000	0.0000000	0.0000000	0.0000000	0.0000000	0.0000000	5.1225467e-12	1.3682046e-09	1.6595404e-07	1.0283031e-05	0.00033345314	0.0057107192	0.051907258	0.25975488	0.81604407	1.8997961	3.6639740	6.2009633	9.4682543	13.212684	16.926132	19.844863	21.063093	19.882275	16.276676	11.190071	6.2145742	2.6828149	0.87776997	0.22104411	0.045891326	0.0085957279	0.0015590699	0.00028534210	5.3823896e-05	1.0526550e-05	2.1371510e-06	4.3733662e-07	0.0000000	0.0000000	0.0000000	0.0000000	0.0000000	0.0000000	0.0000000	0.0000000	0.0000000
