# DO NOT EDIT: written Thu Mar 14 18:48:37 2019 by wrt_emiss_fe17.pro
# faked emissivities [1e-23 ergs cm^3/s] for Fe17 lines from Del Zanna 2011, A&A 536, A59
# emissivities include ion balance, but not abundance, and are spline and ion balance jittered off of emiss_Fe17_00000.txt
# line 6 -- SEED, LOGT
# lines 7+ -- WVL, EMISSIVITY
      277405	4.00	4.05	4.10	4.15	4.20	4.25	4.30	4.35	4.40	4.45	4.50	4.55	4.60	4.65	4.70	4.75	4.80	4.85	4.90	4.95	5.00	5.05	5.10	5.15	5.20	5.25	5.30	5.35	5.40	5.45	5.50	5.55	5.60	5.65	5.70	5.75	5.80	5.85	5.90	5.95	6.00	6.05	6.10	6.15	6.20	6.25	6.30	6.35	6.40	6.45	6.50	6.55	6.60	6.65	6.70	6.75	6.80	6.85	6.90	6.95	7.00	7.05	7.10	7.15	7.20	7.25	7.30	7.35	7.40	7.45	7.50	7.55	7.60	7.65	7.70	7.75	7.80	7.85	7.90	7.95	8.00
15.0130	0.0000000	0.0000000	0.0000000	0.0000000	0.0000000	0.0000000	0.0000000	0.0000000	0.0000000	0.0000000	0.0000000	0.0000000	0.0000000	0.0000000	0.0000000	0.0000000	0.0000000	0.0000000	0.0000000	0.0000000	0.0000000	0.0000000	0.0000000	0.0000000	0.0000000	0.0000000	0.0000000	0.0000000	0.0000000	0.0000000	0.0000000	0.0000000	0.0000000	0.0000000	0.0000000	0.0000000	0.0000000	0.0000000	0.0000000	0.0000000	1.3997770e-07	2.0848348e-05	0.0015342463	0.058747466	1.1861254	12.769763	76.177954	271.45478	653.89205	1226.9734	1973.6638	2857.7101	3808.6112	4711.6819	5411.1890	5735.3636	5543.4209	4797.2343	3624.7408	2316.3924	1205.0883	491.19699	153.00171	36.952533	7.3945939	1.3382591	0.23479702	0.041602817	0.0076016866	0.0014408478	0.00028365994	5.4106628e-05	0.0000000	0.0000000	0.0000000	0.0000000	0.0000000	0.0000000	0.0000000	0.0000000	0.0000000
17.0510	0.0000000	0.0000000	0.0000000	0.0000000	0.0000000	0.0000000	0.0000000	0.0000000	0.0000000	0.0000000	0.0000000	0.0000000	0.0000000	0.0000000	0.0000000	0.0000000	0.0000000	0.0000000	0.0000000	0.0000000	0.0000000	0.0000000	0.0000000	0.0000000	0.0000000	0.0000000	0.0000000	0.0000000	0.0000000	0.0000000	0.0000000	0.0000000	0.0000000	0.0000000	0.0000000	0.0000000	0.0000000	0.0000000	0.0000000	0.0000000	2.9884976e-07	3.9652576e-05	0.0026430679	0.092852343	1.7358010	17.421745	97.386033	326.52692	742.63207	1319.3275	2013.1338	2767.3131	3501.0874	4109.5443	4474.6733	4492.6681	4109.8730	3362.9521	2399.5701	1445.9642	708.37933	271.65460	79.589884	18.093552	3.4137293	0.58385183	0.097073793	0.016349174	0.0028488321	0.00051672737	9.7671731e-05	1.7942144e-05	0.0000000	0.0000000	0.0000000	0.0000000	0.0000000	0.0000000	0.0000000	0.0000000	0.0000000
17.0960	0.0000000	0.0000000	0.0000000	0.0000000	0.0000000	0.0000000	0.0000000	0.0000000	0.0000000	0.0000000	0.0000000	0.0000000	0.0000000	0.0000000	0.0000000	0.0000000	0.0000000	0.0000000	0.0000000	0.0000000	0.0000000	0.0000000	0.0000000	0.0000000	0.0000000	0.0000000	0.0000000	0.0000000	0.0000000	0.0000000	0.0000000	0.0000000	0.0000000	0.0000000	0.0000000	0.0000000	0.0000000	0.0000000	0.0000000	0.0000000	3.2397203e-07	4.1982729e-05	0.0027180302	0.092396976	1.6674106	16.106995	86.277844	275.49837	592.36420	987.66487	1433.7010	1918.5131	2363.8342	2703.2877	2869.0482	2808.8867	2506.2872	2000.6961	1392.6575	818.43698	390.77367	145.91238	41.581786	9.1864091	1.6831347	0.27943249	0.045096540	0.0073740654	0.0012479648	0.00021993983	4.0412880e-05	7.2200355e-06	0.0000000	0.0000000	0.0000000	0.0000000	0.0000000	0.0000000	0.0000000	0.0000000	0.0000000
16.7760	0.0000000	0.0000000	0.0000000	0.0000000	0.0000000	0.0000000	0.0000000	0.0000000	0.0000000	0.0000000	0.0000000	0.0000000	0.0000000	0.0000000	0.0000000	0.0000000	0.0000000	0.0000000	0.0000000	0.0000000	0.0000000	0.0000000	0.0000000	0.0000000	0.0000000	0.0000000	0.0000000	0.0000000	0.0000000	0.0000000	0.0000000	0.0000000	0.0000000	0.0000000	0.0000000	0.0000000	0.0000000	0.0000000	0.0000000	0.0000000	2.6584150e-07	3.5389662e-05	0.0023491357	0.081710195	1.5061147	14.920799	82.477042	273.31892	612.65963	1070.9921	1604.0647	2156.8740	2660.1609	3053.2262	3280.3735	3276.6571	3000.3839	2467.3999	1772.8458	1075.8227	530.59993	204.78990	60.365482	13.801394	2.6176894	0.44991929	0.075157214	0.012715444	0.0022254264	0.00040538701	7.6948919e-05	1.4194365e-05	0.0000000	0.0000000	0.0000000	0.0000000	0.0000000	0.0000000	0.0000000	0.0000000	0.0000000
15.2620	0.0000000	0.0000000	0.0000000	0.0000000	0.0000000	0.0000000	0.0000000	0.0000000	0.0000000	0.0000000	0.0000000	0.0000000	0.0000000	0.0000000	0.0000000	0.0000000	0.0000000	0.0000000	0.0000000	0.0000000	0.0000000	0.0000000	0.0000000	0.0000000	0.0000000	0.0000000	0.0000000	0.0000000	0.0000000	0.0000000	0.0000000	0.0000000	0.0000000	0.0000000	0.0000000	0.0000000	0.0000000	0.0000000	0.0000000	0.0000000	4.2915634e-08	6.3166902e-06	0.00046088500	0.017540347	0.35251002	3.7786059	22.427884	79.456500	190.16419	354.37744	566.07054	814.12953	1078.0130	1324.9941	1511.4905	1590.5333	1525.1944	1308.3019	978.73395	618.39193	317.59483	127.61391	39.133835	9.2938170	1.8268215	0.32443186	0.055797371	0.0096799472	0.0017305976	0.00032108878	6.1976847e-05	1.1623316e-05	0.0000000	0.0000000	0.0000000	0.0000000	0.0000000	0.0000000	0.0000000	0.0000000	0.0000000
12.1240	0.0000000	0.0000000	0.0000000	0.0000000	0.0000000	0.0000000	0.0000000	0.0000000	0.0000000	0.0000000	0.0000000	0.0000000	0.0000000	0.0000000	0.0000000	0.0000000	0.0000000	0.0000000	0.0000000	0.0000000	0.0000000	0.0000000	0.0000000	0.0000000	0.0000000	0.0000000	0.0000000	0.0000000	0.0000000	0.0000000	0.0000000	0.0000000	0.0000000	0.0000000	0.0000000	0.0000000	0.0000000	0.0000000	0.0000000	0.0000000	2.9112987e-09	5.5722826e-07	5.1299903e-05	0.0023990346	0.057900081	0.73098468	5.0284445	20.374849	55.132391	114.88698	202.99157	319.40576	457.68178	602.22755	728.30168	805.65110	806.32049	717.47706	553.88650	359.53112	188.97504	77.464506	24.175094	5.8342677	1.1645778	0.20997967	0.036672799	0.0064650636	0.0011751885	0.00022165776	4.3441764e-05	8.2530646e-06	0.0000000	0.0000000	0.0000000	0.0000000	0.0000000	0.0000000	0.0000000	0.0000000	0.0000000
12.2640	0.0000000	0.0000000	0.0000000	0.0000000	0.0000000	0.0000000	0.0000000	0.0000000	0.0000000	0.0000000	0.0000000	0.0000000	0.0000000	0.0000000	0.0000000	0.0000000	0.0000000	0.0000000	0.0000000	0.0000000	0.0000000	0.0000000	0.0000000	0.0000000	0.0000000	0.0000000	0.0000000	0.0000000	0.0000000	0.0000000	0.0000000	0.0000000	0.0000000	0.0000000	0.0000000	0.0000000	0.0000000	0.0000000	0.0000000	0.0000000	2.8416939e-09	5.3565847e-07	4.8791436e-05	0.0022663285	0.054475828	0.68588818	4.7041001	18.964637	50.926674	105.13199	183.87952	286.49502	407.07620	532.44805	641.60473	708.47844	708.68718	630.72968	487.17570	316.49104	166.55783	68.390682	21.389034	5.1749282	1.0357356	0.18720467	0.032754951	0.0057793761	0.0010501699	0.00019781776	3.8701968e-05	7.3409128e-06	0.0000000	0.0000000	0.0000000	0.0000000	0.0000000	0.0000000	0.0000000	0.0000000	0.0000000
13.8250	0.0000000	0.0000000	0.0000000	0.0000000	0.0000000	0.0000000	0.0000000	0.0000000	0.0000000	0.0000000	0.0000000	0.0000000	0.0000000	0.0000000	0.0000000	0.0000000	0.0000000	0.0000000	0.0000000	0.0000000	0.0000000	0.0000000	0.0000000	0.0000000	0.0000000	0.0000000	0.0000000	0.0000000	0.0000000	0.0000000	0.0000000	0.0000000	0.0000000	0.0000000	0.0000000	0.0000000	0.0000000	0.0000000	0.0000000	0.0000000	5.7283004e-09	9.0941247e-07	7.1364916e-05	0.0029201088	0.063167917	0.72988814	4.6717772	17.808401	45.608334	90.386371	152.67717	231.03712	320.62892	412.00290	490.54873	537.72597	535.77067	475.89524	367.09784	238.06467	124.98065	51.159624	15.940940	3.8402833	0.76507973	0.13767290	0.023988341	0.0042176377	0.00076469591	0.00014393635	2.8178332e-05	5.3551525e-06	0.0000000	0.0000000	0.0000000	0.0000000	0.0000000	0.0000000	0.0000000	0.0000000	0.0000000
15.4530	0.0000000	0.0000000	0.0000000	0.0000000	0.0000000	0.0000000	0.0000000	0.0000000	0.0000000	0.0000000	0.0000000	0.0000000	0.0000000	0.0000000	0.0000000	0.0000000	0.0000000	0.0000000	0.0000000	0.0000000	0.0000000	0.0000000	0.0000000	0.0000000	0.0000000	0.0000000	0.0000000	0.0000000	0.0000000	0.0000000	0.0000000	0.0000000	0.0000000	0.0000000	0.0000000	0.0000000	0.0000000	0.0000000	0.0000000	0.0000000	1.4148429e-08	2.1462361e-06	0.00015990750	0.0060956187	0.12053553	1.2531778	7.1303420	23.975790	53.997483	94.008771	139.46862	185.48223	226.55649	256.73099	270.03333	262.06243	231.87751	183.67164	127.00420	74.261018	35.353783	13.196759	3.7698744	0.83711411	0.15455793	0.025918879	0.0042338658	0.00070200556	0.00012066501	2.1629010e-05	4.0466029e-06	7.3671173e-07	0.0000000	0.0000000	0.0000000	0.0000000	0.0000000	0.0000000	0.0000000	0.0000000	0.0000000
11.2500	0.0000000	0.0000000	0.0000000	0.0000000	0.0000000	0.0000000	0.0000000	0.0000000	0.0000000	0.0000000	0.0000000	0.0000000	0.0000000	0.0000000	0.0000000	0.0000000	0.0000000	0.0000000	0.0000000	0.0000000	0.0000000	0.0000000	0.0000000	0.0000000	0.0000000	0.0000000	0.0000000	0.0000000	0.0000000	0.0000000	0.0000000	0.0000000	0.0000000	0.0000000	0.0000000	0.0000000	0.0000000	0.0000000	0.0000000	0.0000000	5.6535296e-10	1.1997957e-07	1.2096625e-05	0.00061246172	0.015832338	0.21190694	1.5300940	6.4446139	17.971143	38.316905	68.851231	109.61887	158.26930	209.10424	252.95901	278.71963	276.52331	242.94797	184.90114	120.11994	64.022068	26.602161	8.4128439	2.0568942	0.41590037	0.079269419	0.015023507	0.0029212622	0.00057941050	0.00011379114	2.2532370e-05	4.3207533e-06	0.0000000	0.0000000	0.0000000	0.0000000	0.0000000	0.0000000	0.0000000	0.0000000	0.0000000
11.1290	0.0000000	0.0000000	0.0000000	0.0000000	0.0000000	0.0000000	0.0000000	0.0000000	0.0000000	0.0000000	0.0000000	0.0000000	0.0000000	0.0000000	0.0000000	0.0000000	0.0000000	0.0000000	0.0000000	0.0000000	0.0000000	0.0000000	0.0000000	0.0000000	0.0000000	0.0000000	0.0000000	0.0000000	0.0000000	0.0000000	0.0000000	0.0000000	0.0000000	0.0000000	0.0000000	0.0000000	0.0000000	0.0000000	0.0000000	0.0000000	4.3621578e-10	9.3086467e-08	9.4336612e-06	0.00048005847	0.012474694	0.16224676	1.0000584	3.8226262	10.737300	23.080187	41.862376	67.385535	98.569188	132.27149	163.00731	183.59763	186.92701	169.05238	132.51919	87.274282	46.513224	19.324125	6.1101303	1.4936815	0.30200041	0.055157730	0.0097566294	0.0017414260	0.00032032199	6.1094594e-05	1.2097297e-05	2.3195067e-06	0.0000000	0.0000000	0.0000000	0.0000000	0.0000000	0.0000000	0.0000000	0.0000000	0.0000000
16.3360	0.0000000	0.0000000	0.0000000	0.0000000	0.0000000	0.0000000	0.0000000	0.0000000	0.0000000	0.0000000	0.0000000	0.0000000	0.0000000	0.0000000	0.0000000	0.0000000	0.0000000	0.0000000	0.0000000	0.0000000	0.0000000	0.0000000	0.0000000	0.0000000	0.0000000	0.0000000	0.0000000	0.0000000	0.0000000	0.0000000	0.0000000	0.0000000	0.0000000	0.0000000	0.0000000	0.0000000	0.0000000	0.0000000	0.0000000	0.0000000	7.3006104e-09	9.6943483e-07	6.4116035e-05	0.0022213780	0.040859877	0.40323714	2.2150484	7.2938907	16.280532	28.356719	42.405650	57.170535	71.054005	82.112800	88.263133	87.743014	79.726810	65.016226	46.393356	28.063780	13.859112	5.3812695	1.6035444	0.37222602	0.071905893	0.012612250	0.0021515376	0.00036258162	6.3276598e-05	1.1503209e-05	2.1802258e-06	4.0164155e-07	0.0000000	0.0000000	0.0000000	0.0000000	0.0000000	0.0000000	0.0000000	0.0000000	0.0000000
13.8900	0.0000000	0.0000000	0.0000000	0.0000000	0.0000000	0.0000000	0.0000000	0.0000000	0.0000000	0.0000000	0.0000000	0.0000000	0.0000000	0.0000000	0.0000000	0.0000000	0.0000000	0.0000000	0.0000000	0.0000000	0.0000000	0.0000000	0.0000000	0.0000000	0.0000000	0.0000000	0.0000000	0.0000000	0.0000000	0.0000000	0.0000000	0.0000000	0.0000000	0.0000000	0.0000000	0.0000000	0.0000000	0.0000000	0.0000000	0.0000000	2.3308885e-09	3.5711514e-07	2.6934137e-05	0.0010552367	0.021784182	0.23946774	1.4531198	5.2270052	12.549182	23.154201	36.297326	51.070746	66.242756	80.035277	90.187702	94.157071	89.879136	76.902420	57.412664	36.172180	18.507404	7.4029953	2.2591651	0.53407713	0.10458566	0.018523596	0.0031804466	0.00055128946	9.8460122e-05	1.8212987e-05	3.4903903e-06	6.4704365e-07	0.0000000	0.0000000	0.0000000	0.0000000	0.0000000	0.0000000	0.0000000	0.0000000	0.0000000
16.0040	0.0000000	0.0000000	0.0000000	0.0000000	0.0000000	0.0000000	0.0000000	0.0000000	0.0000000	0.0000000	0.0000000	0.0000000	0.0000000	0.0000000	0.0000000	0.0000000	0.0000000	0.0000000	0.0000000	0.0000000	0.0000000	0.0000000	0.0000000	0.0000000	0.0000000	0.0000000	0.0000000	0.0000000	0.0000000	0.0000000	0.0000000	0.0000000	0.0000000	0.0000000	0.0000000	0.0000000	0.0000000	0.0000000	0.0000000	0.0000000	4.8065223e-09	6.6852846e-07	3.4189880e-05	0.0012358423	0.023616848	0.24107673	1.3652103	5.1286171	14.342663	25.636109	39.287926	54.177845	68.711361	80.815708	88.183625	88.773777	81.483360	66.945772	47.988047	29.063227	14.312973	5.5177294	1.6250032	0.37141319	0.070479456	0.012129144	0.0020304653	0.00034459905	6.0556561e-05	1.1084162e-05	2.1148342e-06	3.9209290e-07	0.0000000	0.0000000	0.0000000	0.0000000	0.0000000	0.0000000	0.0000000	0.0000000	0.0000000
10.7700	0.0000000	0.0000000	0.0000000	0.0000000	0.0000000	0.0000000	0.0000000	0.0000000	0.0000000	0.0000000	0.0000000	0.0000000	0.0000000	0.0000000	0.0000000	0.0000000	0.0000000	0.0000000	0.0000000	0.0000000	0.0000000	0.0000000	0.0000000	0.0000000	0.0000000	0.0000000	0.0000000	0.0000000	0.0000000	0.0000000	0.0000000	0.0000000	0.0000000	0.0000000	0.0000000	0.0000000	0.0000000	0.0000000	0.0000000	0.0000000	2.0522733e-10	4.5764796e-08	4.8308216e-06	0.00025543250	0.0068836411	0.095907650	0.71962910	3.1415971	9.0443046	19.819095	36.470945	59.323310	87.414911	117.91698	145.89976	164.82450	168.14253	152.19041	119.25743	78.414392	41.678037	17.253211	5.4321561	1.3216896	0.26589562	0.048321800	0.0085063124	0.0015115226	0.00027697114	5.2671129e-05	1.0410817e-05	1.9954840e-06	0.0000000	0.0000000	0.0000000	0.0000000	0.0000000	0.0000000	0.0000000	0.0000000	0.0000000
10.6570	0.0000000	0.0000000	0.0000000	0.0000000	0.0000000	0.0000000	0.0000000	0.0000000	0.0000000	0.0000000	0.0000000	0.0000000	0.0000000	0.0000000	0.0000000	0.0000000	0.0000000	0.0000000	0.0000000	0.0000000	0.0000000	0.0000000	0.0000000	0.0000000	0.0000000	0.0000000	0.0000000	0.0000000	0.0000000	0.0000000	0.0000000	0.0000000	0.0000000	0.0000000	0.0000000	0.0000000	0.0000000	0.0000000	0.0000000	0.0000000	1.0923949e-10	2.4460777e-08	2.5887418e-06	0.00013711122	0.0036994100	0.051579107	0.38709057	1.6898803	4.8675925	10.683602	19.714214	32.194229	47.677735	64.684996	80.525111	91.545107	93.977337	85.588270	67.475468	44.634218	23.863530	9.9342505	3.1442275	0.76869819	0.15531464	0.028338249	0.0050088951	0.00089398287	0.00016459993	3.1461615e-05	6.2511555e-06	1.2042943e-06	0.0000000	0.0000000	0.0000000	0.0000000	0.0000000	0.0000000	0.0000000	0.0000000	0.0000000
12.6800	0.0000000	0.0000000	0.0000000	0.0000000	0.0000000	0.0000000	0.0000000	0.0000000	0.0000000	0.0000000	0.0000000	0.0000000	0.0000000	0.0000000	0.0000000	0.0000000	0.0000000	0.0000000	0.0000000	0.0000000	0.0000000	0.0000000	0.0000000	0.0000000	0.0000000	0.0000000	0.0000000	0.0000000	0.0000000	0.0000000	0.0000000	0.0000000	0.0000000	0.0000000	0.0000000	0.0000000	0.0000000	0.0000000	0.0000000	0.0000000	6.3129173e-10	1.0576518e-07	8.6689393e-06	0.00036745934	0.0081755651	0.096398703	0.62295181	2.3614818	5.9319920	11.405380	18.528229	26.808072	35.497274	43.560215	49.583122	52.031726	49.702884	42.382449	31.430108	19.645627	9.9708550	3.9584853	1.2003649	0.28244825	0.055151589	0.0097577697	0.0016769865	0.00029163925	5.2404924e-05	9.7869228e-06	1.9014175e-06	3.5837831e-07	0.0000000	0.0000000	0.0000000	0.0000000	0.0000000	0.0000000	0.0000000	0.0000000	0.0000000
11.0230	0.0000000	0.0000000	0.0000000	0.0000000	0.0000000	0.0000000	0.0000000	0.0000000	0.0000000	0.0000000	0.0000000	0.0000000	0.0000000	0.0000000	0.0000000	0.0000000	0.0000000	0.0000000	0.0000000	0.0000000	0.0000000	0.0000000	0.0000000	0.0000000	0.0000000	0.0000000	0.0000000	0.0000000	0.0000000	0.0000000	0.0000000	0.0000000	0.0000000	0.0000000	0.0000000	0.0000000	0.0000000	0.0000000	0.0000000	0.0000000	6.5040214e-11	1.4150787e-08	1.4722579e-06	7.7244420e-05	0.0020696930	0.028610694	0.21257376	0.91844854	2.6214771	5.7188955	10.536830	17.256501	25.715510	35.187041	44.229629	50.784316	52.680240	49.107338	40.419031	28.054248	15.809364	6.9527016	2.3242059	0.59870545	0.12691348	0.024152942	0.0044208438	0.00080070207	0.00014898345	2.8772375e-05	5.7785234e-06	1.1064407e-06	0.0000000	0.0000000	0.0000000	0.0000000	0.0000000	0.0000000	0.0000000	0.0000000	0.0000000
10.1150	0.0000000	0.0000000	0.0000000	0.0000000	0.0000000	0.0000000	0.0000000	0.0000000	0.0000000	0.0000000	0.0000000	0.0000000	0.0000000	0.0000000	0.0000000	0.0000000	0.0000000	0.0000000	0.0000000	0.0000000	0.0000000	0.0000000	0.0000000	0.0000000	0.0000000	0.0000000	0.0000000	0.0000000	0.0000000	0.0000000	0.0000000	0.0000000	0.0000000	0.0000000	0.0000000	0.0000000	0.0000000	0.0000000	0.0000000	0.0000000	1.0378255e-11	2.5168281e-09	2.8665741e-07	1.6246107e-05	0.00046662314	0.0068960071	0.054662781	0.25123445	0.75921620	1.7409193	3.3420691	5.6576291	8.6616742	12.127055	15.568434	18.252335	19.322391	18.140717	14.731631	10.025312	5.5070200	2.3542063	0.76531125	0.19230416	0.039971959	0.0075097692	0.0013671711	0.00025116586	4.7538787e-05	9.3246335e-06	1.8974780e-06	3.7359082e-07	0.0000000	0.0000000	0.0000000	0.0000000	0.0000000	0.0000000	0.0000000	0.0000000	0.0000000
