# DO NOT EDIT: written Thu Mar 14 18:48:37 2019 by wrt_emiss_fe17.pro
# faked emissivities [1e-23 ergs cm^3/s] for Fe17 lines from Del Zanna 2011, A&A 536, A59
# emissivities include ion balance, but not abundance, and are spline and ion balance jittered off of emiss_Fe17_00000.txt
# line 6 -- SEED, LOGT
# lines 7+ -- WVL, EMISSIVITY
      526425	4.00	4.05	4.10	4.15	4.20	4.25	4.30	4.35	4.40	4.45	4.50	4.55	4.60	4.65	4.70	4.75	4.80	4.85	4.90	4.95	5.00	5.05	5.10	5.15	5.20	5.25	5.30	5.35	5.40	5.45	5.50	5.55	5.60	5.65	5.70	5.75	5.80	5.85	5.90	5.95	6.00	6.05	6.10	6.15	6.20	6.25	6.30	6.35	6.40	6.45	6.50	6.55	6.60	6.65	6.70	6.75	6.80	6.85	6.90	6.95	7.00	7.05	7.10	7.15	7.20	7.25	7.30	7.35	7.40	7.45	7.50	7.55	7.60	7.65	7.70	7.75	7.80	7.85	7.90	7.95	8.00
15.0130	0.0000000	0.0000000	0.0000000	0.0000000	0.0000000	0.0000000	0.0000000	0.0000000	0.0000000	0.0000000	0.0000000	0.0000000	0.0000000	0.0000000	0.0000000	0.0000000	0.0000000	0.0000000	0.0000000	0.0000000	0.0000000	0.0000000	0.0000000	0.0000000	0.0000000	0.0000000	0.0000000	0.0000000	0.0000000	0.0000000	0.0000000	0.0000000	0.0000000	0.0000000	0.0000000	0.0000000	0.0000000	0.0000000	0.0000000	0.0000000	0.0000000	9.8980490e-07	0.00012614950	0.0081339959	0.26976767	4.5961824	39.967138	186.60320	539.27422	1128.3326	1927.9785	2893.0347	3954.1897	5003.0904	5888.2803	6431.5660	6466.4094	5900.5646	4787.9753	3364.4429	1982.3972	945.68576	354.07305	102.56845	23.495999	4.5428833	0.80471605	0.13930063	0.024479301	0.0044498885	0.00084147814	0.00016562399	2.5756974e-05	0.0000000	0.0000000	0.0000000	0.0000000	0.0000000	0.0000000	0.0000000	0.0000000
17.0510	0.0000000	0.0000000	0.0000000	0.0000000	0.0000000	0.0000000	0.0000000	0.0000000	0.0000000	0.0000000	0.0000000	0.0000000	0.0000000	0.0000000	0.0000000	0.0000000	0.0000000	0.0000000	0.0000000	0.0000000	0.0000000	0.0000000	0.0000000	0.0000000	0.0000000	0.0000000	0.0000000	0.0000000	0.0000000	0.0000000	0.0000000	0.0000000	0.0000000	0.0000000	0.0000000	0.0000000	0.0000000	0.0000000	0.0000000	0.0000000	0.0000000	2.0503238e-06	0.00023374472	0.013625708	0.41167603	6.4278158	51.471403	222.27783	596.68483	1164.4098	1862.6005	2624.6479	3377.3101	4031.1941	4483.0247	4633.3389	4413.7655	3820.2241	2942.5683	1963.7761	1099.4636	498.64558	177.64102	49.033482	10.724362	1.9844189	0.33728036	0.056171246	0.0095228162	0.0016746137	0.00030705260	5.8694536e-05	8.8744888e-06	0.0000000	0.0000000	0.0000000	0.0000000	0.0000000	0.0000000	0.0000000	0.0000000
17.0960	0.0000000	0.0000000	0.0000000	0.0000000	0.0000000	0.0000000	0.0000000	0.0000000	0.0000000	0.0000000	0.0000000	0.0000000	0.0000000	0.0000000	0.0000000	0.0000000	0.0000000	0.0000000	0.0000000	0.0000000	0.0000000	0.0000000	0.0000000	0.0000000	0.0000000	0.0000000	0.0000000	0.0000000	0.0000000	0.0000000	0.0000000	0.0000000	0.0000000	0.0000000	0.0000000	0.0000000	0.0000000	0.0000000	0.0000000	0.0000000	0.0000000	1.5815430e-06	0.00017740261	0.010197388	0.30485617	4.7235355	37.598088	161.43770	430.56245	833.59935	1320.6832	1840.4004	2338.5220	2752.5417	3015.0002	3065.8638	2870.3142	2438.9124	1841.9920	1203.5829	658.61052	291.36208	101.04002	27.097733	5.7488107	1.0304255	0.16948632	0.027297850	0.0044731990	0.00075999109	0.00013459099	2.4847671e-05	3.6289825e-06	0.0000000	0.0000000	0.0000000	0.0000000	0.0000000	0.0000000	0.0000000	0.0000000
16.7760	0.0000000	0.0000000	0.0000000	0.0000000	0.0000000	0.0000000	0.0000000	0.0000000	0.0000000	0.0000000	0.0000000	0.0000000	0.0000000	0.0000000	0.0000000	0.0000000	0.0000000	0.0000000	0.0000000	0.0000000	0.0000000	0.0000000	0.0000000	0.0000000	0.0000000	0.0000000	0.0000000	0.0000000	0.0000000	0.0000000	0.0000000	0.0000000	0.0000000	0.0000000	0.0000000	0.0000000	0.0000000	0.0000000	0.0000000	0.0000000	0.0000000	1.3609929e-06	0.00015606231	0.0091423531	0.27799400	4.3783412	35.447729	155.10147	422.53082	837.38575	1360.1421	1944.1647	2531.8008	3050.2249	3416.1063	3549.2130	3393.9169	2945.8106	2274.2390	1520.7770	852.95361	387.44279	138.19870	38.181459	8.3556352	1.5465892	0.26290538	0.043789259	0.0074244702	0.0013058165	0.00023951496	4.5822804e-05	6.9396339e-06	0.0000000	0.0000000	0.0000000	0.0000000	0.0000000	0.0000000	0.0000000	0.0000000
15.2620	0.0000000	0.0000000	0.0000000	0.0000000	0.0000000	0.0000000	0.0000000	0.0000000	0.0000000	0.0000000	0.0000000	0.0000000	0.0000000	0.0000000	0.0000000	0.0000000	0.0000000	0.0000000	0.0000000	0.0000000	0.0000000	0.0000000	0.0000000	0.0000000	0.0000000	0.0000000	0.0000000	0.0000000	0.0000000	0.0000000	0.0000000	0.0000000	0.0000000	0.0000000	0.0000000	0.0000000	0.0000000	0.0000000	0.0000000	0.0000000	0.0000000	2.8784955e-07	3.6180370e-05	0.0022961950	0.075077939	1.2670668	10.967509	51.181315	148.35998	312.30322	538.31074	816.78140	1130.8308	1450.8543	1732.1897	1918.9400	1955.3177	1805.9287	1480.5703	1047.8102	617.16948	294.34833	110.18615	31.913256	7.3093616	1.4130101	0.25025053	0.043310080	0.0076086958	0.0013792216	0.00025874708	5.0459468e-05	7.7643919e-06	0.0000000	0.0000000	0.0000000	0.0000000	0.0000000	0.0000000	0.0000000	0.0000000
12.1240	0.0000000	0.0000000	0.0000000	0.0000000	0.0000000	0.0000000	0.0000000	0.0000000	0.0000000	0.0000000	0.0000000	0.0000000	0.0000000	0.0000000	0.0000000	0.0000000	0.0000000	0.0000000	0.0000000	0.0000000	0.0000000	0.0000000	0.0000000	0.0000000	0.0000000	0.0000000	0.0000000	0.0000000	0.0000000	0.0000000	0.0000000	0.0000000	0.0000000	0.0000000	0.0000000	0.0000000	0.0000000	0.0000000	0.0000000	0.0000000	0.0000000	2.2268774e-08	3.5602405e-06	0.00028135612	0.011198661	0.22464876	2.2611145	12.043426	39.219400	91.449464	172.38892	282.72077	418.59733	568.83829	713.35431	824.28310	871.02209	830.32480	699.88810	508.06179	307.57592	149.93845	57.062631	16.718832	3.8549006	0.74689435	0.13227358	0.022895662	0.0040342636	0.00073930850	0.00014195469	2.8509935e-05	4.5305667e-06	0.0000000	0.0000000	0.0000000	0.0000000	0.0000000	0.0000000	0.0000000	0.0000000
12.2640	0.0000000	0.0000000	0.0000000	0.0000000	0.0000000	0.0000000	0.0000000	0.0000000	0.0000000	0.0000000	0.0000000	0.0000000	0.0000000	0.0000000	0.0000000	0.0000000	0.0000000	0.0000000	0.0000000	0.0000000	0.0000000	0.0000000	0.0000000	0.0000000	0.0000000	0.0000000	0.0000000	0.0000000	0.0000000	0.0000000	0.0000000	0.0000000	0.0000000	0.0000000	0.0000000	0.0000000	0.0000000	0.0000000	0.0000000	0.0000000	0.0000000	2.2256941e-08	3.4785880e-06	0.00026965812	0.010560363	0.20895221	2.0777885	10.938803	35.199133	81.089977	151.06060	244.99670	359.17636	484.15916	603.33261	693.78759	730.48660	694.54351	584.42242	423.98939	256.93593	125.63930	48.085059	14.210352	3.3157812	0.65195485	0.11723952	0.020566479	0.0036560280	0.00067111423	0.00012789014	2.5301859e-05	3.9447026e-06	0.0000000	0.0000000	0.0000000	0.0000000	0.0000000	0.0000000	0.0000000	0.0000000
13.8250	0.0000000	0.0000000	0.0000000	0.0000000	0.0000000	0.0000000	0.0000000	0.0000000	0.0000000	0.0000000	0.0000000	0.0000000	0.0000000	0.0000000	0.0000000	0.0000000	0.0000000	0.0000000	0.0000000	0.0000000	0.0000000	0.0000000	0.0000000	0.0000000	0.0000000	0.0000000	0.0000000	0.0000000	0.0000000	0.0000000	0.0000000	0.0000000	0.0000000	0.0000000	0.0000000	0.0000000	0.0000000	0.0000000	0.0000000	0.0000000	0.0000000	4.4257127e-08	5.9849324e-06	0.00041044521	0.014521210	0.26448619	2.4591515	12.246668	37.543968	82.838520	148.53067	232.97251	331.95862	437.24664	535.34012	607.60051	633.61619	597.99965	500.02278	360.54309	217.16942	105.56953	40.178957	11.812793	2.7443931	0.53804212	0.096636960	0.016961015	0.0030214244	0.00055651355	0.00010652045	2.1185233e-05	3.3216822e-06	0.0000000	0.0000000	0.0000000	0.0000000	0.0000000	0.0000000	0.0000000	0.0000000
15.4530	0.0000000	0.0000000	0.0000000	0.0000000	0.0000000	0.0000000	0.0000000	0.0000000	0.0000000	0.0000000	0.0000000	0.0000000	0.0000000	0.0000000	0.0000000	0.0000000	0.0000000	0.0000000	0.0000000	0.0000000	0.0000000	0.0000000	0.0000000	0.0000000	0.0000000	0.0000000	0.0000000	0.0000000	0.0000000	0.0000000	0.0000000	0.0000000	0.0000000	0.0000000	0.0000000	0.0000000	0.0000000	0.0000000	0.0000000	0.0000000	0.0000000	9.8416121e-08	1.1899457e-05	0.00072855532	0.022947789	0.37106209	3.0581819	13.512528	36.897113	72.831775	117.24678	165.57343	212.76035	252.74527	278.84319	285.05081	267.83437	228.09603	172.52764	112.88082	61.882575	27.456518	9.5624932	2.5793719	0.55120857	0.099665346	0.016557795	0.0026967929	0.00044738538	7.7032181e-05	1.3837889e-05	2.5932324e-06	3.8465884e-07	0.0000000	0.0000000	0.0000000	0.0000000	0.0000000	0.0000000	0.0000000	0.0000000
11.2500	0.0000000	0.0000000	0.0000000	0.0000000	0.0000000	0.0000000	0.0000000	0.0000000	0.0000000	0.0000000	0.0000000	0.0000000	0.0000000	0.0000000	0.0000000	0.0000000	0.0000000	0.0000000	0.0000000	0.0000000	0.0000000	0.0000000	0.0000000	0.0000000	0.0000000	0.0000000	0.0000000	0.0000000	0.0000000	0.0000000	0.0000000	0.0000000	0.0000000	0.0000000	0.0000000	0.0000000	0.0000000	0.0000000	0.0000000	0.0000000	0.0000000	5.3723071e-09	9.2826576e-07	7.8408506e-05	0.0033032728	0.069535074	0.72877768	4.0138842	13.436681	32.058652	61.612912	102.74197	154.39291	212.71418	270.21223	316.06025	337.91639	325.83124	277.78560	204.01118	125.03366	61.767408	23.853875	7.1042960	1.6687609	0.33003799	0.059650574	0.010508616	0.0018745164	0.00034503028	6.5890566e-05	1.3059329e-05	2.0392099e-06	0.0000000	0.0000000	0.0000000	0.0000000	0.0000000	0.0000000	0.0000000	0.0000000
11.1290	0.0000000	0.0000000	0.0000000	0.0000000	0.0000000	0.0000000	0.0000000	0.0000000	0.0000000	0.0000000	0.0000000	0.0000000	0.0000000	0.0000000	0.0000000	0.0000000	0.0000000	0.0000000	0.0000000	0.0000000	0.0000000	0.0000000	0.0000000	0.0000000	0.0000000	0.0000000	0.0000000	0.0000000	0.0000000	0.0000000	0.0000000	0.0000000	0.0000000	0.0000000	0.0000000	0.0000000	0.0000000	0.0000000	0.0000000	0.0000000	0.0000000	3.2925221e-09	5.8181572e-07	5.0249184e-05	0.0021637246	0.046526619	0.49769121	2.7942834	9.5200519	23.075188	44.965788	75.870415	115.11022	159.76522	204.04367	239.51922	256.58819	247.54929	210.90051	154.61596	94.512681	46.538575	17.906930	5.3124575	1.2429789	0.24489569	0.044103090	0.0077439907	0.0013773107	0.00025285430	4.8176559e-05	9.5290144e-06	1.4852549e-06	0.0000000	0.0000000	0.0000000	0.0000000	0.0000000	0.0000000	0.0000000	0.0000000
16.3360	0.0000000	0.0000000	0.0000000	0.0000000	0.0000000	0.0000000	0.0000000	0.0000000	0.0000000	0.0000000	0.0000000	0.0000000	0.0000000	0.0000000	0.0000000	0.0000000	0.0000000	0.0000000	0.0000000	0.0000000	0.0000000	0.0000000	0.0000000	0.0000000	0.0000000	0.0000000	0.0000000	0.0000000	0.0000000	0.0000000	0.0000000	0.0000000	0.0000000	0.0000000	0.0000000	0.0000000	0.0000000	0.0000000	0.0000000	0.0000000	0.0000000	4.2957616e-08	4.9473993e-06	0.00029051784	0.0088425259	0.13921168	1.1242432	4.8936402	13.223214	25.913105	41.524822	58.501033	75.136422	89.408486	99.046070	101.90887	96.592570	83.142756	63.653872	42.208813	23.478433	10.579802	3.7451568	1.0274583	0.22342442	0.041119011	0.0069546718	0.0011533206	0.00019481022	3.4148113e-05	6.2425323e-06	1.1897256e-06	1.7931509e-07	0.0000000	0.0000000	0.0000000	0.0000000	0.0000000	0.0000000	0.0000000	0.0000000
13.8900	0.0000000	0.0000000	0.0000000	0.0000000	0.0000000	0.0000000	0.0000000	0.0000000	0.0000000	0.0000000	0.0000000	0.0000000	0.0000000	0.0000000	0.0000000	0.0000000	0.0000000	0.0000000	0.0000000	0.0000000	0.0000000	0.0000000	0.0000000	0.0000000	0.0000000	0.0000000	0.0000000	0.0000000	0.0000000	0.0000000	0.0000000	0.0000000	0.0000000	0.0000000	0.0000000	0.0000000	0.0000000	0.0000000	0.0000000	0.0000000	0.0000000	1.3105703e-08	1.7134523e-06	0.00011366602	0.0038950963	0.068845123	0.62194187	3.0078267	8.9305578	19.020314	32.816021	49.399347	67.427116	85.010257	99.659667	108.39071	108.42851	98.293362	79.043388	54.868028	31.845836	14.931824	5.4872825	1.5596462	0.35075154	0.066655294	0.011621709	0.0019833197	0.00034413540	6.1854799e-05	1.1575297e-05	2.2550426e-06	3.4698577e-07	0.0000000	0.0000000	0.0000000	0.0000000	0.0000000	0.0000000	0.0000000	0.0000000
16.0040	0.0000000	0.0000000	0.0000000	0.0000000	0.0000000	0.0000000	0.0000000	0.0000000	0.0000000	0.0000000	0.0000000	0.0000000	0.0000000	0.0000000	0.0000000	0.0000000	0.0000000	0.0000000	0.0000000	0.0000000	0.0000000	0.0000000	0.0000000	0.0000000	0.0000000	0.0000000	0.0000000	0.0000000	0.0000000	0.0000000	0.0000000	0.0000000	0.0000000	0.0000000	0.0000000	0.0000000	0.0000000	0.0000000	0.0000000	0.0000000	0.0000000	2.7729699e-08	3.3117913e-06	0.00020104856	0.0062985406	0.10161118	0.83816081	3.7190360	10.234238	20.418880	33.294486	47.686648	62.196015	75.067678	84.271148	87.818466	84.275458	73.422138	56.874586	38.134654	21.426166	9.7389537	3.4723550	0.95848062	0.20963950	0.038820678	0.0066135153	0.0011066924	0.00018909931	3.3586423e-05	6.1932130e-06	1.1852628e-06	1.7878016e-07	0.0000000	0.0000000	0.0000000	0.0000000	0.0000000	0.0000000	0.0000000	0.0000000
10.7700	0.0000000	0.0000000	0.0000000	0.0000000	0.0000000	0.0000000	0.0000000	0.0000000	0.0000000	0.0000000	0.0000000	0.0000000	0.0000000	0.0000000	0.0000000	0.0000000	0.0000000	0.0000000	0.0000000	0.0000000	0.0000000	0.0000000	0.0000000	0.0000000	0.0000000	0.0000000	0.0000000	0.0000000	0.0000000	0.0000000	0.0000000	0.0000000	0.0000000	0.0000000	0.0000000	0.0000000	0.0000000	0.0000000	0.0000000	0.0000000	0.0000000	2.0462503e-09	3.7654195e-07	3.3807161e-05	0.0015115718	0.033715697	0.37360116	2.1681131	7.6080903	18.864098	37.163055	63.235201	96.600710	134.91503	173.40934	204.90669	220.96745	214.55959	183.90464	135.56917	83.282675	41.195457	15.917867	4.7410580	1.1134715	0.22019896	0.039802237	0.0070141723	0.0012519099	0.00023061566	4.4083306e-05	8.7467269e-06	1.3673223e-06	0.0000000	0.0000000	0.0000000	0.0000000	0.0000000	0.0000000	0.0000000	0.0000000
10.6570	0.0000000	0.0000000	0.0000000	0.0000000	0.0000000	0.0000000	0.0000000	0.0000000	0.0000000	0.0000000	0.0000000	0.0000000	0.0000000	0.0000000	0.0000000	0.0000000	0.0000000	0.0000000	0.0000000	0.0000000	0.0000000	0.0000000	0.0000000	0.0000000	0.0000000	0.0000000	0.0000000	0.0000000	0.0000000	0.0000000	0.0000000	0.0000000	0.0000000	0.0000000	0.0000000	0.0000000	0.0000000	0.0000000	0.0000000	0.0000000	0.0000000	9.7189512e-10	1.7864875e-07	1.5969968e-05	0.00070889796	0.015656664	0.17138536	0.98102882	3.3944673	8.3259307	16.375976	27.850396	42.578236	59.589276	76.846429	91.237230	99.010372	96.917163	83.916367	62.642708	39.071404	19.675944	7.7622909	2.3655942	0.56857391	0.11489442	0.021162549	0.0037852010	0.00068208468	0.00012599517	2.3944521e-05	4.6723922e-06	7.0849524e-07	0.0000000	0.0000000	0.0000000	0.0000000	0.0000000	0.0000000	0.0000000	0.0000000
12.6800	0.0000000	0.0000000	0.0000000	0.0000000	0.0000000	0.0000000	0.0000000	0.0000000	0.0000000	0.0000000	0.0000000	0.0000000	0.0000000	0.0000000	0.0000000	0.0000000	0.0000000	0.0000000	0.0000000	0.0000000	0.0000000	0.0000000	0.0000000	0.0000000	0.0000000	0.0000000	0.0000000	0.0000000	0.0000000	0.0000000	0.0000000	0.0000000	0.0000000	0.0000000	0.0000000	0.0000000	0.0000000	0.0000000	0.0000000	0.0000000	0.0000000	4.2585187e-09	6.0175365e-07	4.2837718e-05	0.0015645648	0.029237398	0.27637615	1.3800999	4.1887847	9.0586192	15.790999	23.950856	32.938671	41.913371	49.618649	54.506342	55.061676	50.366623	40.833835	28.585556	16.742025	7.9251793	2.9415613	0.84467530	0.19187118	0.036798937	0.0064673285	0.0011107547	0.00019362134	3.4896033e-05	6.5355200e-06	1.2719840e-06	1.9529167e-07	0.0000000	0.0000000	0.0000000	0.0000000	0.0000000	0.0000000	0.0000000	0.0000000
11.0230	0.0000000	0.0000000	0.0000000	0.0000000	0.0000000	0.0000000	0.0000000	0.0000000	0.0000000	0.0000000	0.0000000	0.0000000	0.0000000	0.0000000	0.0000000	0.0000000	0.0000000	0.0000000	0.0000000	0.0000000	0.0000000	0.0000000	0.0000000	0.0000000	0.0000000	0.0000000	0.0000000	0.0000000	0.0000000	0.0000000	0.0000000	0.0000000	0.0000000	0.0000000	0.0000000	0.0000000	0.0000000	0.0000000	0.0000000	0.0000000	0.0000000	7.2279215e-10	1.2721917e-07	1.0964316e-05	0.00047262237	0.010235141	0.11075467	0.63113280	2.1876206	5.4063714	10.769645	18.606882	28.903190	41.022478	53.491520	63.972381	69.685061	68.266451	59.002783	43.865642	27.193096	13.577265	5.2932892	1.5891634	0.37569037	0.074683920	0.013557359	0.0023984693	0.00043019618	7.9829499e-05	1.5423563e-05	3.1053116e-06	4.9467134e-07	0.0000000	0.0000000	0.0000000	0.0000000	0.0000000	0.0000000	0.0000000	0.0000000
10.1150	0.0000000	0.0000000	0.0000000	0.0000000	0.0000000	0.0000000	0.0000000	0.0000000	0.0000000	0.0000000	0.0000000	0.0000000	0.0000000	0.0000000	0.0000000	0.0000000	0.0000000	0.0000000	0.0000000	0.0000000	0.0000000	0.0000000	0.0000000	0.0000000	0.0000000	0.0000000	0.0000000	0.0000000	0.0000000	0.0000000	0.0000000	0.0000000	0.0000000	0.0000000	0.0000000	0.0000000	0.0000000	0.0000000	0.0000000	0.0000000	0.0000000	1.0618600e-10	2.1503526e-08	2.1031986e-06	0.00010123273	0.0024038141	0.028081826	0.17034656	0.62011083	1.5875024	3.2331927	5.6529159	8.8289106	12.556555	16.386534	19.620038	21.397901	20.972136	18.108542	13.421497	8.2761361	4.1249014	1.6311105	0.49726026	0.11959341	0.024237119	0.0044925549	0.00081203116	0.00014863383	2.8067820e-05	5.4969120e-06	1.1166364e-06	1.7857026e-07	0.0000000	0.0000000	0.0000000	0.0000000	0.0000000	0.0000000	0.0000000	0.0000000
