# DO NOT EDIT: written Thu Mar 14 18:48:37 2019 by wrt_emiss_fe17.pro
# faked emissivities [1e-23 ergs cm^3/s] for Fe17 lines from Del Zanna 2011, A&A 536, A59
# emissivities include ion balance, but not abundance, and are spline and ion balance jittered off of emiss_Fe17_00000.txt
# line 6 -- SEED, LOGT
# lines 7+ -- WVL, EMISSIVITY
      225039	4.00	4.05	4.10	4.15	4.20	4.25	4.30	4.35	4.40	4.45	4.50	4.55	4.60	4.65	4.70	4.75	4.80	4.85	4.90	4.95	5.00	5.05	5.10	5.15	5.20	5.25	5.30	5.35	5.40	5.45	5.50	5.55	5.60	5.65	5.70	5.75	5.80	5.85	5.90	5.95	6.00	6.05	6.10	6.15	6.20	6.25	6.30	6.35	6.40	6.45	6.50	6.55	6.60	6.65	6.70	6.75	6.80	6.85	6.90	6.95	7.00	7.05	7.10	7.15	7.20	7.25	7.30	7.35	7.40	7.45	7.50	7.55	7.60	7.65	7.70	7.75	7.80	7.85	7.90	7.95	8.00
15.0130	0.0000000	0.0000000	0.0000000	0.0000000	0.0000000	0.0000000	0.0000000	0.0000000	0.0000000	0.0000000	0.0000000	0.0000000	0.0000000	0.0000000	0.0000000	0.0000000	0.0000000	0.0000000	0.0000000	0.0000000	0.0000000	0.0000000	0.0000000	0.0000000	0.0000000	0.0000000	0.0000000	0.0000000	0.0000000	0.0000000	0.0000000	0.0000000	0.0000000	0.0000000	0.0000000	0.0000000	0.0000000	0.0000000	0.0000000	0.0000000	0.0000000	1.3238403e-06	0.00016659993	0.010647863	0.34806376	5.7772872	47.834290	206.29182	547.49057	1080.4476	1789.3252	2643.0778	3581.8004	4504.5409	5267.1411	5701.0586	5651.5352	5044.1073	3956.1262	2642.8461	1447.5814	625.59499	207.79350	53.487297	11.248482	2.0881229	0.36770541	0.064533976	0.011607573	0.0021634197	0.00041916120	8.4220020e-05	4.3574388e-06	0.0000000	0.0000000	0.0000000	0.0000000	0.0000000	0.0000000	0.0000000	0.0000000
17.0510	0.0000000	0.0000000	0.0000000	0.0000000	0.0000000	0.0000000	0.0000000	0.0000000	0.0000000	0.0000000	0.0000000	0.0000000	0.0000000	0.0000000	0.0000000	0.0000000	0.0000000	0.0000000	0.0000000	0.0000000	0.0000000	0.0000000	0.0000000	0.0000000	0.0000000	0.0000000	0.0000000	0.0000000	0.0000000	0.0000000	0.0000000	0.0000000	0.0000000	0.0000000	0.0000000	0.0000000	0.0000000	0.0000000	0.0000000	0.0000000	0.0000000	3.1665197e-06	0.00035606146	0.020534553	0.60977265	9.2397005	70.094964	277.83876	679.61421	1239.1831	1899.8643	2602.6325	3277.2444	3838.1570	4190.2641	4248.2580	3960.4494	3339.6275	2487.3971	1587.0959	835.48318	348.66868	112.16171	28.007512	5.7167415	1.0292170	0.17535615	0.029576132	0.0051076344	0.00090390119	0.00016434179	3.0489184e-05	1.4273145e-06	0.0000000	0.0000000	0.0000000	0.0000000	0.0000000	0.0000000	0.0000000	0.0000000
17.0960	0.0000000	0.0000000	0.0000000	0.0000000	0.0000000	0.0000000	0.0000000	0.0000000	0.0000000	0.0000000	0.0000000	0.0000000	0.0000000	0.0000000	0.0000000	0.0000000	0.0000000	0.0000000	0.0000000	0.0000000	0.0000000	0.0000000	0.0000000	0.0000000	0.0000000	0.0000000	0.0000000	0.0000000	0.0000000	0.0000000	0.0000000	0.0000000	0.0000000	0.0000000	0.0000000	0.0000000	0.0000000	0.0000000	0.0000000	0.0000000	0.0000000	3.0893813e-06	0.00034206032	0.019455742	0.57168146	8.5984305	64.883365	256.03057	623.47660	1131.2191	1724.7957	2347.9152	2933.6057	3401.8305	3667.2775	3658.6654	3341.8443	2746.7989	1981.9750	1216.4206	611.24314	242.02117	73.591954	17.345948	3.3447615	0.57057511	0.092590007	0.015021656	0.0025058132	0.00043455942	7.8572272e-05	1.4768772e-05	7.1632086e-07	0.0000000	0.0000000	0.0000000	0.0000000	0.0000000	0.0000000	0.0000000	0.0000000
16.7760	0.0000000	0.0000000	0.0000000	0.0000000	0.0000000	0.0000000	0.0000000	0.0000000	0.0000000	0.0000000	0.0000000	0.0000000	0.0000000	0.0000000	0.0000000	0.0000000	0.0000000	0.0000000	0.0000000	0.0000000	0.0000000	0.0000000	0.0000000	0.0000000	0.0000000	0.0000000	0.0000000	0.0000000	0.0000000	0.0000000	0.0000000	0.0000000	0.0000000	0.0000000	0.0000000	0.0000000	0.0000000	0.0000000	0.0000000	0.0000000	0.0000000	2.1025742e-06	0.00023694011	0.013667451	0.40632156	6.1782305	47.170882	188.79924	467.90982	867.12574	1355.0317	1895.7903	2439.1273	2918.1358	3252.9796	3362.8873	3188.9452	2725.9548	2049.2870	1312.6665	689.52309	285.78586	91.040619	22.484827	4.5404526	0.81008029	0.13719702	0.023164484	0.0040071865	0.00071760211	0.00013331548	2.5598691e-05	1.2599174e-06	0.0000000	0.0000000	0.0000000	0.0000000	0.0000000	0.0000000	0.0000000	0.0000000
15.2620	0.0000000	0.0000000	0.0000000	0.0000000	0.0000000	0.0000000	0.0000000	0.0000000	0.0000000	0.0000000	0.0000000	0.0000000	0.0000000	0.0000000	0.0000000	0.0000000	0.0000000	0.0000000	0.0000000	0.0000000	0.0000000	0.0000000	0.0000000	0.0000000	0.0000000	0.0000000	0.0000000	0.0000000	0.0000000	0.0000000	0.0000000	0.0000000	0.0000000	0.0000000	0.0000000	0.0000000	0.0000000	0.0000000	0.0000000	0.0000000	0.0000000	4.6492344e-07	5.7311950e-05	0.0035935099	0.11534758	1.8803230	15.284333	64.711607	168.70137	327.44600	534.46397	780.35277	1048.6596	1310.7191	1524.3488	1639.8675	1612.2804	1422.1541	1096.8555	715.88714	380.16525	158.15778	50.270497	12.323953	2.5376244	0.46718958	0.081701308	0.014258337	0.0025533016	0.00047433233	9.1703207e-05	1.8403819e-05	9.5190504e-07	0.0000000	0.0000000	0.0000000	0.0000000	0.0000000	0.0000000	0.0000000	0.0000000
12.1240	0.0000000	0.0000000	0.0000000	0.0000000	0.0000000	0.0000000	0.0000000	0.0000000	0.0000000	0.0000000	0.0000000	0.0000000	0.0000000	0.0000000	0.0000000	0.0000000	0.0000000	0.0000000	0.0000000	0.0000000	0.0000000	0.0000000	0.0000000	0.0000000	0.0000000	0.0000000	0.0000000	0.0000000	0.0000000	0.0000000	0.0000000	0.0000000	0.0000000	0.0000000	0.0000000	0.0000000	0.0000000	0.0000000	0.0000000	0.0000000	0.0000000	3.7422233e-08	5.9315014e-06	0.00046514529	0.018207455	0.35400362	3.3665876	16.400098	48.472761	105.19700	189.42343	301.09778	434.88756	577.66278	707.61688	796.61913	816.19103	748.71270	600.52886	408.42071	226.85528	99.089718	33.178180	8.5947009	1.8173691	0.33902952	0.059965672	0.010565949	0.0019071916	0.00035658696	6.9266465e-05	1.3941058e-05	7.2200768e-07	0.0000000	0.0000000	0.0000000	0.0000000	0.0000000	0.0000000	0.0000000	0.0000000
12.2640	0.0000000	0.0000000	0.0000000	0.0000000	0.0000000	0.0000000	0.0000000	0.0000000	0.0000000	0.0000000	0.0000000	0.0000000	0.0000000	0.0000000	0.0000000	0.0000000	0.0000000	0.0000000	0.0000000	0.0000000	0.0000000	0.0000000	0.0000000	0.0000000	0.0000000	0.0000000	0.0000000	0.0000000	0.0000000	0.0000000	0.0000000	0.0000000	0.0000000	0.0000000	0.0000000	0.0000000	0.0000000	0.0000000	0.0000000	0.0000000	0.0000000	4.0077855e-08	6.2650393e-06	0.00048591848	0.018869558	0.36481867	3.4545645	16.756829	49.271228	106.28423	190.10161	300.05989	430.39939	568.04220	691.60168	773.77966	787.48475	716.88495	569.91702	383.71552	210.77755	90.963669	30.064524	7.6801276	1.5995128	0.29341106	0.050925841	0.0087832212	0.0015474145	0.00028217387	5.3675294e-05	1.0646749e-05	5.4693697e-07	0.0000000	0.0000000	0.0000000	0.0000000	0.0000000	0.0000000	0.0000000	0.0000000
13.8250	0.0000000	0.0000000	0.0000000	0.0000000	0.0000000	0.0000000	0.0000000	0.0000000	0.0000000	0.0000000	0.0000000	0.0000000	0.0000000	0.0000000	0.0000000	0.0000000	0.0000000	0.0000000	0.0000000	0.0000000	0.0000000	0.0000000	0.0000000	0.0000000	0.0000000	0.0000000	0.0000000	0.0000000	0.0000000	0.0000000	0.0000000	0.0000000	0.0000000	0.0000000	0.0000000	0.0000000	0.0000000	0.0000000	0.0000000	0.0000000	0.0000000	5.7213044e-08	7.5912476e-06	0.00051349630	0.017841040	0.31579911	2.7917932	12.835404	36.143271	75.279034	130.98933	202.57912	286.71364	376.07621	458.29576	516.29998	531.57279	491.17455	397.13479	272.20543	152.34340	67.046150	22.622865	5.9074866	1.2598564	0.23723810	0.042389768	0.0075496271	0.0013777368	0.00026041677	5.1123327e-05	1.0392423e-05	5.4295956e-07	0.0000000	0.0000000	0.0000000	0.0000000	0.0000000	0.0000000	0.0000000	0.0000000
15.4530	0.0000000	0.0000000	0.0000000	0.0000000	0.0000000	0.0000000	0.0000000	0.0000000	0.0000000	0.0000000	0.0000000	0.0000000	0.0000000	0.0000000	0.0000000	0.0000000	0.0000000	0.0000000	0.0000000	0.0000000	0.0000000	0.0000000	0.0000000	0.0000000	0.0000000	0.0000000	0.0000000	0.0000000	0.0000000	0.0000000	0.0000000	0.0000000	0.0000000	0.0000000	0.0000000	0.0000000	0.0000000	0.0000000	0.0000000	0.0000000	0.0000000	1.7281294e-07	2.0766440e-05	0.0012680381	0.039591317	0.62693377	4.9424448	19.845223	47.852617	84.914703	126.43781	172.27679	220.14461	262.85693	289.46747	289.24945	260.52945	210.07610	148.73603	89.665007	44.337968	17.319893	5.2110767	1.2343978	0.23970479	0.041224987	0.0067508551	0.0011062198	0.00018654171	3.2728622e-05	5.9908904e-06	1.1406023e-06	5.6055929e-08	0.0000000	0.0000000	0.0000000	0.0000000	0.0000000	0.0000000	0.0000000	0.0000000
11.2500	0.0000000	0.0000000	0.0000000	0.0000000	0.0000000	0.0000000	0.0000000	0.0000000	0.0000000	0.0000000	0.0000000	0.0000000	0.0000000	0.0000000	0.0000000	0.0000000	0.0000000	0.0000000	0.0000000	0.0000000	0.0000000	0.0000000	0.0000000	0.0000000	0.0000000	0.0000000	0.0000000	0.0000000	0.0000000	0.0000000	0.0000000	0.0000000	0.0000000	0.0000000	0.0000000	0.0000000	0.0000000	0.0000000	0.0000000	0.0000000	0.0000000	7.6205203e-09	1.2903967e-06	0.00010723079	0.0044195654	0.089974205	0.89148486	4.5040277	13.754324	30.756375	56.948118	92.959134	137.78739	187.80550	236.09022	272.86266	287.20326	270.90480	223.68983	156.85048	89.989555	40.678008	14.100192	3.7747837	0.82205836	0.15733727	0.028449254	0.0051071168	0.00093616664	0.00017719706	3.4739293e-05	7.0353234e-06	3.6544667e-07	0.0000000	0.0000000	0.0000000	0.0000000	0.0000000	0.0000000	0.0000000	0.0000000
11.1290	0.0000000	0.0000000	0.0000000	0.0000000	0.0000000	0.0000000	0.0000000	0.0000000	0.0000000	0.0000000	0.0000000	0.0000000	0.0000000	0.0000000	0.0000000	0.0000000	0.0000000	0.0000000	0.0000000	0.0000000	0.0000000	0.0000000	0.0000000	0.0000000	0.0000000	0.0000000	0.0000000	0.0000000	0.0000000	0.0000000	0.0000000	0.0000000	0.0000000	0.0000000	0.0000000	0.0000000	0.0000000	0.0000000	0.0000000	0.0000000	0.0000000	5.7642678e-09	9.8762474e-07	8.3162086e-05	0.0034836909	0.072402712	0.73501238	3.8083249	11.905962	27.155322	51.086331	84.407899	126.17366	172.81046	217.50952	250.77486	262.32315	244.96676	199.47276	137.38950	77.122841	33.984579	11.462404	2.9872979	0.63489574	0.11895895	0.021116505	0.0037309315	0.00067468401	0.00012625783	2.4523271e-05	4.9302431e-06	2.5473304e-07	0.0000000	0.0000000	0.0000000	0.0000000	0.0000000	0.0000000	0.0000000	0.0000000
16.3360	0.0000000	0.0000000	0.0000000	0.0000000	0.0000000	0.0000000	0.0000000	0.0000000	0.0000000	0.0000000	0.0000000	0.0000000	0.0000000	0.0000000	0.0000000	0.0000000	0.0000000	0.0000000	0.0000000	0.0000000	0.0000000	0.0000000	0.0000000	0.0000000	0.0000000	0.0000000	0.0000000	0.0000000	0.0000000	0.0000000	0.0000000	0.0000000	0.0000000	0.0000000	0.0000000	0.0000000	0.0000000	0.0000000	0.0000000	0.0000000	0.0000000	6.7773276e-08	7.7194422e-06	0.00044940317	0.013463899	0.20588120	1.5754097	6.2905239	15.467206	28.257161	43.258739	59.035782	74.266195	87.181167	95.617158	97.472275	91.309964	77.203320	57.440292	36.428089	18.953498	7.7847567	2.4587871	0.60246000	0.12077898	0.021354979	0.0035716861	0.00059784151	0.00010297453	1.8449851e-05	3.4406738e-06	6.5808923e-07	3.2249494e-08	0.0000000	0.0000000	0.0000000	0.0000000	0.0000000	0.0000000	0.0000000	0.0000000
13.8900	0.0000000	0.0000000	0.0000000	0.0000000	0.0000000	0.0000000	0.0000000	0.0000000	0.0000000	0.0000000	0.0000000	0.0000000	0.0000000	0.0000000	0.0000000	0.0000000	0.0000000	0.0000000	0.0000000	0.0000000	0.0000000	0.0000000	0.0000000	0.0000000	0.0000000	0.0000000	0.0000000	0.0000000	0.0000000	0.0000000	0.0000000	0.0000000	0.0000000	0.0000000	0.0000000	0.0000000	0.0000000	0.0000000	0.0000000	0.0000000	0.0000000	2.4276841e-08	3.1348715e-06	0.00020549302	0.0068953958	0.11755633	0.99834850	4.3952439	11.798259	23.311211	38.309399	55.749897	74.045594	91.015404	103.92974	109.77263	106.07202	92.120412	70.120084	45.316685	23.953385	9.9753080	3.1922712	0.79305585	0.16154250	0.029193645	0.0050347047	0.00087113209	0.00015542556	2.8874868e-05	5.5947825e-06	1.1260108e-06	5.8364445e-08	0.0000000	0.0000000	0.0000000	0.0000000	0.0000000	0.0000000	0.0000000	0.0000000
16.0040	0.0000000	0.0000000	0.0000000	0.0000000	0.0000000	0.0000000	0.0000000	0.0000000	0.0000000	0.0000000	0.0000000	0.0000000	0.0000000	0.0000000	0.0000000	0.0000000	0.0000000	0.0000000	0.0000000	0.0000000	0.0000000	0.0000000	0.0000000	0.0000000	0.0000000	0.0000000	0.0000000	0.0000000	0.0000000	0.0000000	0.0000000	0.0000000	0.0000000	0.0000000	0.0000000	0.0000000	0.0000000	0.0000000	0.0000000	0.0000000	0.0000000	3.8139604e-08	4.4813216e-06	0.00026937484	0.0083404866	0.13208540	1.0505246	4.3758791	11.263998	21.610736	34.810980	49.958496	65.606564	79.697719	89.768815	93.230370	87.598561	74.101615	55.060257	34.825821	18.051330	7.3803482	2.3197616	0.56588705	0.11307028	0.020007675	0.0033706986	0.00056819101	9.8548020e-05	1.7777747e-05	3.3440542e-06	6.5374034e-07	3.2958030e-08	0.0000000	0.0000000	0.0000000	0.0000000	0.0000000	0.0000000	0.0000000	0.0000000
10.7700	0.0000000	0.0000000	0.0000000	0.0000000	0.0000000	0.0000000	0.0000000	0.0000000	0.0000000	0.0000000	0.0000000	0.0000000	0.0000000	0.0000000	0.0000000	0.0000000	0.0000000	0.0000000	0.0000000	0.0000000	0.0000000	0.0000000	0.0000000	0.0000000	0.0000000	0.0000000	0.0000000	0.0000000	0.0000000	0.0000000	0.0000000	0.0000000	0.0000000	0.0000000	0.0000000	0.0000000	0.0000000	0.0000000	0.0000000	0.0000000	0.0000000	3.1349995e-09	5.6073181e-07	4.9036419e-05	0.0021203559	0.045155198	0.46647152	2.4466138	7.7112595	17.680431	33.368961	55.243656	82.716295	113.55971	143.51264	166.45997	175.52697	165.56477	136.41617	95.185105	54.169619	24.210295	8.2831412	2.1893802	0.47169601	0.089531908	0.016083442	0.0028719017	0.00052417802	9.8888695e-05	1.9342457e-05	3.9122793e-06	2.0317966e-07	0.0000000	0.0000000	0.0000000	0.0000000	0.0000000	0.0000000	0.0000000	0.0000000
10.6570	0.0000000	0.0000000	0.0000000	0.0000000	0.0000000	0.0000000	0.0000000	0.0000000	0.0000000	0.0000000	0.0000000	0.0000000	0.0000000	0.0000000	0.0000000	0.0000000	0.0000000	0.0000000	0.0000000	0.0000000	0.0000000	0.0000000	0.0000000	0.0000000	0.0000000	0.0000000	0.0000000	0.0000000	0.0000000	0.0000000	0.0000000	0.0000000	0.0000000	0.0000000	0.0000000	0.0000000	0.0000000	0.0000000	0.0000000	0.0000000	0.0000000	1.7533818e-09	3.1550511e-07	2.7513405e-05	0.0011774319	0.024658168	0.24919629	1.2740759	3.9090647	8.7319517	16.229123	27.040634	40.720331	56.161403	71.182863	82.644599	87.027707	85.370342	74.465206	55.602922	33.522987	15.574845	5.2810554	1.3794078	0.29371715	0.055138092	0.0098122590	0.0017398263	0.00031615725	5.9541781e-05	1.1656994e-05	2.3660000e-06	1.2140735e-07	0.0000000	0.0000000	0.0000000	0.0000000	0.0000000	0.0000000	0.0000000	0.0000000
12.6800	0.0000000	0.0000000	0.0000000	0.0000000	0.0000000	0.0000000	0.0000000	0.0000000	0.0000000	0.0000000	0.0000000	0.0000000	0.0000000	0.0000000	0.0000000	0.0000000	0.0000000	0.0000000	0.0000000	0.0000000	0.0000000	0.0000000	0.0000000	0.0000000	0.0000000	0.0000000	0.0000000	0.0000000	0.0000000	0.0000000	0.0000000	0.0000000	0.0000000	0.0000000	0.0000000	0.0000000	0.0000000	0.0000000	0.0000000	0.0000000	0.0000000	7.0809757e-09	1.0002631e-06	7.1340563e-05	0.0025902604	0.047441967	0.42829818	1.9746979	5.4803891	11.082444	18.485537	27.150314	36.307023	44.922909	51.588127	54.752690	53.124657	46.287643	35.331368	22.917746	12.172360	5.0989169	1.6427109	0.41092181	0.084207416	0.015277716	0.0026370276	0.00045488245	8.0620584e-05	1.4839981e-05	2.8447008e-06	5.6624309e-07	2.9059819e-08	0.0000000	0.0000000	0.0000000	0.0000000	0.0000000	0.0000000	0.0000000	0.0000000
11.0230	0.0000000	0.0000000	0.0000000	0.0000000	0.0000000	0.0000000	0.0000000	0.0000000	0.0000000	0.0000000	0.0000000	0.0000000	0.0000000	0.0000000	0.0000000	0.0000000	0.0000000	0.0000000	0.0000000	0.0000000	0.0000000	0.0000000	0.0000000	0.0000000	0.0000000	0.0000000	0.0000000	0.0000000	0.0000000	0.0000000	0.0000000	0.0000000	0.0000000	0.0000000	0.0000000	0.0000000	0.0000000	0.0000000	0.0000000	0.0000000	0.0000000	1.3180501e-09	2.3067889e-07	1.9867055e-05	0.00084748212	0.017761901	0.18015742	0.92692784	2.8696916	6.4867821	12.134076	20.014625	29.980396	41.290200	52.413524	61.081095	64.734024	61.417078	50.974568	35.917972	20.711279	9.4098562	3.2755699	0.87832359	0.19072826	0.036133582	0.0063987556	0.0011175469	0.00020024842	3.7588775e-05	7.4103448e-06	1.5251509e-06	8.1064415e-08	0.0000000	0.0000000	0.0000000	0.0000000	0.0000000	0.0000000	0.0000000	0.0000000
10.1150	0.0000000	0.0000000	0.0000000	0.0000000	0.0000000	0.0000000	0.0000000	0.0000000	0.0000000	0.0000000	0.0000000	0.0000000	0.0000000	0.0000000	0.0000000	0.0000000	0.0000000	0.0000000	0.0000000	0.0000000	0.0000000	0.0000000	0.0000000	0.0000000	0.0000000	0.0000000	0.0000000	0.0000000	0.0000000	0.0000000	0.0000000	0.0000000	0.0000000	0.0000000	0.0000000	0.0000000	0.0000000	0.0000000	0.0000000	0.0000000	0.0000000	1.4384401e-10	2.8210249e-08	2.6840993e-06	0.00012541368	0.0028685695	0.031655121	0.18044096	0.62630262	1.5899012	3.3330259	6.1354665	10.207371	14.535790	18.985032	22.709568	24.633266	23.828117	20.066669	14.264679	8.2470038	3.7382476	1.2964661	0.34749450	0.075999890	0.014668534	0.0026847586	0.00048933968	9.1299292e-05	1.7626126e-05	3.5310063e-06	7.3191497e-07	3.8971400e-08	0.0000000	0.0000000	0.0000000	0.0000000	0.0000000	0.0000000	0.0000000	0.0000000
