# DO NOT EDIT: written Thu Mar 14 18:48:37 2019 by wrt_emiss_fe17.pro
# faked emissivities [1e-23 ergs cm^3/s] for Fe17 lines from Del Zanna 2011, A&A 536, A59
# emissivities include ion balance, but not abundance, and are spline and ion balance jittered off of emiss_Fe17_00000.txt
# line 6 -- SEED, LOGT
# lines 7+ -- WVL, EMISSIVITY
      269881	4.00	4.05	4.10	4.15	4.20	4.25	4.30	4.35	4.40	4.45	4.50	4.55	4.60	4.65	4.70	4.75	4.80	4.85	4.90	4.95	5.00	5.05	5.10	5.15	5.20	5.25	5.30	5.35	5.40	5.45	5.50	5.55	5.60	5.65	5.70	5.75	5.80	5.85	5.90	5.95	6.00	6.05	6.10	6.15	6.20	6.25	6.30	6.35	6.40	6.45	6.50	6.55	6.60	6.65	6.70	6.75	6.80	6.85	6.90	6.95	7.00	7.05	7.10	7.15	7.20	7.25	7.30	7.35	7.40	7.45	7.50	7.55	7.60	7.65	7.70	7.75	7.80	7.85	7.90	7.95	8.00
15.0130	0.0000000	0.0000000	0.0000000	0.0000000	0.0000000	0.0000000	0.0000000	0.0000000	0.0000000	0.0000000	0.0000000	0.0000000	0.0000000	0.0000000	0.0000000	0.0000000	0.0000000	0.0000000	0.0000000	0.0000000	0.0000000	0.0000000	0.0000000	0.0000000	0.0000000	0.0000000	0.0000000	0.0000000	0.0000000	0.0000000	0.0000000	0.0000000	0.0000000	0.0000000	0.0000000	0.0000000	0.0000000	0.0000000	0.0000000	0.0000000	0.0000000	1.2045768e-06	0.00015153649	0.0096625012	0.31600351	5.2791207	44.531675	199.05596	550.46420	1117.0789	1874.6896	2782.7027	3775.9735	4751.5092	5565.3684	6049.3378	6047.3262	5476.7769	4397.9435	3045.9622	1759.9676	819.45768	299.02919	84.924937	19.320941	3.7602138	0.67629524	0.11930663	0.021371037	0.0039494018	0.00075593069	0.00014965300	1.9380445e-05	0.0000000	0.0000000	0.0000000	0.0000000	0.0000000	0.0000000	0.0000000	0.0000000
17.0510	0.0000000	0.0000000	0.0000000	0.0000000	0.0000000	0.0000000	0.0000000	0.0000000	0.0000000	0.0000000	0.0000000	0.0000000	0.0000000	0.0000000	0.0000000	0.0000000	0.0000000	0.0000000	0.0000000	0.0000000	0.0000000	0.0000000	0.0000000	0.0000000	0.0000000	0.0000000	0.0000000	0.0000000	0.0000000	0.0000000	0.0000000	0.0000000	0.0000000	0.0000000	0.0000000	0.0000000	0.0000000	0.0000000	0.0000000	0.0000000	0.0000000	2.6603102e-06	0.00030071696	0.017426532	0.52223728	8.0461116	62.919525	261.93398	677.52480	1287.5914	1998.1930	2734.0482	3402.8712	3900.4792	4123.3731	4003.7497	3542.3335	3046.6062	2322.7096	1525.7746	835.15710	367.89890	126.86116	34.020334	7.3058888	1.3426347	0.22842138	0.038231248	0.0065242421	0.0012506639	0.00027522776	5.5286082e-05	6.9933626e-06	0.0000000	0.0000000	0.0000000	0.0000000	0.0000000	0.0000000	0.0000000	0.0000000
17.0960	0.0000000	0.0000000	0.0000000	0.0000000	0.0000000	0.0000000	0.0000000	0.0000000	0.0000000	0.0000000	0.0000000	0.0000000	0.0000000	0.0000000	0.0000000	0.0000000	0.0000000	0.0000000	0.0000000	0.0000000	0.0000000	0.0000000	0.0000000	0.0000000	0.0000000	0.0000000	0.0000000	0.0000000	0.0000000	0.0000000	0.0000000	0.0000000	0.0000000	0.0000000	0.0000000	0.0000000	0.0000000	0.0000000	0.0000000	0.0000000	0.0000000	2.2110123e-06	0.00024639679	0.014097324	0.41834462	6.3996187	49.773980	206.20203	530.65255	1005.5159	1580.1209	2201.0917	2805.6034	3315.5792	3642.8819	3708.1477	3465.1589	2927.5299	2187.3345	1405.1479	750.41539	321.72458	107.70944	27.982394	5.8106799	1.0310471	0.16919782	0.027299142	0.0044891321	0.00076537265	0.00013593949	2.5135963e-05	3.0630787e-06	0.0000000	0.0000000	0.0000000	0.0000000	0.0000000	0.0000000	0.0000000	0.0000000
16.7760	0.0000000	0.0000000	0.0000000	0.0000000	0.0000000	0.0000000	0.0000000	0.0000000	0.0000000	0.0000000	0.0000000	0.0000000	0.0000000	0.0000000	0.0000000	0.0000000	0.0000000	0.0000000	0.0000000	0.0000000	0.0000000	0.0000000	0.0000000	0.0000000	0.0000000	0.0000000	0.0000000	0.0000000	0.0000000	0.0000000	0.0000000	0.0000000	0.0000000	0.0000000	0.0000000	0.0000000	0.0000000	0.0000000	0.0000000	0.0000000	0.0000000	1.7793801e-06	0.00020278881	0.011813777	0.35581637	5.5141631	43.421736	182.24414	475.68348	915.05375	1460.2896	2064.8513	2669.0914	3197.1003	3562.0060	3680.3863	3495.3229	3005.7921	2290.5093	1504.2050	823.33170	362.75873	125.12862	33.568321	7.2116566	1.3259357	0.22572001	0.037810806	0.0064589812	0.0011442723	0.00021118730	4.0570279e-05	5.1347855e-06	0.0000000	0.0000000	0.0000000	0.0000000	0.0000000	0.0000000	0.0000000	0.0000000
15.2620	0.0000000	0.0000000	0.0000000	0.0000000	0.0000000	0.0000000	0.0000000	0.0000000	0.0000000	0.0000000	0.0000000	0.0000000	0.0000000	0.0000000	0.0000000	0.0000000	0.0000000	0.0000000	0.0000000	0.0000000	0.0000000	0.0000000	0.0000000	0.0000000	0.0000000	0.0000000	0.0000000	0.0000000	0.0000000	0.0000000	0.0000000	0.0000000	0.0000000	0.0000000	0.0000000	0.0000000	0.0000000	0.0000000	0.0000000	0.0000000	0.0000000	3.7072733e-07	4.7017774e-05	0.0030348829	0.10076627	1.7115144	14.681453	66.724331	185.48485	375.03592	626.93230	927.02108	1253.1278	1570.6147	1831.7049	1981.4000	1969.8745	1772.7761	1413.1880	970.47925	555.25592	255.61581	92.070139	25.763604	5.7644827	1.1017590	0.19456565	0.033736795	0.0059529666	0.0010873129	0.00020661299	4.0834459e-05	5.3150937e-06	0.0000000	0.0000000	0.0000000	0.0000000	0.0000000	0.0000000	0.0000000	0.0000000
12.1240	0.0000000	0.0000000	0.0000000	0.0000000	0.0000000	0.0000000	0.0000000	0.0000000	0.0000000	0.0000000	0.0000000	0.0000000	0.0000000	0.0000000	0.0000000	0.0000000	0.0000000	0.0000000	0.0000000	0.0000000	0.0000000	0.0000000	0.0000000	0.0000000	0.0000000	0.0000000	0.0000000	0.0000000	0.0000000	0.0000000	0.0000000	0.0000000	0.0000000	0.0000000	0.0000000	0.0000000	0.0000000	0.0000000	0.0000000	0.0000000	0.0000000	3.0009548e-08	4.7289292e-06	0.00036857313	0.014410948	0.28210362	2.7388671	13.877237	42.938510	96.371316	176.99373	284.73504	414.92382	555.80875	687.44391	783.32821	815.54497	764.64499	632.14663	448.34684	263.91998	124.56440	45.857247	13.083248	2.9785798	0.57813320	0.10348383	0.018154299	0.0032354161	0.00059589834	0.00011397775	2.2629896e-05	2.9540781e-06	0.0000000	0.0000000	0.0000000	0.0000000	0.0000000	0.0000000	0.0000000	0.0000000
12.2640	0.0000000	0.0000000	0.0000000	0.0000000	0.0000000	0.0000000	0.0000000	0.0000000	0.0000000	0.0000000	0.0000000	0.0000000	0.0000000	0.0000000	0.0000000	0.0000000	0.0000000	0.0000000	0.0000000	0.0000000	0.0000000	0.0000000	0.0000000	0.0000000	0.0000000	0.0000000	0.0000000	0.0000000	0.0000000	0.0000000	0.0000000	0.0000000	0.0000000	0.0000000	0.0000000	0.0000000	0.0000000	0.0000000	0.0000000	0.0000000	0.0000000	3.0465035e-08	4.7277066e-06	0.00036618469	0.014369830	0.28521091	2.8186688	14.419097	44.586842	99.156526	179.20257	282.19053	401.06035	522.93502	629.04114	697.24017	707.06823	647.29343	523.81942	364.61194	211.23022	98.404055	35.863770	10.159757	2.3031164	0.44622247	0.079902248	0.014049112	0.0025135600	0.00046539828	8.9593912e-05	1.7922050e-05	2.3592392e-06	0.0000000	0.0000000	0.0000000	0.0000000	0.0000000	0.0000000	0.0000000	0.0000000
13.8250	0.0000000	0.0000000	0.0000000	0.0000000	0.0000000	0.0000000	0.0000000	0.0000000	0.0000000	0.0000000	0.0000000	0.0000000	0.0000000	0.0000000	0.0000000	0.0000000	0.0000000	0.0000000	0.0000000	0.0000000	0.0000000	0.0000000	0.0000000	0.0000000	0.0000000	0.0000000	0.0000000	0.0000000	0.0000000	0.0000000	0.0000000	0.0000000	0.0000000	0.0000000	0.0000000	0.0000000	0.0000000	0.0000000	0.0000000	0.0000000	0.0000000	4.6007628e-08	6.1853863e-06	0.00042260255	0.014855969	0.26739010	2.4309418	11.684009	34.554611	74.554168	132.36813	207.05593	295.26929	389.86902	478.73197	544.78448	568.95490	536.62916	446.94182	319.33263	188.76293	88.870995	32.302023	8.9683281	1.9637006	0.36582228	0.062897116	0.010678301	0.0019191392	0.00035687944	6.8975062e-05	1.3843566e-05	1.8262149e-06	0.0000000	0.0000000	0.0000000	0.0000000	0.0000000	0.0000000	0.0000000	0.0000000
15.4530	0.0000000	0.0000000	0.0000000	0.0000000	0.0000000	0.0000000	0.0000000	0.0000000	0.0000000	0.0000000	0.0000000	0.0000000	0.0000000	0.0000000	0.0000000	0.0000000	0.0000000	0.0000000	0.0000000	0.0000000	0.0000000	0.0000000	0.0000000	0.0000000	0.0000000	0.0000000	0.0000000	0.0000000	0.0000000	0.0000000	0.0000000	0.0000000	0.0000000	0.0000000	0.0000000	0.0000000	0.0000000	0.0000000	0.0000000	0.0000000	0.0000000	1.3560947e-07	1.6387484e-05	0.0010050088	0.031623690	0.50796226	4.1135524	17.618566	46.580552	90.156542	143.94873	202.78343	260.46339	307.12931	329.87396	326.38545	294.66571	239.17155	171.16946	105.35069	54.120939	22.503227	7.4048599	1.9293250	0.40564787	0.074975248	0.013121761	0.0023020919	0.00041494918	7.5023880e-05	1.3497846e-05	2.5307724e-06	3.1299605e-07	0.0000000	0.0000000	0.0000000	0.0000000	0.0000000	0.0000000	0.0000000	0.0000000
11.2500	0.0000000	0.0000000	0.0000000	0.0000000	0.0000000	0.0000000	0.0000000	0.0000000	0.0000000	0.0000000	0.0000000	0.0000000	0.0000000	0.0000000	0.0000000	0.0000000	0.0000000	0.0000000	0.0000000	0.0000000	0.0000000	0.0000000	0.0000000	0.0000000	0.0000000	0.0000000	0.0000000	0.0000000	0.0000000	0.0000000	0.0000000	0.0000000	0.0000000	0.0000000	0.0000000	0.0000000	0.0000000	0.0000000	0.0000000	0.0000000	0.0000000	6.5749888e-09	1.1230554e-06	9.3909191e-05	0.0039044664	0.080652169	0.82071550	4.3316884	13.886237	32.147117	60.669511	99.977021	148.85035	203.28779	255.83742	296.09856	312.62448	296.83683	248.22602	177.92668	105.79514	50.425466	18.747305	5.4030555	1.2433278	0.24414017	0.044250890	0.0078683109	0.0014224398	0.00026582774	5.1577703e-05	1.0379977e-05	1.3714195e-06	0.0000000	0.0000000	0.0000000	0.0000000	0.0000000	0.0000000	0.0000000	0.0000000
11.1290	0.0000000	0.0000000	0.0000000	0.0000000	0.0000000	0.0000000	0.0000000	0.0000000	0.0000000	0.0000000	0.0000000	0.0000000	0.0000000	0.0000000	0.0000000	0.0000000	0.0000000	0.0000000	0.0000000	0.0000000	0.0000000	0.0000000	0.0000000	0.0000000	0.0000000	0.0000000	0.0000000	0.0000000	0.0000000	0.0000000	0.0000000	0.0000000	0.0000000	0.0000000	0.0000000	0.0000000	0.0000000	0.0000000	0.0000000	0.0000000	0.0000000	4.2507289e-09	7.3759588e-07	6.2636157e-05	0.0026431827	0.055366456	0.57061974	3.0458117	9.8590903	23.011499	43.725568	72.461364	108.37877	148.56000	187.49639	217.44211	229.85188	218.32195	182.47827	130.62249	77.500817	36.832357	13.644297	3.9155064	0.89655235	0.17505265	0.031524628	0.0055645456	0.00099786438	0.00018493182	3.5592666e-05	7.1107940e-06	9.3381489e-07	0.0000000	0.0000000	0.0000000	0.0000000	0.0000000	0.0000000	0.0000000	0.0000000
16.3360	0.0000000	0.0000000	0.0000000	0.0000000	0.0000000	0.0000000	0.0000000	0.0000000	0.0000000	0.0000000	0.0000000	0.0000000	0.0000000	0.0000000	0.0000000	0.0000000	0.0000000	0.0000000	0.0000000	0.0000000	0.0000000	0.0000000	0.0000000	0.0000000	0.0000000	0.0000000	0.0000000	0.0000000	0.0000000	0.0000000	0.0000000	0.0000000	0.0000000	0.0000000	0.0000000	0.0000000	0.0000000	0.0000000	0.0000000	0.0000000	0.0000000	5.5229121e-08	6.1723784e-06	0.00034795252	0.0099927777	0.14942898	1.1675399	4.9602532	13.247490	26.121216	42.494138	60.569530	78.052421	92.480533	101.37170	102.72307	95.592651	80.625351	60.313709	38.916450	20.949695	9.0882606	3.0902882	0.81834817	0.17379211	0.031629987	0.0053374396	0.00088750549	0.00015069890	2.6573266e-05	4.8873982e-06	9.3662010e-07	1.1835811e-07	0.0000000	0.0000000	0.0000000	0.0000000	0.0000000	0.0000000	0.0000000	0.0000000
13.8900	0.0000000	0.0000000	0.0000000	0.0000000	0.0000000	0.0000000	0.0000000	0.0000000	0.0000000	0.0000000	0.0000000	0.0000000	0.0000000	0.0000000	0.0000000	0.0000000	0.0000000	0.0000000	0.0000000	0.0000000	0.0000000	0.0000000	0.0000000	0.0000000	0.0000000	0.0000000	0.0000000	0.0000000	0.0000000	0.0000000	0.0000000	0.0000000	0.0000000	0.0000000	0.0000000	0.0000000	0.0000000	0.0000000	0.0000000	0.0000000	0.0000000	1.7283113e-08	2.2553318e-06	0.00014919447	0.0050690306	0.088065287	0.77173051	3.5675154	10.110142	20.813618	35.118692	52.025164	70.071582	87.246701	100.98023	108.31410	106.65545	94.899155	74.601828	50.360608	28.247333	12.723623	4.4796376	1.2254150	0.26832216	0.050275354	0.0087219903	0.0014891358	0.00025933799	4.6853432e-05	8.8210052e-06	1.7291099e-06	2.2336028e-07	0.0000000	0.0000000	0.0000000	0.0000000	0.0000000	0.0000000	0.0000000	0.0000000
16.0040	0.0000000	0.0000000	0.0000000	0.0000000	0.0000000	0.0000000	0.0000000	0.0000000	0.0000000	0.0000000	0.0000000	0.0000000	0.0000000	0.0000000	0.0000000	0.0000000	0.0000000	0.0000000	0.0000000	0.0000000	0.0000000	0.0000000	0.0000000	0.0000000	0.0000000	0.0000000	0.0000000	0.0000000	0.0000000	0.0000000	0.0000000	0.0000000	0.0000000	0.0000000	0.0000000	0.0000000	0.0000000	0.0000000	0.0000000	0.0000000	0.0000000	3.2560830e-08	3.8625062e-06	0.00023323925	0.0072447297	0.11517731	0.92584824	3.9492037	10.436394	20.256533	32.518926	46.154588	59.827699	71.837057	80.216822	83.071961	79.079700	68.150604	52.012474	34.182810	18.706726	8.2327755	2.8342530	0.75859844	0.16259939	0.029831553	0.0050694955	0.00084828606	0.00014487438	2.5684143e-05	4.7477034e-06	9.1413507e-07	1.1602591e-07	0.0000000	0.0000000	0.0000000	0.0000000	0.0000000	0.0000000	0.0000000	0.0000000
10.7700	0.0000000	0.0000000	0.0000000	0.0000000	0.0000000	0.0000000	0.0000000	0.0000000	0.0000000	0.0000000	0.0000000	0.0000000	0.0000000	0.0000000	0.0000000	0.0000000	0.0000000	0.0000000	0.0000000	0.0000000	0.0000000	0.0000000	0.0000000	0.0000000	0.0000000	0.0000000	0.0000000	0.0000000	0.0000000	0.0000000	0.0000000	0.0000000	0.0000000	0.0000000	0.0000000	0.0000000	0.0000000	0.0000000	0.0000000	0.0000000	0.0000000	2.4162953e-09	4.3577046e-07	3.8408463e-05	0.0016807128	0.036474855	0.38895688	2.1432868	7.1354918	17.051525	33.037247	55.634170	84.335964	116.96576	149.22551	174.80317	186.46784	178.53464	150.22846	108.10844	64.393777	30.683880	11.383281	3.2679209	0.74783019	0.14590116	0.026288063	0.0046553836	0.00084110033	0.00015792763	3.0945732e-05	6.3047465e-06	8.4300749e-07	0.0000000	0.0000000	0.0000000	0.0000000	0.0000000	0.0000000	0.0000000	0.0000000
10.6570	0.0000000	0.0000000	0.0000000	0.0000000	0.0000000	0.0000000	0.0000000	0.0000000	0.0000000	0.0000000	0.0000000	0.0000000	0.0000000	0.0000000	0.0000000	0.0000000	0.0000000	0.0000000	0.0000000	0.0000000	0.0000000	0.0000000	0.0000000	0.0000000	0.0000000	0.0000000	0.0000000	0.0000000	0.0000000	0.0000000	0.0000000	0.0000000	0.0000000	0.0000000	0.0000000	0.0000000	0.0000000	0.0000000	0.0000000	0.0000000	0.0000000	1.2825063e-09	2.3560428e-07	2.1088044e-05	0.00093454678	0.020487745	0.22017119	1.2203476	4.0826922	9.8011211	19.074033	32.260469	49.106462	68.352518	87.444567	102.61745	109.54257	104.84148	88.102481	63.271317	37.585468	17.849983	6.5961844	1.8852932	0.42936094	0.083307351	0.014904790	0.0026144187	0.00046617255	8.5976162e-05	1.6483245e-05	3.2838905e-06	4.3055365e-07	0.0000000	0.0000000	0.0000000	0.0000000	0.0000000	0.0000000	0.0000000	0.0000000
12.6800	0.0000000	0.0000000	0.0000000	0.0000000	0.0000000	0.0000000	0.0000000	0.0000000	0.0000000	0.0000000	0.0000000	0.0000000	0.0000000	0.0000000	0.0000000	0.0000000	0.0000000	0.0000000	0.0000000	0.0000000	0.0000000	0.0000000	0.0000000	0.0000000	0.0000000	0.0000000	0.0000000	0.0000000	0.0000000	0.0000000	0.0000000	0.0000000	0.0000000	0.0000000	0.0000000	0.0000000	0.0000000	0.0000000	0.0000000	0.0000000	0.0000000	6.1823457e-09	8.6651450e-07	6.1188504e-05	0.0022067503	0.040427194	0.37008794	1.7638657	5.1002703	10.637450	18.088025	26.922758	36.426640	45.633724	53.167442	57.419307	56.921187	50.955723	40.273828	27.347527	15.441058	7.0056955	2.4857359	0.68552709	0.15130758	0.028555319	0.0049836871	0.00085465605	0.00014923649	2.6984387e-05	5.0755363e-06	9.9242863e-07	1.2773735e-07	0.0000000	0.0000000	0.0000000	0.0000000	0.0000000	0.0000000	0.0000000	0.0000000
11.0230	0.0000000	0.0000000	0.0000000	0.0000000	0.0000000	0.0000000	0.0000000	0.0000000	0.0000000	0.0000000	0.0000000	0.0000000	0.0000000	0.0000000	0.0000000	0.0000000	0.0000000	0.0000000	0.0000000	0.0000000	0.0000000	0.0000000	0.0000000	0.0000000	0.0000000	0.0000000	0.0000000	0.0000000	0.0000000	0.0000000	0.0000000	0.0000000	0.0000000	0.0000000	0.0000000	0.0000000	0.0000000	0.0000000	0.0000000	0.0000000	0.0000000	8.1600452e-10	1.4915435e-07	1.3376200e-05	0.00059498588	0.013057061	0.14005387	0.77316829	2.5737701	6.1528361	11.956322	20.253369	30.952629	43.333696	55.817440	65.983408	71.030007	68.684296	58.461028	42.653427	25.822485	12.528053	4.7352117	1.3845170	0.32231844	0.063832312	0.011632183	0.0020729747	0.00037480855	7.0016354e-05	1.3590780e-05	2.7413883e-06	3.6393270e-07	0.0000000	0.0000000	0.0000000	0.0000000	0.0000000	0.0000000	0.0000000	0.0000000
10.1150	0.0000000	0.0000000	0.0000000	0.0000000	0.0000000	0.0000000	0.0000000	0.0000000	0.0000000	0.0000000	0.0000000	0.0000000	0.0000000	0.0000000	0.0000000	0.0000000	0.0000000	0.0000000	0.0000000	0.0000000	0.0000000	0.0000000	0.0000000	0.0000000	0.0000000	0.0000000	0.0000000	0.0000000	0.0000000	0.0000000	0.0000000	0.0000000	0.0000000	0.0000000	0.0000000	0.0000000	0.0000000	0.0000000	0.0000000	0.0000000	0.0000000	1.1287702e-10	2.2261640e-08	2.1273362e-06	0.00010017457	0.0023242089	0.026346273	0.15568434	0.55351845	1.4061833	2.8831556	5.1176569	8.1499561	11.841860	15.793989	19.309463	21.455311	21.344394	18.605637	13.824171	8.4753152	4.1481207	1.5789276	0.46491956	0.10914864	0.021848782	0.0040343158	0.00073006580	0.00013418816	2.5479280e-05	5.0209355e-06	1.0261807e-06	1.3771520e-07	0.0000000	0.0000000	0.0000000	0.0000000	0.0000000	0.0000000	0.0000000	0.0000000
