# DO NOT EDIT: written Thu Mar 14 18:48:37 2019 by wrt_emiss_fe17.pro
# faked emissivities [1e-23 ergs cm^3/s] for Fe17 lines from Del Zanna 2011, A&A 536, A59
# emissivities include ion balance, but not abundance, and are spline and ion balance jittered off of emiss_Fe17_00000.txt
# line 6 -- SEED, LOGT
# lines 7+ -- WVL, EMISSIVITY
      578633	4.00	4.05	4.10	4.15	4.20	4.25	4.30	4.35	4.40	4.45	4.50	4.55	4.60	4.65	4.70	4.75	4.80	4.85	4.90	4.95	5.00	5.05	5.10	5.15	5.20	5.25	5.30	5.35	5.40	5.45	5.50	5.55	5.60	5.65	5.70	5.75	5.80	5.85	5.90	5.95	6.00	6.05	6.10	6.15	6.20	6.25	6.30	6.35	6.40	6.45	6.50	6.55	6.60	6.65	6.70	6.75	6.80	6.85	6.90	6.95	7.00	7.05	7.10	7.15	7.20	7.25	7.30	7.35	7.40	7.45	7.50	7.55	7.60	7.65	7.70	7.75	7.80	7.85	7.90	7.95	8.00
15.0130	0.0000000	0.0000000	0.0000000	0.0000000	0.0000000	0.0000000	0.0000000	0.0000000	0.0000000	0.0000000	0.0000000	0.0000000	0.0000000	0.0000000	0.0000000	0.0000000	0.0000000	0.0000000	0.0000000	0.0000000	0.0000000	0.0000000	0.0000000	0.0000000	0.0000000	0.0000000	0.0000000	0.0000000	0.0000000	0.0000000	0.0000000	0.0000000	0.0000000	0.0000000	0.0000000	0.0000000	0.0000000	0.0000000	0.0000000	0.0000000	8.2506095e-08	1.2924758e-05	0.00098610270	0.039796094	0.86475770	10.222282	66.870198	253.52170	630.82556	1203.9175	1956.2045	2852.2024	3821.9796	4750.4932	5479.7353	5833.7706	5665.3024	4928.3426	3744.6794	2406.4279	1257.7921	514.01228	159.97595	38.456573	7.6375891	1.3698129	0.23807654	0.041798661	0.0075739265	0.0014252954	0.00027902189	5.4578515e-05	0.0000000	0.0000000	0.0000000	0.0000000	0.0000000	0.0000000	0.0000000	0.0000000	0.0000000
17.0510	0.0000000	0.0000000	0.0000000	0.0000000	0.0000000	0.0000000	0.0000000	0.0000000	0.0000000	0.0000000	0.0000000	0.0000000	0.0000000	0.0000000	0.0000000	0.0000000	0.0000000	0.0000000	0.0000000	0.0000000	0.0000000	0.0000000	0.0000000	0.0000000	0.0000000	0.0000000	0.0000000	0.0000000	0.0000000	0.0000000	0.0000000	0.0000000	0.0000000	0.0000000	0.0000000	0.0000000	0.0000000	0.0000000	0.0000000	0.0000000	1.8911039e-07	2.5923454e-05	0.0017551099	0.063541490	1.2485167	13.431565	80.401682	280.39653	645.16046	1144.5726	1737.6380	2378.2315	3004.3619	3534.5183	3873.6667	3932.9084	3656.5335	3056.9988	2240.5094	1393.7046	707.22829	281.21311	85.301225	20.016230	3.8854852	0.68172497	0.11595199	0.019680504	0.0034497596	0.00062933951	0.00011962554	2.2741447e-05	0.0000000	0.0000000	0.0000000	0.0000000	0.0000000	0.0000000	0.0000000	0.0000000	0.0000000
17.0960	0.0000000	0.0000000	0.0000000	0.0000000	0.0000000	0.0000000	0.0000000	0.0000000	0.0000000	0.0000000	0.0000000	0.0000000	0.0000000	0.0000000	0.0000000	0.0000000	0.0000000	0.0000000	0.0000000	0.0000000	0.0000000	0.0000000	0.0000000	0.0000000	0.0000000	0.0000000	0.0000000	0.0000000	0.0000000	0.0000000	0.0000000	0.0000000	0.0000000	0.0000000	0.0000000	0.0000000	0.0000000	0.0000000	0.0000000	0.0000000	1.8856704e-07	2.5328645e-05	0.0016796647	0.059646498	1.1527004	12.222871	72.181718	248.20121	562.16150	979.43008	1456.3488	1947.2351	2396.9762	2740.8653	2912.6495	2860.6998	2566.7441	2066.0072	1454.0871	866.29253	420.06005	159.36270	46.094995	10.318918	1.9139045	0.32170595	0.052621151	0.0087345747	0.0015035394	0.00027010275	5.0702737e-05	9.5406069e-06	0.0000000	0.0000000	0.0000000	0.0000000	0.0000000	0.0000000	0.0000000	0.0000000	0.0000000
16.7760	0.0000000	0.0000000	0.0000000	0.0000000	0.0000000	0.0000000	0.0000000	0.0000000	0.0000000	0.0000000	0.0000000	0.0000000	0.0000000	0.0000000	0.0000000	0.0000000	0.0000000	0.0000000	0.0000000	0.0000000	0.0000000	0.0000000	0.0000000	0.0000000	0.0000000	0.0000000	0.0000000	0.0000000	0.0000000	0.0000000	0.0000000	0.0000000	0.0000000	0.0000000	0.0000000	0.0000000	0.0000000	0.0000000	0.0000000	0.0000000	1.4783100e-07	2.0503674e-05	0.0014001939	0.051084446	1.0131474	11.028945	66.971595	237.43129	556.14464	1004.7747	1552.3426	2158.3449	2761.0046	3277.0206	3610.5391	3672.3886	3408.4133	2834.6911	2059.6454	1265.6602	632.45469	247.00292	73.432696	16.858566	3.1971839	0.54744911	0.090798609	0.015201678	0.0026252154	0.00047065428	8.7735598e-05	1.6330184e-05	0.0000000	0.0000000	0.0000000	0.0000000	0.0000000	0.0000000	0.0000000	0.0000000	0.0000000
15.2620	0.0000000	0.0000000	0.0000000	0.0000000	0.0000000	0.0000000	0.0000000	0.0000000	0.0000000	0.0000000	0.0000000	0.0000000	0.0000000	0.0000000	0.0000000	0.0000000	0.0000000	0.0000000	0.0000000	0.0000000	0.0000000	0.0000000	0.0000000	0.0000000	0.0000000	0.0000000	0.0000000	0.0000000	0.0000000	0.0000000	0.0000000	0.0000000	0.0000000	0.0000000	0.0000000	0.0000000	0.0000000	0.0000000	0.0000000	0.0000000	2.8681322e-08	4.4061149e-06	0.00033059867	0.013148753	0.28192318	3.2886486	21.212889	79.239364	194.15359	364.77881	583.58697	838.26165	1107.3373	1357.6250	1546.0402	1627.3924	1566.1024	1354.0860	1026.3968	660.90719	347.89546	144.00098	45.630287	11.178399	2.2561058	0.40993397	0.071975158	0.012731837	0.0023185540	0.00043742928	8.5646196e-05	1.6714338e-05	0.0000000	0.0000000	0.0000000	0.0000000	0.0000000	0.0000000	0.0000000	0.0000000	0.0000000
12.1240	0.0000000	0.0000000	0.0000000	0.0000000	0.0000000	0.0000000	0.0000000	0.0000000	0.0000000	0.0000000	0.0000000	0.0000000	0.0000000	0.0000000	0.0000000	0.0000000	0.0000000	0.0000000	0.0000000	0.0000000	0.0000000	0.0000000	0.0000000	0.0000000	0.0000000	0.0000000	0.0000000	0.0000000	0.0000000	0.0000000	0.0000000	0.0000000	0.0000000	0.0000000	0.0000000	0.0000000	0.0000000	0.0000000	0.0000000	0.0000000	2.0026958e-09	4.0037046e-07	3.7886815e-05	0.0018481782	0.047425203	0.64818144	4.8099417	20.345321	55.662083	115.22724	200.48792	309.13779	432.66997	554.66000	657.83691	733.74103	754.98126	693.96162	553.42978	371.04159	201.23546	84.917016	27.173348	6.6930732	1.3579799	0.24810723	0.043803846	0.0077905440	0.0014260834	0.00027037427	5.3166175e-05	1.0411107e-05	0.0000000	0.0000000	0.0000000	0.0000000	0.0000000	0.0000000	0.0000000	0.0000000	0.0000000
12.2640	0.0000000	0.0000000	0.0000000	0.0000000	0.0000000	0.0000000	0.0000000	0.0000000	0.0000000	0.0000000	0.0000000	0.0000000	0.0000000	0.0000000	0.0000000	0.0000000	0.0000000	0.0000000	0.0000000	0.0000000	0.0000000	0.0000000	0.0000000	0.0000000	0.0000000	0.0000000	0.0000000	0.0000000	0.0000000	0.0000000	0.0000000	0.0000000	0.0000000	0.0000000	0.0000000	0.0000000	0.0000000	0.0000000	0.0000000	0.0000000	1.7767405e-09	3.4975499e-07	3.2739986e-05	0.0015867565	0.040612347	0.55547141	4.1356044	17.581229	48.405650	101.03000	177.70280	277.99829	396.64492	521.43644	632.37230	703.97604	711.35470	640.97077	502.32200	331.70688	177.59702	74.147836	23.527156	5.7582241	1.1630939	0.21187954	0.037344687	0.0066371397	0.0012150482	0.00023052052	4.5380545e-05	8.8995912e-06	0.0000000	0.0000000	0.0000000	0.0000000	0.0000000	0.0000000	0.0000000	0.0000000	0.0000000
13.8250	0.0000000	0.0000000	0.0000000	0.0000000	0.0000000	0.0000000	0.0000000	0.0000000	0.0000000	0.0000000	0.0000000	0.0000000	0.0000000	0.0000000	0.0000000	0.0000000	0.0000000	0.0000000	0.0000000	0.0000000	0.0000000	0.0000000	0.0000000	0.0000000	0.0000000	0.0000000	0.0000000	0.0000000	0.0000000	0.0000000	0.0000000	0.0000000	0.0000000	0.0000000	0.0000000	0.0000000	0.0000000	0.0000000	0.0000000	0.0000000	2.8979522e-09	4.7974691e-07	3.8694706e-05	0.0016544654	0.038195933	0.48068704	3.3481037	13.482481	35.439181	71.032931	120.63552	183.16062	254.95493	328.80416	393.37568	434.01899	436.18684	391.76251	306.35093	201.87608	107.86050	44.946281	14.239951	3.4819957	0.71370757	0.13477049	0.024730674	0.0045965109	0.00088373102	0.00017652353	3.6589323e-05	7.5391512e-06	0.0000000	0.0000000	0.0000000	0.0000000	0.0000000	0.0000000	0.0000000	0.0000000	0.0000000
15.4530	0.0000000	0.0000000	0.0000000	0.0000000	0.0000000	0.0000000	0.0000000	0.0000000	0.0000000	0.0000000	0.0000000	0.0000000	0.0000000	0.0000000	0.0000000	0.0000000	0.0000000	0.0000000	0.0000000	0.0000000	0.0000000	0.0000000	0.0000000	0.0000000	0.0000000	0.0000000	0.0000000	0.0000000	0.0000000	0.0000000	0.0000000	0.0000000	0.0000000	0.0000000	0.0000000	0.0000000	0.0000000	0.0000000	0.0000000	0.0000000	8.0427142e-09	1.1946573e-06	8.6602538e-05	0.0033244582	0.068736438	0.77266855	4.7999752	17.253585	40.629480	73.245704	112.21757	154.00862	193.92193	226.04474	244.01429	242.61541	219.64129	177.83635	125.58755	74.919647	36.324007	13.766130	3.9745538	0.88746150	0.16404484	0.027454492	0.0044657149	0.00073609907	0.00012563430	2.2791324e-05	4.5020425e-06	8.9291016e-07	0.0000000	0.0000000	0.0000000	0.0000000	0.0000000	0.0000000	0.0000000	0.0000000	0.0000000
11.2500	0.0000000	0.0000000	0.0000000	0.0000000	0.0000000	0.0000000	0.0000000	0.0000000	0.0000000	0.0000000	0.0000000	0.0000000	0.0000000	0.0000000	0.0000000	0.0000000	0.0000000	0.0000000	0.0000000	0.0000000	0.0000000	0.0000000	0.0000000	0.0000000	0.0000000	0.0000000	0.0000000	0.0000000	0.0000000	0.0000000	0.0000000	0.0000000	0.0000000	0.0000000	0.0000000	0.0000000	0.0000000	0.0000000	0.0000000	0.0000000	3.7380235e-10	8.4321972e-08	8.8953024e-06	0.00047785620	0.013335728	0.19545988	1.5378224	6.7908458	19.105448	40.130738	70.241262	108.60737	152.86467	198.35313	237.65839	261.78119	263.61269	240.38039	190.34567	126.82538	68.421253	28.747406	9.1684605	2.2530912	0.45662649	0.083443119	0.014752984	0.0026306179	0.00048333428	9.3056221e-05	1.8673644e-05	3.7374616e-06	0.0000000	0.0000000	0.0000000	0.0000000	0.0000000	0.0000000	0.0000000	0.0000000	0.0000000
11.1290	0.0000000	0.0000000	0.0000000	0.0000000	0.0000000	0.0000000	0.0000000	0.0000000	0.0000000	0.0000000	0.0000000	0.0000000	0.0000000	0.0000000	0.0000000	0.0000000	0.0000000	0.0000000	0.0000000	0.0000000	0.0000000	0.0000000	0.0000000	0.0000000	0.0000000	0.0000000	0.0000000	0.0000000	0.0000000	0.0000000	0.0000000	0.0000000	0.0000000	0.0000000	0.0000000	0.0000000	0.0000000	0.0000000	0.0000000	0.0000000	2.2558920e-10	5.0147003e-08	5.2190546e-06	0.00027735865	0.0076897780	0.11273435	0.89165193	3.9977507	11.542753	25.148374	45.992089	74.551694	109.87405	148.78220	185.42407	211.78379	219.35202	202.44533	162.40274	109.68955	60.009088	25.571271	8.2707311	2.0606107	0.42318927	0.078309339	0.014006301	0.0025233261	0.00046770474	8.9726230e-05	1.7836548e-05	3.5267078e-06	0.0000000	0.0000000	0.0000000	0.0000000	0.0000000	0.0000000	0.0000000	0.0000000	0.0000000
16.3360	0.0000000	0.0000000	0.0000000	0.0000000	0.0000000	0.0000000	0.0000000	0.0000000	0.0000000	0.0000000	0.0000000	0.0000000	0.0000000	0.0000000	0.0000000	0.0000000	0.0000000	0.0000000	0.0000000	0.0000000	0.0000000	0.0000000	0.0000000	0.0000000	0.0000000	0.0000000	0.0000000	0.0000000	0.0000000	0.0000000	0.0000000	0.0000000	0.0000000	0.0000000	0.0000000	0.0000000	0.0000000	0.0000000	0.0000000	0.0000000	4.0937517e-09	5.7553087e-07	3.9741012e-05	0.0014619864	0.029167140	0.31857917	1.9345732	6.8324874	15.878792	28.345668	43.129255	58.941918	74.089008	86.449937	93.691394	93.788961	85.714398	70.221400	50.266061	30.442439	15.004842	5.7875613	1.7022267	0.38748753	0.073063047	0.012477138	0.0020713614	0.00034850349	6.0709822e-05	1.1015932e-05	2.0841766e-06	3.9458353e-07	0.0000000	0.0000000	0.0000000	0.0000000	0.0000000	0.0000000	0.0000000	0.0000000	0.0000000
13.8900	0.0000000	0.0000000	0.0000000	0.0000000	0.0000000	0.0000000	0.0000000	0.0000000	0.0000000	0.0000000	0.0000000	0.0000000	0.0000000	0.0000000	0.0000000	0.0000000	0.0000000	0.0000000	0.0000000	0.0000000	0.0000000	0.0000000	0.0000000	0.0000000	0.0000000	0.0000000	0.0000000	0.0000000	0.0000000	0.0000000	0.0000000	0.0000000	0.0000000	0.0000000	0.0000000	0.0000000	0.0000000	0.0000000	0.0000000	0.0000000	1.2842171e-09	2.0470585e-07	1.5834169e-05	0.00064699601	0.014234543	0.17031836	1.1251806	4.2836734	10.599392	19.964051	31.951431	46.079208	61.722893	77.974135	93.350063	105.32616	108.39566	97.236625	72.503484	45.609480	23.288682	9.2854499	2.8184118	0.66122315	0.12836362	0.022551009	0.0038481312	0.00066492497	0.00011885760	2.2112155e-05	4.2860786e-06	8.3081577e-07	0.0000000	0.0000000	0.0000000	0.0000000	0.0000000	0.0000000	0.0000000	0.0000000	0.0000000
16.0040	0.0000000	0.0000000	0.0000000	0.0000000	0.0000000	0.0000000	0.0000000	0.0000000	0.0000000	0.0000000	0.0000000	0.0000000	0.0000000	0.0000000	0.0000000	0.0000000	0.0000000	0.0000000	0.0000000	0.0000000	0.0000000	0.0000000	0.0000000	0.0000000	0.0000000	0.0000000	0.0000000	0.0000000	0.0000000	0.0000000	0.0000000	0.0000000	0.0000000	0.0000000	0.0000000	0.0000000	0.0000000	0.0000000	0.0000000	0.0000000	2.5066467e-09	3.6506121e-07	2.6091362e-05	0.00099109584	0.020339554	0.22764136	1.4126247	5.0905075	12.064629	21.965431	34.079529	47.464860	60.753030	72.118831	79.464086	80.850080	75.091677	62.513687	45.466119	27.965677	13.987453	5.4683558	1.6280771	0.37471677	0.071360353	0.012294712	0.0020570904	0.00034851824	6.1090458e-05	1.1146167e-05	2.1188524e-06	4.0272222e-07	0.0000000	0.0000000	0.0000000	0.0000000	0.0000000	0.0000000	0.0000000	0.0000000	0.0000000
10.7700	0.0000000	0.0000000	0.0000000	0.0000000	0.0000000	0.0000000	0.0000000	0.0000000	0.0000000	0.0000000	0.0000000	0.0000000	0.0000000	0.0000000	0.0000000	0.0000000	0.0000000	0.0000000	0.0000000	0.0000000	0.0000000	0.0000000	0.0000000	0.0000000	0.0000000	0.0000000	0.0000000	0.0000000	0.0000000	0.0000000	0.0000000	0.0000000	0.0000000	0.0000000	0.0000000	0.0000000	0.0000000	0.0000000	0.0000000	0.0000000	1.3010249e-10	2.9815255e-08	3.1789530e-06	0.00017224235	0.0048533904	0.072181924	0.57869006	2.6293449	7.6898791	16.946492	31.305781	51.203497	76.090008	103.86195	130.49105	150.21550	156.68918	145.49903	117.31219	79.547529	43.646284	18.637648	6.0367773	1.5054118	0.30933207	0.057260513	0.010243804	0.0018456777	0.00034210102	6.5624761e-05	1.3043783e-05	2.5790457e-06	0.0000000	0.0000000	0.0000000	0.0000000	0.0000000	0.0000000	0.0000000	0.0000000	0.0000000
10.6570	0.0000000	0.0000000	0.0000000	0.0000000	0.0000000	0.0000000	0.0000000	0.0000000	0.0000000	0.0000000	0.0000000	0.0000000	0.0000000	0.0000000	0.0000000	0.0000000	0.0000000	0.0000000	0.0000000	0.0000000	0.0000000	0.0000000	0.0000000	0.0000000	0.0000000	0.0000000	0.0000000	0.0000000	0.0000000	0.0000000	0.0000000	0.0000000	0.0000000	0.0000000	0.0000000	0.0000000	0.0000000	0.0000000	0.0000000	0.0000000	7.1659152e-11	1.6915599e-08	1.8565818e-06	0.00010342590	0.0029897868	0.045460154	0.37080119	1.7036671	5.0052487	11.013449	20.197090	32.609260	47.567482	63.402277	77.422302	86.292940	86.891796	77.736342	60.879320	40.815071	22.121710	9.3246642	2.9799313	0.73300704	0.14857175	0.027140991	0.0047975807	0.00085570054	0.00015738251	3.1250224e-05	6.5717613e-06	1.3912495e-06	0.0000000	0.0000000	0.0000000	0.0000000	0.0000000	0.0000000	0.0000000	0.0000000	0.0000000
12.6800	0.0000000	0.0000000	0.0000000	0.0000000	0.0000000	0.0000000	0.0000000	0.0000000	0.0000000	0.0000000	0.0000000	0.0000000	0.0000000	0.0000000	0.0000000	0.0000000	0.0000000	0.0000000	0.0000000	0.0000000	0.0000000	0.0000000	0.0000000	0.0000000	0.0000000	0.0000000	0.0000000	0.0000000	0.0000000	0.0000000	0.0000000	0.0000000	0.0000000	0.0000000	0.0000000	0.0000000	0.0000000	0.0000000	0.0000000	0.0000000	4.1851391e-10	7.2915399e-08	6.1223661e-06	0.00027019653	0.0063921870	0.081800655	0.57331343	2.2884164	5.8809219	11.398818	18.555740	26.843929	35.520983	43.575553	49.627732	52.175641	50.017799	42.887172	32.043989	20.214952	10.363496	4.1537369	1.2690458	0.30006614	0.058764287	0.010419475	0.0017945146	0.00031280548	5.6358481e-05	1.0556080e-05	2.0573079e-06	4.0043474e-07	0.0000000	0.0000000	0.0000000	0.0000000	0.0000000	0.0000000	0.0000000	0.0000000	0.0000000
11.0230	0.0000000	0.0000000	0.0000000	0.0000000	0.0000000	0.0000000	0.0000000	0.0000000	0.0000000	0.0000000	0.0000000	0.0000000	0.0000000	0.0000000	0.0000000	0.0000000	0.0000000	0.0000000	0.0000000	0.0000000	0.0000000	0.0000000	0.0000000	0.0000000	0.0000000	0.0000000	0.0000000	0.0000000	0.0000000	0.0000000	0.0000000	0.0000000	0.0000000	0.0000000	0.0000000	0.0000000	0.0000000	0.0000000	0.0000000	0.0000000	5.4328334e-11	1.2360657e-08	1.3257446e-06	7.2908471e-05	0.0020914040	0.031585984	0.25615179	1.1725134	3.4439779	7.6169868	14.139050	23.272050	34.826388	47.858793	59.889573	68.195754	70.214049	64.278458	51.078539	34.156182	18.504931	7.8116489	2.5031413	0.61779088	0.12566957	0.023040771	0.0040874923	0.00073176522	0.00013526301	2.6013275e-05	5.2154562e-06	1.0466108e-06	0.0000000	0.0000000	0.0000000	0.0000000	0.0000000	0.0000000	0.0000000	0.0000000	0.0000000
10.1150	0.0000000	0.0000000	0.0000000	0.0000000	0.0000000	0.0000000	0.0000000	0.0000000	0.0000000	0.0000000	0.0000000	0.0000000	0.0000000	0.0000000	0.0000000	0.0000000	0.0000000	0.0000000	0.0000000	0.0000000	0.0000000	0.0000000	0.0000000	0.0000000	0.0000000	0.0000000	0.0000000	0.0000000	0.0000000	0.0000000	0.0000000	0.0000000	0.0000000	0.0000000	0.0000000	0.0000000	0.0000000	0.0000000	0.0000000	0.0000000	7.1181759e-12	1.8201900e-09	2.1534427e-07	1.2880864e-05	0.00039855642	0.0064713485	0.056272859	0.27524186	0.85937732	2.0048357	3.8894334	6.6347998	10.223714	14.402992	18.609516	21.973650	23.453203	22.229818	18.249777	12.568850	6.3024973	2.2323096	0.73155450	0.18465599	0.038443233	0.0072203902	0.0013126790	0.00024067244	4.5448624e-05	8.8927803e-06	1.8051255e-06	3.6494206e-07	0.0000000	0.0000000	0.0000000	0.0000000	0.0000000	0.0000000	0.0000000	0.0000000	0.0000000
