# DO NOT EDIT: written Thu Mar 14 18:48:37 2019 by wrt_emiss_fe17.pro
# faked emissivities [1e-23 ergs cm^3/s] for Fe17 lines from Del Zanna 2011, A&A 536, A59
# emissivities include ion balance, but not abundance, and are spline and ion balance jittered off of emiss_Fe17_00000.txt
# line 6 -- SEED, LOGT
# lines 7+ -- WVL, EMISSIVITY
      778389	4.00	4.05	4.10	4.15	4.20	4.25	4.30	4.35	4.40	4.45	4.50	4.55	4.60	4.65	4.70	4.75	4.80	4.85	4.90	4.95	5.00	5.05	5.10	5.15	5.20	5.25	5.30	5.35	5.40	5.45	5.50	5.55	5.60	5.65	5.70	5.75	5.80	5.85	5.90	5.95	6.00	6.05	6.10	6.15	6.20	6.25	6.30	6.35	6.40	6.45	6.50	6.55	6.60	6.65	6.70	6.75	6.80	6.85	6.90	6.95	7.00	7.05	7.10	7.15	7.20	7.25	7.30	7.35	7.40	7.45	7.50	7.55	7.60	7.65	7.70	7.75	7.80	7.85	7.90	7.95	8.00
15.0130	0.0000000	0.0000000	0.0000000	0.0000000	0.0000000	0.0000000	0.0000000	0.0000000	0.0000000	0.0000000	0.0000000	0.0000000	0.0000000	0.0000000	0.0000000	0.0000000	0.0000000	0.0000000	0.0000000	0.0000000	0.0000000	0.0000000	0.0000000	0.0000000	0.0000000	0.0000000	0.0000000	0.0000000	0.0000000	0.0000000	0.0000000	0.0000000	0.0000000	0.0000000	0.0000000	0.0000000	0.0000000	0.0000000	0.0000000	0.0000000	0.0000000	1.4586570e-06	0.00018417460	0.011800653	0.38673467	6.4395586	53.584410	232.92993	623.54671	1237.1059	2051.5591	3026.0855	4087.3703	5116.6894	5949.3639	6398.2744	6298.8289	5582.1761	4349.1973	2890.4228	1580.2791	685.31784	229.82772	59.892659	12.691246	2.3519728	0.41031204	0.071072293	0.012606323	0.0023204534	0.00044507321	8.8827654e-05	6.8829425e-06	0.0000000	0.0000000	0.0000000	0.0000000	0.0000000	0.0000000	0.0000000	0.0000000
17.0510	0.0000000	0.0000000	0.0000000	0.0000000	0.0000000	0.0000000	0.0000000	0.0000000	0.0000000	0.0000000	0.0000000	0.0000000	0.0000000	0.0000000	0.0000000	0.0000000	0.0000000	0.0000000	0.0000000	0.0000000	0.0000000	0.0000000	0.0000000	0.0000000	0.0000000	0.0000000	0.0000000	0.0000000	0.0000000	0.0000000	0.0000000	0.0000000	0.0000000	0.0000000	0.0000000	0.0000000	0.0000000	0.0000000	0.0000000	0.0000000	0.0000000	2.9251008e-06	0.00032698152	0.018760314	0.55516130	8.4032490	63.920495	255.32449	631.23946	1162.3211	1797.1684	2481.5062	3148.5892	3713.8017	4079.6361	4155.5442	3884.4473	3276.4880	2434.8357	1546.3236	809.21583	336.39769	108.29979	27.142870	5.5432608	0.99226727	0.16756163	0.028149347	0.0048507549	0.00086869301	0.00016223248	3.1525660e-05	2.3773179e-06	0.0000000	0.0000000	0.0000000	0.0000000	0.0000000	0.0000000	0.0000000	0.0000000
17.0960	0.0000000	0.0000000	0.0000000	0.0000000	0.0000000	0.0000000	0.0000000	0.0000000	0.0000000	0.0000000	0.0000000	0.0000000	0.0000000	0.0000000	0.0000000	0.0000000	0.0000000	0.0000000	0.0000000	0.0000000	0.0000000	0.0000000	0.0000000	0.0000000	0.0000000	0.0000000	0.0000000	0.0000000	0.0000000	0.0000000	0.0000000	0.0000000	0.0000000	0.0000000	0.0000000	0.0000000	0.0000000	0.0000000	0.0000000	0.0000000	0.0000000	3.1686333e-06	0.00035178297	0.020061213	0.59134981	8.9315557	67.832884	270.24172	656.25831	1180.3038	1771.4849	2358.8718	2866.0270	3212.1901	3325.8908	3177.6861	2787.6659	2245.3977	1631.4590	1011.3563	515.63008	208.39348	65.090284	15.797717	3.1193928	0.53923617	0.087872545	0.014240141	0.0023666870	0.00040874795	7.3621132e-05	1.3799196e-05	1.0048717e-06	0.0000000	0.0000000	0.0000000	0.0000000	0.0000000	0.0000000	0.0000000	0.0000000
16.7760	0.0000000	0.0000000	0.0000000	0.0000000	0.0000000	0.0000000	0.0000000	0.0000000	0.0000000	0.0000000	0.0000000	0.0000000	0.0000000	0.0000000	0.0000000	0.0000000	0.0000000	0.0000000	0.0000000	0.0000000	0.0000000	0.0000000	0.0000000	0.0000000	0.0000000	0.0000000	0.0000000	0.0000000	0.0000000	0.0000000	0.0000000	0.0000000	0.0000000	0.0000000	0.0000000	0.0000000	0.0000000	0.0000000	0.0000000	0.0000000	0.0000000	1.8485471e-06	0.00020706969	0.011881045	0.35182678	5.3383711	40.791418	164.03973	409.11921	761.03752	1189.8279	1662.3930	2137.0057	2548.6006	2826.4685	2903.4723	2747.0531	2349.0720	1773.5415	1147.1498	612.99468	260.88673	86.208284	22.232685	4.6837028	0.86700663	0.15178414	0.026500572	0.0047544893	0.00088528716	0.00016566378	3.2188679e-05	2.4242013e-06	0.0000000	0.0000000	0.0000000	0.0000000	0.0000000	0.0000000	0.0000000	0.0000000
15.2620	0.0000000	0.0000000	0.0000000	0.0000000	0.0000000	0.0000000	0.0000000	0.0000000	0.0000000	0.0000000	0.0000000	0.0000000	0.0000000	0.0000000	0.0000000	0.0000000	0.0000000	0.0000000	0.0000000	0.0000000	0.0000000	0.0000000	0.0000000	0.0000000	0.0000000	0.0000000	0.0000000	0.0000000	0.0000000	0.0000000	0.0000000	0.0000000	0.0000000	0.0000000	0.0000000	0.0000000	0.0000000	0.0000000	0.0000000	0.0000000	0.0000000	4.3744371e-07	5.4536935e-05	0.0034623951	0.11274044	1.8679579	15.473808	66.983420	178.63217	353.25622	584.42080	860.96851	1162.8157	1456.9410	1696.9784	1829.5246	1806.6639	1606.9471	1257.1454	839.14726	460.74018	200.54391	67.430385	17.591683	3.7245165	0.68796262	0.11926358	0.020454356	0.0035772096	0.00064679794	0.00012153522	2.3725264e-05	1.7978234e-06	0.0000000	0.0000000	0.0000000	0.0000000	0.0000000	0.0000000	0.0000000	0.0000000
12.1240	0.0000000	0.0000000	0.0000000	0.0000000	0.0000000	0.0000000	0.0000000	0.0000000	0.0000000	0.0000000	0.0000000	0.0000000	0.0000000	0.0000000	0.0000000	0.0000000	0.0000000	0.0000000	0.0000000	0.0000000	0.0000000	0.0000000	0.0000000	0.0000000	0.0000000	0.0000000	0.0000000	0.0000000	0.0000000	0.0000000	0.0000000	0.0000000	0.0000000	0.0000000	0.0000000	0.0000000	0.0000000	0.0000000	0.0000000	0.0000000	0.0000000	3.1465645e-08	4.9397559e-06	0.00038375880	0.014908320	0.28834713	2.7374326	13.373118	39.730030	86.518865	155.95350	247.85440	357.83602	475.25959	582.49004	656.71120	674.67561	625.70069	510.70815	355.99375	204.83875	93.991842	33.556036	9.3380797	2.1070620	0.41168106	0.074479295	0.013073447	0.0022781895	0.00039581990	6.8810021e-05	1.3316487e-05	1.0339135e-06	0.0000000	0.0000000	0.0000000	0.0000000	0.0000000	0.0000000	0.0000000	0.0000000
12.2640	0.0000000	0.0000000	0.0000000	0.0000000	0.0000000	0.0000000	0.0000000	0.0000000	0.0000000	0.0000000	0.0000000	0.0000000	0.0000000	0.0000000	0.0000000	0.0000000	0.0000000	0.0000000	0.0000000	0.0000000	0.0000000	0.0000000	0.0000000	0.0000000	0.0000000	0.0000000	0.0000000	0.0000000	0.0000000	0.0000000	0.0000000	0.0000000	0.0000000	0.0000000	0.0000000	0.0000000	0.0000000	0.0000000	0.0000000	0.0000000	0.0000000	3.3755512e-08	5.2276219e-06	0.00040220802	0.015527326	0.29924252	2.8354393	13.830783	41.005881	89.073265	160.11936	253.81440	365.70437	485.22661	594.63493	670.65793	689.35470	635.35749	513.00558	352.27242	198.48052	88.495904	30.451492	8.1307568	1.7631376	0.33387285	0.059406135	0.010472791	0.0018860932	0.00035157792	6.8075900e-05	1.3665359e-05	1.0611741e-06	0.0000000	0.0000000	0.0000000	0.0000000	0.0000000	0.0000000	0.0000000	0.0000000
13.8250	0.0000000	0.0000000	0.0000000	0.0000000	0.0000000	0.0000000	0.0000000	0.0000000	0.0000000	0.0000000	0.0000000	0.0000000	0.0000000	0.0000000	0.0000000	0.0000000	0.0000000	0.0000000	0.0000000	0.0000000	0.0000000	0.0000000	0.0000000	0.0000000	0.0000000	0.0000000	0.0000000	0.0000000	0.0000000	0.0000000	0.0000000	0.0000000	0.0000000	0.0000000	0.0000000	0.0000000	0.0000000	0.0000000	0.0000000	0.0000000	0.0000000	4.8769616e-08	6.6257253e-06	0.00046460156	0.016631174	0.30153003	2.7167889	12.676277	35.999741	74.912458	129.03432	196.08357	271.10839	345.75805	408.10864	450.97911	462.24672	425.77908	343.92489	236.27227	133.17236	59.402403	20.453515	5.4665077	1.1873934	0.22552749	0.040312956	0.0071511047	0.0012977943	0.00024406555	4.7718153e-05	9.6762303e-06	7.5881538e-07	0.0000000	0.0000000	0.0000000	0.0000000	0.0000000	0.0000000	0.0000000	0.0000000
15.4530	0.0000000	0.0000000	0.0000000	0.0000000	0.0000000	0.0000000	0.0000000	0.0000000	0.0000000	0.0000000	0.0000000	0.0000000	0.0000000	0.0000000	0.0000000	0.0000000	0.0000000	0.0000000	0.0000000	0.0000000	0.0000000	0.0000000	0.0000000	0.0000000	0.0000000	0.0000000	0.0000000	0.0000000	0.0000000	0.0000000	0.0000000	0.0000000	0.0000000	0.0000000	0.0000000	0.0000000	0.0000000	0.0000000	0.0000000	0.0000000	0.0000000	1.4180139e-07	1.7046600e-05	0.0010405991	0.032485823	0.51471020	4.0676856	16.756728	42.415175	79.415877	124.09984	172.30711	218.93358	257.67476	281.61049	284.72486	263.71998	220.09556	161.62817	101.32285	52.289950	21.418604	6.7889341	1.6739601	0.33611138	0.059119205	0.0098046366	0.0016168731	0.00027335357	4.7991505e-05	8.7775065e-06	1.6681403e-06	1.2280405e-07	0.0000000	0.0000000	0.0000000	0.0000000	0.0000000	0.0000000	0.0000000	0.0000000
11.2500	0.0000000	0.0000000	0.0000000	0.0000000	0.0000000	0.0000000	0.0000000	0.0000000	0.0000000	0.0000000	0.0000000	0.0000000	0.0000000	0.0000000	0.0000000	0.0000000	0.0000000	0.0000000	0.0000000	0.0000000	0.0000000	0.0000000	0.0000000	0.0000000	0.0000000	0.0000000	0.0000000	0.0000000	0.0000000	0.0000000	0.0000000	0.0000000	0.0000000	0.0000000	0.0000000	0.0000000	0.0000000	0.0000000	0.0000000	0.0000000	0.0000000	6.6845581e-09	1.1465633e-06	9.6426918e-05	0.0040217436	0.082883376	0.83256355	4.2750624	13.270435	30.946920	60.311871	103.73616	162.22951	233.25405	308.74763	361.67059	377.96058	353.45929	289.11213	200.82278	114.29351	51.402924	17.817008	4.7856333	1.0428441	0.19831346	0.035417036	0.0062642467	0.0011314779	0.00021147555	4.1047770e-05	8.1528659e-06	5.4208421e-07	0.0000000	0.0000000	0.0000000	0.0000000	0.0000000	0.0000000	0.0000000	0.0000000
11.1290	0.0000000	0.0000000	0.0000000	0.0000000	0.0000000	0.0000000	0.0000000	0.0000000	0.0000000	0.0000000	0.0000000	0.0000000	0.0000000	0.0000000	0.0000000	0.0000000	0.0000000	0.0000000	0.0000000	0.0000000	0.0000000	0.0000000	0.0000000	0.0000000	0.0000000	0.0000000	0.0000000	0.0000000	0.0000000	0.0000000	0.0000000	0.0000000	0.0000000	0.0000000	0.0000000	0.0000000	0.0000000	0.0000000	0.0000000	0.0000000	0.0000000	5.2256295e-09	9.0821954e-07	7.7337246e-05	0.0032639028	0.068027085	0.69062924	3.5812187	11.214779	25.587889	48.068060	79.244389	118.19677	161.60727	203.20033	234.23367	245.23370	229.52780	187.69136	130.18219	73.889650	33.106031	11.422886	3.0527808	0.66177184	0.12520101	0.022251324	0.0039184335	0.00070517809	0.00013143232	2.5465009e-05	5.1192868e-06	3.9840238e-07	0.0000000	0.0000000	0.0000000	0.0000000	0.0000000	0.0000000	0.0000000	0.0000000
16.3360	0.0000000	0.0000000	0.0000000	0.0000000	0.0000000	0.0000000	0.0000000	0.0000000	0.0000000	0.0000000	0.0000000	0.0000000	0.0000000	0.0000000	0.0000000	0.0000000	0.0000000	0.0000000	0.0000000	0.0000000	0.0000000	0.0000000	0.0000000	0.0000000	0.0000000	0.0000000	0.0000000	0.0000000	0.0000000	0.0000000	0.0000000	0.0000000	0.0000000	0.0000000	0.0000000	0.0000000	0.0000000	0.0000000	0.0000000	0.0000000	0.0000000	6.4315802e-08	7.2469057e-06	0.00041578801	0.012238141	0.18359688	1.3810211	5.4504491	13.324677	24.319435	37.464735	51.924125	66.487315	79.330481	88.099201	90.473516	85.033639	71.941542	53.500343	33.937334	17.713098	7.3353887	2.3502462	0.58580624	0.11892457	0.021155117	0.0035500448	0.00059278013	0.00010156043	1.8087467e-05	3.3597137e-06	6.4934369e-07	4.8693580e-08	0.0000000	0.0000000	0.0000000	0.0000000	0.0000000	0.0000000	0.0000000	0.0000000
13.8900	0.0000000	0.0000000	0.0000000	0.0000000	0.0000000	0.0000000	0.0000000	0.0000000	0.0000000	0.0000000	0.0000000	0.0000000	0.0000000	0.0000000	0.0000000	0.0000000	0.0000000	0.0000000	0.0000000	0.0000000	0.0000000	0.0000000	0.0000000	0.0000000	0.0000000	0.0000000	0.0000000	0.0000000	0.0000000	0.0000000	0.0000000	0.0000000	0.0000000	0.0000000	0.0000000	0.0000000	0.0000000	0.0000000	0.0000000	0.0000000	0.0000000	2.1725126e-08	2.8022701e-06	0.00018373846	0.0061843190	0.10617675	0.91350353	4.1080923	11.328470	22.988120	38.691242	57.468398	77.577990	96.402350	110.65056	116.93114	112.66125	97.352787	73.687107	47.411641	25.037835	10.479241	3.3945669	0.85690445	0.17660408	0.031970313	0.0054713316	0.00093343453	0.00016365656	2.9866265e-05	5.6909956e-06	1.1294328e-06	8.7033706e-08	0.0000000	0.0000000	0.0000000	0.0000000	0.0000000	0.0000000	0.0000000	0.0000000
16.0040	0.0000000	0.0000000	0.0000000	0.0000000	0.0000000	0.0000000	0.0000000	0.0000000	0.0000000	0.0000000	0.0000000	0.0000000	0.0000000	0.0000000	0.0000000	0.0000000	0.0000000	0.0000000	0.0000000	0.0000000	0.0000000	0.0000000	0.0000000	0.0000000	0.0000000	0.0000000	0.0000000	0.0000000	0.0000000	0.0000000	0.0000000	0.0000000	0.0000000	0.0000000	0.0000000	0.0000000	0.0000000	0.0000000	0.0000000	0.0000000	0.0000000	3.7701119e-08	4.5182027e-06	0.00027613523	0.0086623122	0.13842107	1.1075558	4.6387857	11.989708	23.002955	36.922495	52.734008	68.637836	82.034395	91.127933	93.734275	88.384970	75.133789	56.216645	35.913919	18.886123	7.8804747	2.5437080	0.63871317	0.13062122	0.023406272	0.0039564488	0.00066545910	0.00011484172	2.0599399e-05	3.8526452e-06	7.4938229e-07	5.6517622e-08	0.0000000	0.0000000	0.0000000	0.0000000	0.0000000	0.0000000	0.0000000	0.0000000
10.7700	0.0000000	0.0000000	0.0000000	0.0000000	0.0000000	0.0000000	0.0000000	0.0000000	0.0000000	0.0000000	0.0000000	0.0000000	0.0000000	0.0000000	0.0000000	0.0000000	0.0000000	0.0000000	0.0000000	0.0000000	0.0000000	0.0000000	0.0000000	0.0000000	0.0000000	0.0000000	0.0000000	0.0000000	0.0000000	0.0000000	0.0000000	0.0000000	0.0000000	0.0000000	0.0000000	0.0000000	0.0000000	0.0000000	0.0000000	0.0000000	0.0000000	2.5116365e-09	4.5330821e-07	4.0043427e-05	0.0017521504	0.037843734	0.39781779	2.1324995	6.8831517	16.127955	31.017961	52.234305	79.478757	110.82580	142.21000	167.45424	179.26073	171.71644	143.84592	102.19203	59.262710	26.996155	9.4098490	2.5267797	0.54809447	0.10346947	0.018319512	0.0032124350	0.00057615545	0.00010725531	2.0809123e-05	4.1918678e-06	3.2652208e-07	0.0000000	0.0000000	0.0000000	0.0000000	0.0000000	0.0000000	0.0000000	0.0000000
10.6570	0.0000000	0.0000000	0.0000000	0.0000000	0.0000000	0.0000000	0.0000000	0.0000000	0.0000000	0.0000000	0.0000000	0.0000000	0.0000000	0.0000000	0.0000000	0.0000000	0.0000000	0.0000000	0.0000000	0.0000000	0.0000000	0.0000000	0.0000000	0.0000000	0.0000000	0.0000000	0.0000000	0.0000000	0.0000000	0.0000000	0.0000000	0.0000000	0.0000000	0.0000000	0.0000000	0.0000000	0.0000000	0.0000000	0.0000000	0.0000000	0.0000000	1.7710074e-09	3.2317446e-07	2.8756871e-05	0.0012229366	0.025465018	0.25657838	1.3108521	4.0118611	8.8802403	16.119448	26.938464	40.657803	56.189111	71.375353	83.091288	87.808991	82.904260	71.559462	55.469171	34.856135	16.615598	5.7908806	1.5569290	0.33855645	0.061845648	0.010440816	0.0017212959	0.00028631316	5.0994194e-05	9.9264365e-06	2.0046288e-06	1.5666098e-07	0.0000000	0.0000000	0.0000000	0.0000000	0.0000000	0.0000000	0.0000000	0.0000000
12.6800	0.0000000	0.0000000	0.0000000	0.0000000	0.0000000	0.0000000	0.0000000	0.0000000	0.0000000	0.0000000	0.0000000	0.0000000	0.0000000	0.0000000	0.0000000	0.0000000	0.0000000	0.0000000	0.0000000	0.0000000	0.0000000	0.0000000	0.0000000	0.0000000	0.0000000	0.0000000	0.0000000	0.0000000	0.0000000	0.0000000	0.0000000	0.0000000	0.0000000	0.0000000	0.0000000	0.0000000	0.0000000	0.0000000	0.0000000	0.0000000	0.0000000	6.8481312e-09	9.6566096e-07	6.8725724e-05	0.0024924477	0.045690514	0.41437728	1.9294417	5.4268927	11.121630	18.785100	27.933962	37.835922	47.447344	55.258925	59.512064	58.622365	51.885367	40.263916	26.596322	14.430291	6.2034465	2.0612235	0.53234629	0.11185630	0.020563565	0.0035591155	0.00061148481	0.00010751165	1.9595045e-05	3.7145826e-06	7.3082154e-07	5.5668698e-08	0.0000000	0.0000000	0.0000000	0.0000000	0.0000000	0.0000000	0.0000000	0.0000000
11.0230	0.0000000	0.0000000	0.0000000	0.0000000	0.0000000	0.0000000	0.0000000	0.0000000	0.0000000	0.0000000	0.0000000	0.0000000	0.0000000	0.0000000	0.0000000	0.0000000	0.0000000	0.0000000	0.0000000	0.0000000	0.0000000	0.0000000	0.0000000	0.0000000	0.0000000	0.0000000	0.0000000	0.0000000	0.0000000	0.0000000	0.0000000	0.0000000	0.0000000	0.0000000	0.0000000	0.0000000	0.0000000	0.0000000	0.0000000	0.0000000	0.0000000	1.1354695e-09	2.0701463e-07	1.8502846e-05	0.00081701804	0.017694455	0.18540237	0.98640834	3.1287044	7.2179396	13.724286	22.942318	34.754344	48.323888	61.838050	72.547468	77.310086	73.687814	61.418962	43.479517	25.230767	11.571695	4.0878672	1.1147513	0.24528237	0.046999936	0.0084420035	0.0014993608	0.00027183514	5.1033531e-05	9.9642139e-06	2.0200767e-06	1.5863838e-07	0.0000000	0.0000000	0.0000000	0.0000000	0.0000000	0.0000000	0.0000000	0.0000000
10.1150	0.0000000	0.0000000	0.0000000	0.0000000	0.0000000	0.0000000	0.0000000	0.0000000	0.0000000	0.0000000	0.0000000	0.0000000	0.0000000	0.0000000	0.0000000	0.0000000	0.0000000	0.0000000	0.0000000	0.0000000	0.0000000	0.0000000	0.0000000	0.0000000	0.0000000	0.0000000	0.0000000	0.0000000	0.0000000	0.0000000	0.0000000	0.0000000	0.0000000	0.0000000	0.0000000	0.0000000	0.0000000	0.0000000	0.0000000	0.0000000	0.0000000	1.6183109e-10	3.1115537e-08	2.9092018e-06	0.00013399591	0.0030322699	0.033264217	0.18543464	0.62050698	1.5021985	2.9749703	5.1445914	8.0213140	11.443639	15.009575	18.056957	19.732749	19.270521	16.427743	11.863003	7.0010213	3.2595090	1.1685320	0.32452753	0.073123842	0.014384519	0.0026579903	0.00048623429	9.0758670e-05	1.7508072e-05	3.5023107e-06	7.2491168e-07	5.7902219e-08	0.0000000	0.0000000	0.0000000	0.0000000	0.0000000	0.0000000	0.0000000	0.0000000
