# DO NOT EDIT: written Thu Mar 14 18:48:37 2019 by wrt_emiss_fe17.pro
# faked emissivities [1e-23 ergs cm^3/s] for Fe17 lines from Del Zanna 2011, A&A 536, A59
# emissivities include ion balance, but not abundance, and are spline and ion balance jittered off of emiss_Fe17_00000.txt
# line 6 -- SEED, LOGT
# lines 7+ -- WVL, EMISSIVITY
      687058	4.00	4.05	4.10	4.15	4.20	4.25	4.30	4.35	4.40	4.45	4.50	4.55	4.60	4.65	4.70	4.75	4.80	4.85	4.90	4.95	5.00	5.05	5.10	5.15	5.20	5.25	5.30	5.35	5.40	5.45	5.50	5.55	5.60	5.65	5.70	5.75	5.80	5.85	5.90	5.95	6.00	6.05	6.10	6.15	6.20	6.25	6.30	6.35	6.40	6.45	6.50	6.55	6.60	6.65	6.70	6.75	6.80	6.85	6.90	6.95	7.00	7.05	7.10	7.15	7.20	7.25	7.30	7.35	7.40	7.45	7.50	7.55	7.60	7.65	7.70	7.75	7.80	7.85	7.90	7.95	8.00
15.0130	0.0000000	0.0000000	0.0000000	0.0000000	0.0000000	0.0000000	0.0000000	0.0000000	0.0000000	0.0000000	0.0000000	0.0000000	0.0000000	0.0000000	0.0000000	0.0000000	0.0000000	0.0000000	0.0000000	0.0000000	0.0000000	0.0000000	0.0000000	0.0000000	0.0000000	0.0000000	0.0000000	0.0000000	0.0000000	0.0000000	0.0000000	0.0000000	0.0000000	0.0000000	0.0000000	0.0000000	0.0000000	0.0000000	0.0000000	0.0000000	2.4870298e-08	4.7549892e-06	0.00040465356	0.019044137	0.51455796	7.6334898	60.272742	257.61952	686.15922	1363.7589	2244.0031	3275.3128	4390.7728	5461.4860	6310.0150	6737.5461	6573.5201	5756.2677	4411.0233	2835.7910	1471.0659	595.19591	182.77485	43.197475	8.4121940	1.4773039	0.25132654	0.043211785	0.0076772693	0.0014191209	0.00027356435	5.4213065e-05	0.0000000	0.0000000	0.0000000	0.0000000	0.0000000	0.0000000	0.0000000	0.0000000	0.0000000
17.0510	0.0000000	0.0000000	0.0000000	0.0000000	0.0000000	0.0000000	0.0000000	0.0000000	0.0000000	0.0000000	0.0000000	0.0000000	0.0000000	0.0000000	0.0000000	0.0000000	0.0000000	0.0000000	0.0000000	0.0000000	0.0000000	0.0000000	0.0000000	0.0000000	0.0000000	0.0000000	0.0000000	0.0000000	0.0000000	0.0000000	0.0000000	0.0000000	0.0000000	0.0000000	0.0000000	0.0000000	0.0000000	0.0000000	0.0000000	0.0000000	5.7246387e-08	1.3039025e-05	0.00099123236	0.041732459	0.97746433	12.553359	86.249991	324.78595	773.95911	1395.2556	2135.0116	2933.8620	3712.9921	4369.6667	4785.0065	4849.6785	4497.3948	3252.8244	2021.1480	1249.8118	629.21983	247.62025	74.112363	17.110589	3.2627605	0.56233769	0.094073347	0.015928431	0.0027894456	0.00050836928	9.6541832e-05	1.8808825e-05	0.0000000	0.0000000	0.0000000	0.0000000	0.0000000	0.0000000	0.0000000	0.0000000	0.0000000
17.0960	0.0000000	0.0000000	0.0000000	0.0000000	0.0000000	0.0000000	0.0000000	0.0000000	0.0000000	0.0000000	0.0000000	0.0000000	0.0000000	0.0000000	0.0000000	0.0000000	0.0000000	0.0000000	0.0000000	0.0000000	0.0000000	0.0000000	0.0000000	0.0000000	0.0000000	0.0000000	0.0000000	0.0000000	0.0000000	0.0000000	0.0000000	0.0000000	0.0000000	0.0000000	0.0000000	0.0000000	0.0000000	0.0000000	0.0000000	0.0000000	6.9753448e-08	1.1282990e-05	0.00082172918	0.033213020	0.75025316	9.3310169	62.271065	228.13002	529.22054	934.10568	1409.3830	1905.7425	2368.7368	2733.0406	2929.8025	2903.0226	2628.6130	2136.0651	1518.1870	913.13269	446.42821	170.30086	49.322738	11.002587	2.0247483	0.33650943	0.054269479	0.0088592673	0.0014968739	0.00026604411	4.9337412e-05	9.4001673e-06	0.0000000	0.0000000	0.0000000	0.0000000	0.0000000	0.0000000	0.0000000	0.0000000	0.0000000
16.7760	0.0000000	0.0000000	0.0000000	0.0000000	0.0000000	0.0000000	0.0000000	0.0000000	0.0000000	0.0000000	0.0000000	0.0000000	0.0000000	0.0000000	0.0000000	0.0000000	0.0000000	0.0000000	0.0000000	0.0000000	0.0000000	0.0000000	0.0000000	0.0000000	0.0000000	0.0000000	0.0000000	0.0000000	0.0000000	0.0000000	0.0000000	0.0000000	0.0000000	0.0000000	0.0000000	0.0000000	0.0000000	0.0000000	0.0000000	0.0000000	4.4963339e-08	7.5748704e-06	0.00057472223	0.024139186	0.56532760	7.2843594	50.405284	191.91539	464.14561	851.91994	1330.7685	1869.8981	2417.9567	2900.6699	3227.6031	3310.6750	3096.0994	2596.1992	1905.3685	1185.5322	600.86484	238.12660	71.780529	16.689095	3.2039656	0.55575448	0.093531699	0.015924494	0.0028025372	0.00051290131	9.7726755e-05	1.9084196e-05	0.0000000	0.0000000	0.0000000	0.0000000	0.0000000	0.0000000	0.0000000	0.0000000	0.0000000
15.2620	0.0000000	0.0000000	0.0000000	0.0000000	0.0000000	0.0000000	0.0000000	0.0000000	0.0000000	0.0000000	0.0000000	0.0000000	0.0000000	0.0000000	0.0000000	0.0000000	0.0000000	0.0000000	0.0000000	0.0000000	0.0000000	0.0000000	0.0000000	0.0000000	0.0000000	0.0000000	0.0000000	0.0000000	0.0000000	0.0000000	0.0000000	0.0000000	0.0000000	0.0000000	0.0000000	0.0000000	0.0000000	0.0000000	0.0000000	0.0000000	1.0240495e-08	1.9154156e-06	0.00015981051	0.0073111479	0.18460337	2.5366657	18.510945	73.510257	183.49872	344.72725	548.09734	782.00719	1027.6350	1256.3648	1430.4354	1508.9016	1457.9125	1267.2796	966.17042	625.31628	330.07826	136.41840	42.937855	10.432902	2.0942320	0.37993884	0.066889742	0.011912057	0.0021911748	0.00041862021	8.3149584e-05	1.6903271e-05	0.0000000	0.0000000	0.0000000	0.0000000	0.0000000	0.0000000	0.0000000	0.0000000	0.0000000
12.1240	0.0000000	0.0000000	0.0000000	0.0000000	0.0000000	0.0000000	0.0000000	0.0000000	0.0000000	0.0000000	0.0000000	0.0000000	0.0000000	0.0000000	0.0000000	0.0000000	0.0000000	0.0000000	0.0000000	0.0000000	0.0000000	0.0000000	0.0000000	0.0000000	0.0000000	0.0000000	0.0000000	0.0000000	0.0000000	0.0000000	0.0000000	0.0000000	0.0000000	0.0000000	0.0000000	0.0000000	0.0000000	0.0000000	0.0000000	0.0000000	5.7764382e-10	1.4523689e-07	1.5764702e-05	0.00091029125	0.028212262	0.46421414	3.9737096	18.203637	51.704136	109.11178	192.39153	300.57214	427.54611	560.08056	677.49507	754.20733	765.22076	696.05081	553.65962	372.55917	203.62907	86.733689	27.991097	6.9366185	1.4122374	0.25842212	0.045647843	0.0081180249	0.0014856946	0.00028161936	5.5380640e-05	1.1128197e-05	0.0000000	0.0000000	0.0000000	0.0000000	0.0000000	0.0000000	0.0000000	0.0000000	0.0000000
12.2640	0.0000000	0.0000000	0.0000000	0.0000000	0.0000000	0.0000000	0.0000000	0.0000000	0.0000000	0.0000000	0.0000000	0.0000000	0.0000000	0.0000000	0.0000000	0.0000000	0.0000000	0.0000000	0.0000000	0.0000000	0.0000000	0.0000000	0.0000000	0.0000000	0.0000000	0.0000000	0.0000000	0.0000000	0.0000000	0.0000000	0.0000000	0.0000000	0.0000000	0.0000000	0.0000000	0.0000000	0.0000000	0.0000000	0.0000000	0.0000000	6.2654138e-10	1.5076165e-07	1.5774358e-05	0.00088477730	0.026848471	0.43565526	3.6959221	16.825390	47.549664	99.916375	175.51180	273.25618	387.45283	506.01496	609.89070	675.47363	680.14120	611.90771	479.83807	317.68801	170.75727	71.587357	22.787893	5.5876099	1.1297050	0.20597671	0.036354478	0.0064751389	0.0011891011	0.00022652014	4.4820211e-05	9.0699487e-06	0.0000000	0.0000000	0.0000000	0.0000000	0.0000000	0.0000000	0.0000000	0.0000000	0.0000000
13.8250	0.0000000	0.0000000	0.0000000	0.0000000	0.0000000	0.0000000	0.0000000	0.0000000	0.0000000	0.0000000	0.0000000	0.0000000	0.0000000	0.0000000	0.0000000	0.0000000	0.0000000	0.0000000	0.0000000	0.0000000	0.0000000	0.0000000	0.0000000	0.0000000	0.0000000	0.0000000	0.0000000	0.0000000	0.0000000	0.0000000	0.0000000	0.0000000	0.0000000	0.0000000	0.0000000	0.0000000	0.0000000	0.0000000	0.0000000	0.0000000	1.3144726e-09	2.6691421e-07	2.4135192e-05	0.0011977596	0.032890895	0.49303134	3.9332411	17.071293	46.413024	94.474673	161.76823	246.94912	345.30890	447.37320	537.98780	597.22475	604.69876	548.00491	431.78507	286.48261	154.10778	64.567770	20.511661	5.0127474	1.0094030	0.18332835	0.032250778	0.0057301737	0.0010506513	0.00019999168	3.9566116e-05	8.0091113e-06	0.0000000	0.0000000	0.0000000	0.0000000	0.0000000	0.0000000	0.0000000	0.0000000	0.0000000
15.4530	0.0000000	0.0000000	0.0000000	0.0000000	0.0000000	0.0000000	0.0000000	0.0000000	0.0000000	0.0000000	0.0000000	0.0000000	0.0000000	0.0000000	0.0000000	0.0000000	0.0000000	0.0000000	0.0000000	0.0000000	0.0000000	0.0000000	0.0000000	0.0000000	0.0000000	0.0000000	0.0000000	0.0000000	0.0000000	0.0000000	0.0000000	0.0000000	0.0000000	0.0000000	0.0000000	0.0000000	0.0000000	0.0000000	0.0000000	0.0000000	3.0493006e-09	5.5434438e-07	4.4970244e-05	0.0020010748	0.049177439	0.65843048	4.6882909	18.192649	44.425567	81.630361	126.69876	175.85640	223.93918	264.17870	288.91588	291.39956	267.99456	220.75604	158.79798	96.559614	47.699403	18.383541	5.3794880	1.2126841	0.22556843	0.037899362	0.0061787930	0.0010195229	0.00017401537	3.0915959e-05	5.7244031e-06	1.0874899e-06	0.0000000	0.0000000	0.0000000	0.0000000	0.0000000	0.0000000	0.0000000	0.0000000	0.0000000
11.2500	0.0000000	0.0000000	0.0000000	0.0000000	0.0000000	0.0000000	0.0000000	0.0000000	0.0000000	0.0000000	0.0000000	0.0000000	0.0000000	0.0000000	0.0000000	0.0000000	0.0000000	0.0000000	0.0000000	0.0000000	0.0000000	0.0000000	0.0000000	0.0000000	0.0000000	0.0000000	0.0000000	0.0000000	0.0000000	0.0000000	0.0000000	0.0000000	0.0000000	0.0000000	0.0000000	0.0000000	0.0000000	0.0000000	0.0000000	0.0000000	1.0232633e-10	2.8094010e-08	3.3043823e-06	0.00020560083	0.0068408633	0.12050656	1.1007880	5.3604630	16.118975	35.872921	66.447153	108.62212	161.01162	218.84832	273.30809	312.36919	323.37751	298.10319	238.75450	160.91750	87.741342	37.176542	11.913691	2.9294359	0.59187957	0.10752930	0.018860474	0.0033301845	0.00060502965	0.00011389015	2.2261416e-05	4.4528974e-06	0.0000000	0.0000000	0.0000000	0.0000000	0.0000000	0.0000000	0.0000000	0.0000000	0.0000000
11.1290	0.0000000	0.0000000	0.0000000	0.0000000	0.0000000	0.0000000	0.0000000	0.0000000	0.0000000	0.0000000	0.0000000	0.0000000	0.0000000	0.0000000	0.0000000	0.0000000	0.0000000	0.0000000	0.0000000	0.0000000	0.0000000	0.0000000	0.0000000	0.0000000	0.0000000	0.0000000	0.0000000	0.0000000	0.0000000	0.0000000	0.0000000	0.0000000	0.0000000	0.0000000	0.0000000	0.0000000	0.0000000	0.0000000	0.0000000	0.0000000	8.3319633e-11	2.2904765e-08	2.6900284e-06	0.00016674985	0.0055173867	0.096511011	0.87435831	4.2184991	12.556295	27.639623	50.609032	81.747817	119.70684	160.72420	198.28495	223.89561	229.02904	208.66492	165.27816	110.31327	59.691259	25.172720	8.0553707	1.9841607	0.40280725	0.073742269	0.013068769	0.0023373795	0.00043105875	8.2471342e-05	1.6390616e-05	3.3318246e-06	0.0000000	0.0000000	0.0000000	0.0000000	0.0000000	0.0000000	0.0000000	0.0000000	0.0000000
16.3360	0.0000000	0.0000000	0.0000000	0.0000000	0.0000000	0.0000000	0.0000000	0.0000000	0.0000000	0.0000000	0.0000000	0.0000000	0.0000000	0.0000000	0.0000000	0.0000000	0.0000000	0.0000000	0.0000000	0.0000000	0.0000000	0.0000000	0.0000000	0.0000000	0.0000000	0.0000000	0.0000000	0.0000000	0.0000000	0.0000000	0.0000000	0.0000000	0.0000000	0.0000000	0.0000000	0.0000000	0.0000000	0.0000000	0.0000000	0.0000000	1.5402967e-09	2.6423582e-07	2.0343151e-05	0.00086356553	0.020363947	0.26313743	1.8166440	6.8593624	16.342131	29.336431	44.517915	60.438757	75.302670	86.967508	93.183450	92.225974	83.658068	68.594530	49.762740	31.042271	16.045389	6.5760061	2.0665073	0.48229462	0.091184415	0.015590248	0.0025891748	0.00043560876	7.5869997e-05	1.3763399e-05	2.6034954e-06	5.0549823e-07	0.0000000	0.0000000	0.0000000	0.0000000	0.0000000	0.0000000	0.0000000	0.0000000	0.0000000
13.8900	0.0000000	0.0000000	0.0000000	0.0000000	0.0000000	0.0000000	0.0000000	0.0000000	0.0000000	0.0000000	0.0000000	0.0000000	0.0000000	0.0000000	0.0000000	0.0000000	0.0000000	0.0000000	0.0000000	0.0000000	0.0000000	0.0000000	0.0000000	0.0000000	0.0000000	0.0000000	0.0000000	0.0000000	0.0000000	0.0000000	0.0000000	0.0000000	0.0000000	0.0000000	0.0000000	0.0000000	0.0000000	0.0000000	0.0000000	0.0000000	4.4780177e-10	8.8121664e-08	7.7087872e-06	0.00036974790	0.0098126701	0.14224690	1.0983083	4.6148112	12.133841	23.853848	39.413388	58.052612	78.391199	98.281994	114.68441	121.00308	116.50162	100.53390	75.744723	48.196190	24.894874	10.028729	3.0675729	0.72298666	0.14064436	0.024721052	0.0042170208	0.00072809548	0.00013002742	2.4165973e-05	4.6798365e-06	9.2966659e-07	0.0000000	0.0000000	0.0000000	0.0000000	0.0000000	0.0000000	0.0000000	0.0000000	0.0000000
16.0040	0.0000000	0.0000000	0.0000000	0.0000000	0.0000000	0.0000000	0.0000000	0.0000000	0.0000000	0.0000000	0.0000000	0.0000000	0.0000000	0.0000000	0.0000000	0.0000000	0.0000000	0.0000000	0.0000000	0.0000000	0.0000000	0.0000000	0.0000000	0.0000000	0.0000000	0.0000000	0.0000000	0.0000000	0.0000000	0.0000000	0.0000000	0.0000000	0.0000000	0.0000000	0.0000000	0.0000000	0.0000000	0.0000000	0.0000000	0.0000000	9.1964903e-10	1.6333503e-07	1.3003323e-05	0.00056930626	0.013793352	0.18243614	1.2860680	4.9530646	12.037666	22.063765	34.213291	47.494908	60.544566	71.595312	78.647731	79.881056	74.189704	61.882974	45.182875	27.945812	14.065805	5.5307871	1.6530744	0.38104956	0.072552054	0.012488636	0.0020876737	0.00035350976	6.1968342e-05	1.1313912e-05	2.1538038e-06	4.2081917e-07	0.0000000	0.0000000	0.0000000	0.0000000	0.0000000	0.0000000	0.0000000	0.0000000	0.0000000
10.7700	0.0000000	0.0000000	0.0000000	0.0000000	0.0000000	0.0000000	0.0000000	0.0000000	0.0000000	0.0000000	0.0000000	0.0000000	0.0000000	0.0000000	0.0000000	0.0000000	0.0000000	0.0000000	0.0000000	0.0000000	0.0000000	0.0000000	0.0000000	0.0000000	0.0000000	0.0000000	0.0000000	0.0000000	0.0000000	0.0000000	0.0000000	0.0000000	0.0000000	0.0000000	0.0000000	0.0000000	0.0000000	0.0000000	0.0000000	0.0000000	4.0905406e-11	1.1618751e-08	1.4067255e-06	8.9734599e-05	0.0030531692	0.054921748	0.51190662	2.5417003	7.7828004	17.604499	33.090732	54.836880	82.372643	113.50690	143.86171	167.02961	175.76411	164.73576	134.13137	91.869627	50.883254	21.891948	7.1215540	1.7770944	0.36429784	0.067140661	0.011943593	0.0021379406	0.00039352997	7.4969697e-05	1.4806201e-05	2.9858768e-06	0.0000000	0.0000000	0.0000000	0.0000000	0.0000000	0.0000000	0.0000000	0.0000000	0.0000000
10.6570	0.0000000	0.0000000	0.0000000	0.0000000	0.0000000	0.0000000	0.0000000	0.0000000	0.0000000	0.0000000	0.0000000	0.0000000	0.0000000	0.0000000	0.0000000	0.0000000	0.0000000	0.0000000	0.0000000	0.0000000	0.0000000	0.0000000	0.0000000	0.0000000	0.0000000	0.0000000	0.0000000	0.0000000	0.0000000	0.0000000	0.0000000	0.0000000	0.0000000	0.0000000	0.0000000	0.0000000	0.0000000	0.0000000	0.0000000	0.0000000	2.0857879e-11	5.9206814e-09	7.3171882e-07	4.8576669e-05	0.0017473841	0.033612135	0.33737383	1.6998925	5.2275356	11.846856	22.267214	36.842199	55.180751	75.715482	95.425429	110.03653	114.86937	106.70308	86.048286	58.352176	31.993566	13.625582	4.3880910	1.0843495	0.22023965	0.040253680	0.0071130700	0.0012676998	0.00023293964	4.4417556e-05	8.8032887e-06	1.7859918e-06	0.0000000	0.0000000	0.0000000	0.0000000	0.0000000	0.0000000	0.0000000	0.0000000	0.0000000
12.6800	0.0000000	0.0000000	0.0000000	0.0000000	0.0000000	0.0000000	0.0000000	0.0000000	0.0000000	0.0000000	0.0000000	0.0000000	0.0000000	0.0000000	0.0000000	0.0000000	0.0000000	0.0000000	0.0000000	0.0000000	0.0000000	0.0000000	0.0000000	0.0000000	0.0000000	0.0000000	0.0000000	0.0000000	0.0000000	0.0000000	0.0000000	0.0000000	0.0000000	0.0000000	0.0000000	0.0000000	0.0000000	0.0000000	0.0000000	0.0000000	1.2233862e-10	2.7019795e-08	2.6718185e-06	0.00014559217	0.0043980112	0.068810694	0.55562934	2.4051073	6.4334892	12.745503	21.055318	30.825542	41.239536	51.144282	58.905974	62.675075	60.864401	52.923301	40.136333	25.711399	13.377096	5.4302969	1.6744552	0.39795851	0.078052722	0.013822218	0.0023729296	0.00041174501	7.3783140e-05	1.3737260e-05	2.6607015e-06	5.2787733e-07	0.0000000	0.0000000	0.0000000	0.0000000	0.0000000	0.0000000	0.0000000	0.0000000	0.0000000
11.0230	0.0000000	0.0000000	0.0000000	0.0000000	0.0000000	0.0000000	0.0000000	0.0000000	0.0000000	0.0000000	0.0000000	0.0000000	0.0000000	0.0000000	0.0000000	0.0000000	0.0000000	0.0000000	0.0000000	0.0000000	0.0000000	0.0000000	0.0000000	0.0000000	0.0000000	0.0000000	0.0000000	0.0000000	0.0000000	0.0000000	0.0000000	0.0000000	0.0000000	0.0000000	0.0000000	0.0000000	0.0000000	0.0000000	0.0000000	0.0000000	1.6725281e-11	4.6872533e-09	5.6528868e-07	3.6141242e-05	0.0012335406	0.022172713	0.20558596	1.0116485	3.0633805	6.8540737	12.772828	21.041071	31.480874	43.252314	54.657659	63.234061	66.294896	61.942791	50.340262	34.477056	19.136484	8.2659074	2.7024717	0.67805502	0.13975481	0.025894416	0.0046321344	0.00083443180	0.00015486857	2.9834800e-05	5.9789105e-06	1.2278931e-06	0.0000000	0.0000000	0.0000000	0.0000000	0.0000000	0.0000000	0.0000000	0.0000000	0.0000000
10.1150	0.0000000	0.0000000	0.0000000	0.0000000	0.0000000	0.0000000	0.0000000	0.0000000	0.0000000	0.0000000	0.0000000	0.0000000	0.0000000	0.0000000	0.0000000	0.0000000	0.0000000	0.0000000	0.0000000	0.0000000	0.0000000	0.0000000	0.0000000	0.0000000	0.0000000	0.0000000	0.0000000	0.0000000	0.0000000	0.0000000	0.0000000	0.0000000	0.0000000	0.0000000	0.0000000	0.0000000	0.0000000	0.0000000	0.0000000	0.0000000	2.0328515e-12	6.4084853e-10	8.5379851e-08	5.9496423e-06	0.00021957633	0.0042536522	0.042379634	0.22319153	0.71928858	1.6993402	3.3133570	5.6646070	8.7429590	12.345808	16.014343	19.026866	20.482521	19.624277	16.314099	11.389694	6.4182238	2.8059674	0.92690192	0.23479133	0.048850573	0.0091413126	0.0016525069	0.00030089671	5.6399641e-05	1.0952680e-05	2.2075359e-06	4.5491288e-07	0.0000000	0.0000000	0.0000000	0.0000000	0.0000000	0.0000000	0.0000000	0.0000000	0.0000000
