# DO NOT EDIT: written Thu Mar 14 18:48:37 2019 by wrt_emiss_fe17.pro
# faked emissivities [1e-23 ergs cm^3/s] for Fe17 lines from Del Zanna 2011, A&A 536, A59
# emissivities include ion balance, but not abundance, and are spline and ion balance jittered off of emiss_Fe17_00000.txt
# line 6 -- SEED, LOGT
# lines 7+ -- WVL, EMISSIVITY
      816007	4.00	4.05	4.10	4.15	4.20	4.25	4.30	4.35	4.40	4.45	4.50	4.55	4.60	4.65	4.70	4.75	4.80	4.85	4.90	4.95	5.00	5.05	5.10	5.15	5.20	5.25	5.30	5.35	5.40	5.45	5.50	5.55	5.60	5.65	5.70	5.75	5.80	5.85	5.90	5.95	6.00	6.05	6.10	6.15	6.20	6.25	6.30	6.35	6.40	6.45	6.50	6.55	6.60	6.65	6.70	6.75	6.80	6.85	6.90	6.95	7.00	7.05	7.10	7.15	7.20	7.25	7.30	7.35	7.40	7.45	7.50	7.55	7.60	7.65	7.70	7.75	7.80	7.85	7.90	7.95	8.00
15.0130	0.0000000	0.0000000	0.0000000	0.0000000	0.0000000	0.0000000	0.0000000	0.0000000	0.0000000	0.0000000	0.0000000	0.0000000	0.0000000	0.0000000	0.0000000	0.0000000	0.0000000	0.0000000	0.0000000	0.0000000	0.0000000	0.0000000	0.0000000	0.0000000	0.0000000	0.0000000	0.0000000	0.0000000	0.0000000	0.0000000	0.0000000	0.0000000	0.0000000	0.0000000	0.0000000	0.0000000	0.0000000	0.0000000	0.0000000	0.0000000	1.2648577e-07	1.8783959e-05	0.0013795165	0.052619150	1.0556077	11.258436	66.459006	234.93938	563.17249	1053.1988	1689.1313	2438.1842	3238.1901	3989.8841	4560.7817	4807.7093	4617.5556	3967.0829	2972.8283	1882.2554	969.41175	391.05783	120.58599	28.851263	5.7247133	1.0854273	0.20363460	0.038574295	0.0072755292	0.0013903746	0.00027597362	5.3011529e-05	0.0000000	0.0000000	0.0000000	0.0000000	0.0000000	0.0000000	0.0000000	0.0000000	0.0000000
17.0510	0.0000000	0.0000000	0.0000000	0.0000000	0.0000000	0.0000000	0.0000000	0.0000000	0.0000000	0.0000000	0.0000000	0.0000000	0.0000000	0.0000000	0.0000000	0.0000000	0.0000000	0.0000000	0.0000000	0.0000000	0.0000000	0.0000000	0.0000000	0.0000000	0.0000000	0.0000000	0.0000000	0.0000000	0.0000000	0.0000000	0.0000000	0.0000000	0.0000000	0.0000000	0.0000000	0.0000000	0.0000000	0.0000000	0.0000000	0.0000000	3.4883892e-07	4.4437299e-05	0.0028340545	0.094967974	1.6925529	16.236952	87.453691	286.89540	650.72447	1176.2831	1858.8207	2658.1200	3493.5788	4253.8476	4679.1864	4681.9667	4274.1924	3494.1807	2493.3683	1503.9112	738.11557	283.84990	83.486915	19.074373	3.6200416	0.62318846	0.10433299	0.017697345	0.0031058949	0.00056733899	0.00010796891	1.9871502e-05	0.0000000	0.0000000	0.0000000	0.0000000	0.0000000	0.0000000	0.0000000	0.0000000	0.0000000
17.0960	0.0000000	0.0000000	0.0000000	0.0000000	0.0000000	0.0000000	0.0000000	0.0000000	0.0000000	0.0000000	0.0000000	0.0000000	0.0000000	0.0000000	0.0000000	0.0000000	0.0000000	0.0000000	0.0000000	0.0000000	0.0000000	0.0000000	0.0000000	0.0000000	0.0000000	0.0000000	0.0000000	0.0000000	0.0000000	0.0000000	0.0000000	0.0000000	0.0000000	0.0000000	0.0000000	0.0000000	0.0000000	0.0000000	0.0000000	0.0000000	3.4965441e-07	4.5504576e-05	0.0029700086	0.10194038	1.8598287	18.188402	99.020491	324.07149	720.99806	1253.3933	1870.1510	2511.9725	3103.1453	3552.9320	3768.8059	3680.5837	3268.5347	2590.2302	1784.9420	1035.8309	487.46026	179.19627	50.260528	10.932744	1.9741072	0.32346453	0.051625209	0.0083666593	0.0014062584	0.00024661351	4.5170220e-05	8.0214943e-06	0.0000000	0.0000000	0.0000000	0.0000000	0.0000000	0.0000000	0.0000000	0.0000000	0.0000000
16.7760	0.0000000	0.0000000	0.0000000	0.0000000	0.0000000	0.0000000	0.0000000	0.0000000	0.0000000	0.0000000	0.0000000	0.0000000	0.0000000	0.0000000	0.0000000	0.0000000	0.0000000	0.0000000	0.0000000	0.0000000	0.0000000	0.0000000	0.0000000	0.0000000	0.0000000	0.0000000	0.0000000	0.0000000	0.0000000	0.0000000	0.0000000	0.0000000	0.0000000	0.0000000	0.0000000	0.0000000	0.0000000	0.0000000	0.0000000	0.0000000	2.4062764e-07	3.1640116e-05	0.0020795064	0.071673266	1.3112340	12.861780	70.356672	232.12540	522.73954	923.63959	1405.9905	1932.3334	2446.9295	2876.5590	3139.4518	3162.2542	2904.7997	2389.2229	1715.7622	1041.8854	515.00464	199.51584	59.122594	13.608553	2.6014496	0.45095982	0.075998627	0.012971060	0.0022892841	0.00042024422	8.0305567e-05	1.4827018e-05	0.0000000	0.0000000	0.0000000	0.0000000	0.0000000	0.0000000	0.0000000	0.0000000	0.0000000
15.2620	0.0000000	0.0000000	0.0000000	0.0000000	0.0000000	0.0000000	0.0000000	0.0000000	0.0000000	0.0000000	0.0000000	0.0000000	0.0000000	0.0000000	0.0000000	0.0000000	0.0000000	0.0000000	0.0000000	0.0000000	0.0000000	0.0000000	0.0000000	0.0000000	0.0000000	0.0000000	0.0000000	0.0000000	0.0000000	0.0000000	0.0000000	0.0000000	0.0000000	0.0000000	0.0000000	0.0000000	0.0000000	0.0000000	0.0000000	0.0000000	4.9549372e-08	7.2937838e-06	0.00053218721	0.020200025	0.40355113	4.2845273	25.146613	88.279020	209.93769	389.23953	618.75198	885.41226	1166.0658	1424.9801	1615.7728	1689.7369	1610.1446	1372.5195	1020.5054	641.06769	327.54848	131.06810	40.083556	9.5098424	1.8708714	0.33317441	0.057576914	0.010059083	0.0018143306	0.00033989006	6.6229496e-05	1.2471119e-05	0.0000000	0.0000000	0.0000000	0.0000000	0.0000000	0.0000000	0.0000000	0.0000000	0.0000000
12.1240	0.0000000	0.0000000	0.0000000	0.0000000	0.0000000	0.0000000	0.0000000	0.0000000	0.0000000	0.0000000	0.0000000	0.0000000	0.0000000	0.0000000	0.0000000	0.0000000	0.0000000	0.0000000	0.0000000	0.0000000	0.0000000	0.0000000	0.0000000	0.0000000	0.0000000	0.0000000	0.0000000	0.0000000	0.0000000	0.0000000	0.0000000	0.0000000	0.0000000	0.0000000	0.0000000	0.0000000	0.0000000	0.0000000	0.0000000	0.0000000	3.1590672e-09	6.0510653e-07	5.5678787e-05	0.0025921914	0.061993338	0.77161880	5.2161670	20.781458	55.388258	113.80084	198.37956	308.22970	436.69033	569.15060	682.99131	750.86121	747.83336	662.95400	510.39732	330.69933	173.66632	71.200070	22.250039	5.3834910	1.0784917	0.19531899	0.034283524	0.0060767794	0.0011109348	0.00021077301	4.1553336e-05	7.9049121e-06	0.0000000	0.0000000	0.0000000	0.0000000	0.0000000	0.0000000	0.0000000	0.0000000	0.0000000
12.2640	0.0000000	0.0000000	0.0000000	0.0000000	0.0000000	0.0000000	0.0000000	0.0000000	0.0000000	0.0000000	0.0000000	0.0000000	0.0000000	0.0000000	0.0000000	0.0000000	0.0000000	0.0000000	0.0000000	0.0000000	0.0000000	0.0000000	0.0000000	0.0000000	0.0000000	0.0000000	0.0000000	0.0000000	0.0000000	0.0000000	0.0000000	0.0000000	0.0000000	0.0000000	0.0000000	0.0000000	0.0000000	0.0000000	0.0000000	0.0000000	3.1165454e-09	5.8444753e-07	5.2894294e-05	0.0024322553	0.057658507	0.71333262	4.8010077	19.048871	50.525871	103.23249	178.84701	276.07470	388.59717	503.35946	600.47886	656.24756	649.56621	572.00382	437.16679	281.07893	146.47447	59.609270	18.501430	4.4496917	0.88686228	0.15992098	0.027970410	0.0049439115	0.00090202196	0.00017094172	3.3694006e-05	6.4153494e-06	0.0000000	0.0000000	0.0000000	0.0000000	0.0000000	0.0000000	0.0000000	0.0000000	0.0000000
13.8250	0.0000000	0.0000000	0.0000000	0.0000000	0.0000000	0.0000000	0.0000000	0.0000000	0.0000000	0.0000000	0.0000000	0.0000000	0.0000000	0.0000000	0.0000000	0.0000000	0.0000000	0.0000000	0.0000000	0.0000000	0.0000000	0.0000000	0.0000000	0.0000000	0.0000000	0.0000000	0.0000000	0.0000000	0.0000000	0.0000000	0.0000000	0.0000000	0.0000000	0.0000000	0.0000000	0.0000000	0.0000000	0.0000000	0.0000000	0.0000000	5.5286233e-09	8.7082621e-07	6.7900059e-05	0.0027572495	0.059081526	0.67469987	4.2665864	16.122636	41.096243	81.262390	137.15574	207.58676	288.36600	371.17587	443.00312	487.11988	487.20722	434.73950	337.16147	220.03866	116.38471	48.055481	15.120087	3.6811991	0.74147627	0.13488705	0.023747385	0.0042125123	0.00076823442	0.00014475273	2.8176063e-05	5.2582156e-06	0.0000000	0.0000000	0.0000000	0.0000000	0.0000000	0.0000000	0.0000000	0.0000000	0.0000000
15.4530	0.0000000	0.0000000	0.0000000	0.0000000	0.0000000	0.0000000	0.0000000	0.0000000	0.0000000	0.0000000	0.0000000	0.0000000	0.0000000	0.0000000	0.0000000	0.0000000	0.0000000	0.0000000	0.0000000	0.0000000	0.0000000	0.0000000	0.0000000	0.0000000	0.0000000	0.0000000	0.0000000	0.0000000	0.0000000	0.0000000	0.0000000	0.0000000	0.0000000	0.0000000	0.0000000	0.0000000	0.0000000	0.0000000	0.0000000	0.0000000	1.5477342e-08	2.1930018e-06	0.00015401349	0.0056246632	0.10807623	1.1032996	6.2243752	20.989896	47.892334	85.054295	129.23524	176.31577	220.78156	255.75548	274.01298	269.92226	241.61138	192.99856	134.18892	78.687703	37.485491	13.977271	3.9837190	0.88188316	0.16223083	0.027094817	0.0044067990	0.00072749565	0.00012452291	2.2231569e-05	4.1434328e-06	7.4819634e-07	0.0000000	0.0000000	0.0000000	0.0000000	0.0000000	0.0000000	0.0000000	0.0000000	0.0000000
11.2500	0.0000000	0.0000000	0.0000000	0.0000000	0.0000000	0.0000000	0.0000000	0.0000000	0.0000000	0.0000000	0.0000000	0.0000000	0.0000000	0.0000000	0.0000000	0.0000000	0.0000000	0.0000000	0.0000000	0.0000000	0.0000000	0.0000000	0.0000000	0.0000000	0.0000000	0.0000000	0.0000000	0.0000000	0.0000000	0.0000000	0.0000000	0.0000000	0.0000000	0.0000000	0.0000000	0.0000000	0.0000000	0.0000000	0.0000000	0.0000000	6.6333540e-10	1.4019695e-07	1.4091556e-05	0.00071010170	0.018227186	0.24158261	1.7258880	7.2128676	20.026293	42.595375	76.417676	121.51395	175.24658	231.28612	279.69896	308.73034	307.95069	273.07214	210.28909	136.35600	71.707975	29.461891	9.2338059	2.2425137	0.45133948	0.082198206	0.014520222	0.0025917453	0.00047733849	9.1261488e-05	1.8132608e-05	3.4761931e-06	0.0000000	0.0000000	0.0000000	0.0000000	0.0000000	0.0000000	0.0000000	0.0000000	0.0000000
11.1290	0.0000000	0.0000000	0.0000000	0.0000000	0.0000000	0.0000000	0.0000000	0.0000000	0.0000000	0.0000000	0.0000000	0.0000000	0.0000000	0.0000000	0.0000000	0.0000000	0.0000000	0.0000000	0.0000000	0.0000000	0.0000000	0.0000000	0.0000000	0.0000000	0.0000000	0.0000000	0.0000000	0.0000000	0.0000000	0.0000000	0.0000000	0.0000000	0.0000000	0.0000000	0.0000000	0.0000000	0.0000000	0.0000000	0.0000000	0.0000000	3.8688021e-10	8.0450348e-08	7.9261418e-06	0.00039211005	0.0099554392	0.13232471	0.96450147	4.1645260	12.023972	26.626440	49.565287	81.216093	119.93921	161.41610	198.46716	222.16073	224.21784	200.75431	155.81621	101.71237	53.794626	22.207866	6.9877396	1.7024239	0.34348516	0.062669384	0.011083108	0.0019791301	0.00036441610	6.9605595e-05	1.3807096e-05	2.6408097e-06	0.0000000	0.0000000	0.0000000	0.0000000	0.0000000	0.0000000	0.0000000	0.0000000	0.0000000
16.3360	0.0000000	0.0000000	0.0000000	0.0000000	0.0000000	0.0000000	0.0000000	0.0000000	0.0000000	0.0000000	0.0000000	0.0000000	0.0000000	0.0000000	0.0000000	0.0000000	0.0000000	0.0000000	0.0000000	0.0000000	0.0000000	0.0000000	0.0000000	0.0000000	0.0000000	0.0000000	0.0000000	0.0000000	0.0000000	0.0000000	0.0000000	0.0000000	0.0000000	0.0000000	0.0000000	0.0000000	0.0000000	0.0000000	0.0000000	0.0000000	6.9547737e-09	9.3099035e-07	6.2200439e-05	0.0021754772	0.040334628	0.40040011	2.2116651	7.3466580	16.602170	29.332287	44.521996	60.905917	76.728670	89.727048	97.372138	97.443329	88.821191	72.368435	51.358564	30.742485	14.941873	5.6773479	1.6457247	0.36956381	0.068754640	0.011584257	0.0018977801	0.00031538332	5.4367705e-05	9.7928969e-06	1.8472900e-06	3.3918711e-07	0.0000000	0.0000000	0.0000000	0.0000000	0.0000000	0.0000000	0.0000000	0.0000000	0.0000000
13.8900	0.0000000	0.0000000	0.0000000	0.0000000	0.0000000	0.0000000	0.0000000	0.0000000	0.0000000	0.0000000	0.0000000	0.0000000	0.0000000	0.0000000	0.0000000	0.0000000	0.0000000	0.0000000	0.0000000	0.0000000	0.0000000	0.0000000	0.0000000	0.0000000	0.0000000	0.0000000	0.0000000	0.0000000	0.0000000	0.0000000	0.0000000	0.0000000	0.0000000	0.0000000	0.0000000	0.0000000	0.0000000	0.0000000	0.0000000	0.0000000	2.0331573e-09	3.0737980e-07	2.2982554e-05	0.00089518551	0.018430102	0.20280134	1.2400455	4.5461748	11.270038	21.725000	35.854035	53.198184	72.456529	91.277918	106.26813	113.38778	109.26013	93.068586	68.097387	41.297925	19.907308	7.3170326	2.0316644	0.44030921	0.085249698	0.014966882	0.0025550709	0.00044194235	7.9094440e-05	1.4733631e-05	2.8592756e-06	5.3658486e-07	0.0000000	0.0000000	0.0000000	0.0000000	0.0000000	0.0000000	0.0000000	0.0000000	0.0000000
16.0040	0.0000000	0.0000000	0.0000000	0.0000000	0.0000000	0.0000000	0.0000000	0.0000000	0.0000000	0.0000000	0.0000000	0.0000000	0.0000000	0.0000000	0.0000000	0.0000000	0.0000000	0.0000000	0.0000000	0.0000000	0.0000000	0.0000000	0.0000000	0.0000000	0.0000000	0.0000000	0.0000000	0.0000000	0.0000000	0.0000000	0.0000000	0.0000000	0.0000000	0.0000000	0.0000000	0.0000000	0.0000000	0.0000000	0.0000000	0.0000000	4.3096102e-09	5.9821182e-07	4.1332150e-05	0.0014885699	0.028257762	0.28552978	1.5978314	5.3591461	12.202043	21.691804	33.081441	45.406978	57.328600	67.137819	72.965557	73.189873	66.973528	54.892310	39.283154	23.773278	11.712033	4.5231393	1.3368511	0.30725825	0.058749370	0.010207447	0.0017284218	0.00029711987	5.2917205e-05	9.8152074e-06	1.8961712e-06	3.5384258e-07	0.0000000	0.0000000	0.0000000	0.0000000	0.0000000	0.0000000	0.0000000	0.0000000	0.0000000
10.7700	0.0000000	0.0000000	0.0000000	0.0000000	0.0000000	0.0000000	0.0000000	0.0000000	0.0000000	0.0000000	0.0000000	0.0000000	0.0000000	0.0000000	0.0000000	0.0000000	0.0000000	0.0000000	0.0000000	0.0000000	0.0000000	0.0000000	0.0000000	0.0000000	0.0000000	0.0000000	0.0000000	0.0000000	0.0000000	0.0000000	0.0000000	0.0000000	0.0000000	0.0000000	0.0000000	0.0000000	0.0000000	0.0000000	0.0000000	0.0000000	2.0525399e-10	4.5079443e-08	4.6989011e-06	0.00024532050	0.0065220398	0.089526620	0.66215915	2.8614008	8.1929807	17.913070	32.955062	53.666585	79.259068	107.25601	133.23475	151.21030	155.04625	141.11624	111.23294	73.593982	39.375094	16.416692	5.2095906	1.2785407	0.25961158	0.047638644	0.0084690565	0.0015195950	0.00028104201	5.3902775e-05	1.0734252e-05	2.0608949e-06	0.0000000	0.0000000	0.0000000	0.0000000	0.0000000	0.0000000	0.0000000	0.0000000	0.0000000
10.6570	0.0000000	0.0000000	0.0000000	0.0000000	0.0000000	0.0000000	0.0000000	0.0000000	0.0000000	0.0000000	0.0000000	0.0000000	0.0000000	0.0000000	0.0000000	0.0000000	0.0000000	0.0000000	0.0000000	0.0000000	0.0000000	0.0000000	0.0000000	0.0000000	0.0000000	0.0000000	0.0000000	0.0000000	0.0000000	0.0000000	0.0000000	0.0000000	0.0000000	0.0000000	0.0000000	0.0000000	0.0000000	0.0000000	0.0000000	0.0000000	1.0551117e-10	2.4181314e-08	2.6193175e-06	0.00014150600	0.0038766632	0.054602352	0.41258788	1.8140430	5.2664837	11.639342	21.580598	35.326756	52.320946	70.835084	87.817558	99.237566	101.08937	91.212672	71.144844	46.506978	24.551269	10.087383	3.1511988	0.76067324	0.15183190	0.027384108	0.0047881629	0.00084620148	0.00015445823	2.9311759e-05	5.7925221e-06	1.1072336e-06	0.0000000	0.0000000	0.0000000	0.0000000	0.0000000	0.0000000	0.0000000	0.0000000	0.0000000
12.6800	0.0000000	0.0000000	0.0000000	0.0000000	0.0000000	0.0000000	0.0000000	0.0000000	0.0000000	0.0000000	0.0000000	0.0000000	0.0000000	0.0000000	0.0000000	0.0000000	0.0000000	0.0000000	0.0000000	0.0000000	0.0000000	0.0000000	0.0000000	0.0000000	0.0000000	0.0000000	0.0000000	0.0000000	0.0000000	0.0000000	0.0000000	0.0000000	0.0000000	0.0000000	0.0000000	0.0000000	0.0000000	0.0000000	0.0000000	0.0000000	6.8430379e-10	1.0503127e-07	7.7698394e-06	0.00032732195	0.0072235013	0.084300133	0.53903618	2.1232453	6.6061022	13.198290	21.442759	31.045837	41.148505	50.550501	57.603273	60.507643	57.843746	49.346475	36.597136	22.867797	11.598582	4.6009472	1.3941913	0.32790210	0.064008478	0.011321945	0.0019451854	0.00033813065	6.0722140e-05	1.1331425e-05	2.1759485e-06	3.9175981e-07	0.0000000	0.0000000	0.0000000	0.0000000	0.0000000	0.0000000	0.0000000	0.0000000	0.0000000
11.0230	0.0000000	0.0000000	0.0000000	0.0000000	0.0000000	0.0000000	0.0000000	0.0000000	0.0000000	0.0000000	0.0000000	0.0000000	0.0000000	0.0000000	0.0000000	0.0000000	0.0000000	0.0000000	0.0000000	0.0000000	0.0000000	0.0000000	0.0000000	0.0000000	0.0000000	0.0000000	0.0000000	0.0000000	0.0000000	0.0000000	0.0000000	0.0000000	0.0000000	0.0000000	0.0000000	0.0000000	0.0000000	0.0000000	0.0000000	0.0000000	6.9416856e-11	1.5680258e-08	1.7105386e-06	9.4586483e-05	0.0026771336	0.039093876	0.29193207	1.2522630	3.5608557	7.7539075	14.271782	23.357359	34.786775	47.571172	59.755865	68.555150	71.042058	65.362114	52.114789	34.915080	18.940301	8.0122290	2.5791501	0.64142375	0.13176061	0.024412462	0.0043743893	0.00078998341	0.00014701272	2.8396633e-05	5.7039601e-06	1.1067030e-06	0.0000000	0.0000000	0.0000000	0.0000000	0.0000000	0.0000000	0.0000000	0.0000000	0.0000000
10.1150	0.0000000	0.0000000	0.0000000	0.0000000	0.0000000	0.0000000	0.0000000	0.0000000	0.0000000	0.0000000	0.0000000	0.0000000	0.0000000	0.0000000	0.0000000	0.0000000	0.0000000	0.0000000	0.0000000	0.0000000	0.0000000	0.0000000	0.0000000	0.0000000	0.0000000	0.0000000	0.0000000	0.0000000	0.0000000	0.0000000	0.0000000	0.0000000	0.0000000	0.0000000	0.0000000	0.0000000	0.0000000	0.0000000	0.0000000	0.0000000	1.1735267e-11	2.8408663e-09	3.2297441e-07	1.8222361e-05	0.00051933995	0.0075884616	0.059375558	0.26995549	0.80928373	1.8434498	3.5167669	5.9158338	8.9981568	12.513543	15.953430	18.570971	19.517481	18.189764	14.663451	9.9073491	5.4052155	2.2965625	0.74279047	0.18593888	0.038553605	0.0072347367	0.0013172360	0.00024233799	4.5987176e-05	9.0517359e-06	1.8494454e-06	3.6408788e-07	0.0000000	0.0000000	0.0000000	0.0000000	0.0000000	0.0000000	0.0000000	0.0000000	0.0000000
